5.044453700000304;0.2237;-100.0000;1036.5375 
5.108405299999504;0.6711;43.8322;1036.9574 
5.156305900000007;0.6711;73.2927;1036.9574 
5.220638099999633;0.0000;-89.2287;1036.5375 
5.284315900000365;0.2237;216.5418;1036.9574 
5.332404700000552;0.0000;221.5100;1036.9574 
5.3964094999992085;0.2237;163.1658;1036.9574 
5.461085400000229;0.0000;286.7247;1036.9574 
5.5242507999992085;0.2237;198.7637;1036.9574 
5.5727482000002055;0.0000;232.6709;1036.9574 
5.636262199999692;0.0000;365.8589;1036.9574 
5.700407399999676;0.4474;370.3540;1036.9574 
5.764510200000586;0.2237;399.7155;1036.9574 
5.812753399999565;0.0000;404.6434;1036.9574 
5.876578400000653;0.2237;305.4007;1036.9574 
5.940323000000717;0.0000;430.9954;1036.9574 
5.988490499999898;0.0000;412.1584;1036.9574 
6.052641500000391;0.4474;407.9878;1036.9574 
6.116246300000057;0.2237;417.4017;1036.9574 
6.180254900000364;0.0000;420.7460;1036.9574 
6.228650200000629;0.6711;414.7456;1036.9574 
6.292413099999976;0.4474;425.9896;1036.9574 
6.356315299999551;1.1185;429.3339;1036.9574 
6.42011470000034;0.0000;438.9951;1036.9574 
6.468447400000514;0.0000;428.2624;1036.9574 
6.53235979999954;0.4474;425.6754;1036.9574 
6.59648500000003;0.2237;433.5057;1036.9574 
6.64450129999932;0.4474;434.2629;1036.9574 
6.708500799999456;0.2237;440.2634;1036.9574 
6.772344599999997;-0.2237;445.1913;1036.9574 
6.836705100000472;0.4474;431.6067;1036.9574 
6.884311300000263;0.2237;441.8471;1036.9574 
6.948391300000367;0.2237;451.9490;1036.9574 
7.012421699999322;0.0000;350.3653;1036.9574 
7.076334100000167;0.2237;465.5427;1036.9574 
7.124502299999222;0.2237;447.7782;1036.9574 
7.1884864999992715;0.0000;456.1195;1036.9574 
7.252544599999965;0.2237;453.7383;1036.9574 
7.316196100000525;0.4474;428.8626;1036.9574 
7.364658399999826;0.0000;439.0338;1036.9574 
7.4285354999992705;0.2237;436.3777;1036.9574 
7.492573499999708;0.0000;439.7910;1036.9574 
7.556226599999718;1.1185;-67.7930;1036.5375 
7.6044731000001775;-0.2237;600.3179;1036.9574 
7.6683683000010205;0.2237;648.1784;1036.9574 
7.732342900000731;-0.8948;751.8380;1036.9574 
7.796243000000686;3.1331;567.3171;1036.9574 
7.86010030000034;1.5660;1333.0386;1036.9574 
7.908500400000776;0.2237;395.3234;1036.9574 
7.9725625999999465;-0.2237;465.0609;1036.9574 
8.036341499999253;2.0136;476.8540;1036.9574 
8.100848000000042;0.0000;529.5316;1036.9574 
8.148522800000137;0.0000;535.3447;1036.9574 
8.212496599999213;0.0000;529.5903;1036.9574 
8.276269600000887;0.0000;524.4162;1036.9574 
8.340264899999966;0.2237;524.4162;1036.9574 
8.388459899999361;0.2237;526.2460;1036.9574 
8.452378600000884;0.0000;530.4166;1036.9574 
8.51629640000101;0.0000;2762.4392;1036.9574 
8.580231600000843;-1.3422;2539.4282;1036.9574 
8.644389799999772;-4.2539;3522.2312;1036.9574 
8.708239100000355;-4.9271;4460.2759;1036.9574 
8.772148500000185;-7.6277;5914.2275;1036.9574 
8.836226299999907;-14.7001;3439.8071;1036.9574 
8.900216899999577;-11.2564;2458.7263;1036.9574 
8.964205800000855;-13.0871;-656.9544;1036.5375 
9.028432999999495;-11.7129;-311.3993;1036.5375 
9.092230700000073;-11.4846;-1534.9220;1036.5375 
9.156344600000011;-5.8258;-5431.4951;1036.5375 
9.220298399999592;-5.6010;-3300.5464;1036.5375 
9.28458320000027;-1.1185;-3471.5115;1036.5375 
9.348695399999997;1.5660;1204.5028;1036.9574 
9.412419399999635;0.4474;463.4706;1036.9574 
9.46050699999978;0.2237;487.8840;1036.9574 
9.5244447999994;0.4474;491.2283;1036.9574 
9.588528000000224;-0.2237;376.3734;1036.9574 
9.652361500000552;-0.2237;481.6836;1036.9574 
9.700521200000367;0.2237;482.0371;1036.9574 
9.76441530000011;0.4474;-8.5490;1036.5375 
9.828376800000115;0.6711;540.1812;1036.9574 
9.892249500000617;-1.1185;593.2869;1036.9574 
9.956487100000231;1.3422;-1871.2517;1036.5375 
10.020154399999228;3.3572;-2451.9688;1036.5375 
10.068438100001003;4.2539;-2390.2383;1036.5375 
10.132317300000068;6.0507;-3881.8948;1036.5375 
10.196273499999734;8.7577;-1708.6167;1036.5375 
10.260478800000783;9.8911;-779.6038;1036.5375 
10.324528700000883;10.8006;-175.2029;1036.5375 
10.388418000000456;10.8006;-13.8218;1036.5375 
10.452192299999297;11.2564;-128.5780;1036.5375 
10.516389599999457;11.2564;-1310.7423;1036.5375 
10.580222099999446;16.5584;-615.4113;1036.5375 
10.644338000000062;14.9315;-998.5844;1036.5375 
10.70860250000078;14.7001;-1998.7932;1036.5375 
10.772388299999875;16.7919;-2002.9976;1036.5375 
10.836472999999387;17.4941;-777.4441;1036.5375 
10.90031369999997;18.9069;694.0681;1036.9574 
10.965390200000911;17.4941;2086.0732;1036.9574 
11.02824689999943;13.7770;4105.0444;1036.9574 
11.092372299999624;14.4690;7460.0640;1036.9574 
11.14063730000089;2.6852;6689.5322;1036.9574 
11.20436940000036;8.0793;9116.5557;1036.9574 
11.26854959999946;-5.3763;6480.2407;1036.9574 
11.33240990000013;-2.2374;5080.3379;1036.9574 
11.396459100000357;-5.8258;4889.5186;1036.9574 
11.460279099999752;-7.4021;4877.5010;1036.9574 
11.524343700000827;-8.3053;3440.3142;1036.9574 
11.588333499999862;-10.8006;-5.6118;1036.5375 
11.652999899999486;-8.5314;-1828.9015;1036.5375 
11.716728400000648;-7.4021;-5280.2363;1036.5375 
11.780858199999784;0.6711;-3591.7263;1036.5375 
11.844542400000137;0.6711;-3033.7783;1036.5375 
11.908332200000586;4.0296;-3979.5159;1036.5375 
11.97244580000006;4.4782;-3250.3274;1036.5375 
12.036194899999828;6.5007;-1786.1705;1036.5375 
12.084465899999486;9.6641;3.2858;1036.6777 
12.148673300000155;8.5314;1085.0409;1036.9574 
12.212372199999663;7.8535;2881.4387;1036.9574 
12.276209999999992;6.0507;3380.3357;1036.9574 
12.324436900000364;8.3053;4920.5879;1036.9574 
12.38840859999982;0.0000;4588.4717;1036.9574 
12.452424600000086;-1.3422;4774.1592;1036.9574 
12.516386499999498;0.2237;1177.9728;1036.9574 
12.580505600000834;-0.4474;-1263.2286;1036.5375 
12.64440359999935;0.2237;-2456.7561;1036.5375 
12.708611199999723;2.6852;-1275.7794;1036.5375 
12.77249699999993;5.1516;-1205.9852;1036.5375 
12.836124699999345;4.2539;1835.9474;1036.9574 
12.884429600000658;2.4613;2273.0168;1036.9574 
12.948195700000724;4.7026;839.8802;1036.9574 
13.012260600000445;1.7898;-2456.4587;1036.5375 
13.076508100000865;5.1516;-2953.9426;1036.5375 
13.140100399999938;6.0507;208.5903;1036.9574 
13.188556499999322;7.1766;1023.0280;1036.9574 
13.252411499999653;3.5813;2391.0474;1036.9574 
13.316238299999895;6.0507;4798.8467;1036.9574 
13.364719200000764;0.4474;1462.4731;1036.9574 
13.428218600000037;3.3572;3590.9663;1036.9574 
13.492422400000578;-0.6711;1645.2782;1036.9574 
13.556321399999433;0.4474;1621.7679;1036.9574 
13.620233699999517;-0.6711;980.4135;1036.9574 
13.66875219999929;-0.8948;658.3707;1036.9574 
13.732391199999256;-2.0136;1062.4944;1036.9574 
13.796439600000667;-0.4474;999.5368;1036.9574 
13.860447700000805;-1.7898;876.8475;1036.9574 
13.924248200000875;-2.0136;1274.9250;1036.9574 
13.988352700000178;-3.8054;1064.1168;1036.9574 
14.036458500000663;-4.4782;799.1548;1036.9574 
14.100465900000927;-5.6010;1036.7197;1036.9574 
14.164566499999637;-5.6010;878.2974;1036.9574 
14.22835699999996;-6.5007;1311.0214;1036.9574 
14.292371699999421;-6.5007;1572.2755;1036.9574 
14.35645950000071;-7.8535;1156.8219;1036.9574 
14.420179400000052;-7.4021;903.0999;1036.9574 
14.468535399999382;-7.8535;634.9363;1036.9574 
14.532436499999676;-8.7577;654.0036;1036.9574 
14.59654000000046;-8.3053;49.8992;1036.9574 
14.660323500000231;-10.5730;100.9976;1036.9574 
14.724121700000978;-8.5314;237.9219;1036.9574 
14.772505700000693;-9.2106;-12.2982;1036.5375 
14.836307699999452;-7.8535;-660.5825;1036.5375 
14.9005044000005;-6.9512;-2086.5659;1036.5375 
14.964570399999502;-6.5007;-1539.3862;1036.5375 
15.02872860000025;-6.0507;-307.6451;1036.5375 
15.092475299999933;-3.1331;-598.9911;1036.5375 
15.156498800000918;-4.0296;1104.9377;1036.9574 
15.220375099999728;-6.2757;1028.8265;1036.9574 
15.284349499999735;-5.8258;1170.1497;1036.9574 
15.34837250000055;-4.9271;2112.9006;1036.9574 
15.412331699999413;-11.4846;1014.4077;1036.9574 
15.476481199999398;-6.2757;338.8050;1036.9574 
15.540179400000852;-6.7259;254.6624;1036.9574 
15.588672699999734;-6.7259;840.5739;1036.9574 
15.652548800000659;-7.1766;-95.0312;1036.5375 
15.716387599999507;-5.1516;-2988.1262;1036.5375 
15.780602999999246;-4.0296;-82.4258;1036.5375 
15.844374500000413;-3.1331;-140.2185;1036.5375 
15.908301299999948;-4.0296;1360.2529;1036.9574 
15.972396900000604;-3.8054;1487.8656;1036.9574 
16.036423900000955;-4.0296;-846.1935;1036.5375 
16.10012959999949;-4.9271;-254.1618;1036.5375 
16.148660299999392;-4.2539;894.0626;1036.9574 
16.212410800000725;-4.7026;1434.2367;1036.9574 
16.276902300000074;-6.0507;670.1232;1036.9574 
16.340363499999512;-4.4782;547.8905;1036.9574 
16.40423279999959;-6.5007;1707.7538;1036.9574 
16.46819890000006;-6.9512;886.0823;1036.9574 
16.51641390000077;-8.3053;-585.3300;1036.5375 
16.580325700000685;-7.1766;521.9642;1036.9574 
16.64467230000082;-6.2757;1168.8376;1036.9574 
16.708311300000787;-6.5007;611.2338;1036.9574 
16.772367499999746;-8.7577;426.9935;1036.9574 
16.83628200000021;-7.8535;1009.4255;1036.9574 
16.900202000000718;-7.1766;796.7235;1036.9574 
16.948499199999787;-8.7577;44.8213;1036.9574 
17.012484299999414;-9.4373;955.0237;1036.9574 
17.07655650000015;-7.8535;1958.2872;1036.9574 
17.140345899999375;-7.4021;365.8469;1036.9574 
17.204372399999556;-12.1702;702.6883;1036.9574 
17.268332400000872;-12.1702;2175.3201;1036.9574 
17.332525699999678;-8.9841;3883.9546;1036.9574 
17.428631200000382;-15.8595;66.3144;1036.9574 
17.49233439999989;-15.3950;482.2762;1036.9574 
17.55644140000004;-12.6282;1416.2827;1036.9574 
17.620491100000436;-10.8006;-735.5653;1036.5375 
17.684483400000317;-17.0257;530.9930;1036.9574 
17.748316299999715;-11.9414;1093.1501;1036.9574 
17.812388199999987;-10.8006;-277.3726;1036.5375 
17.876726300000882;-20.8096;142.6090;1036.9574 
17.940492600000653;-12.8576;3201.3110;1036.9574 
18.004431100000147;-12.3991;1040.0482;1036.9574 
18.068388100000448;-20.8096;-135.5371;1036.5375 
18.132390900000246;-15.6271;1769.4597;1036.9574 
18.19653400000061;-12.1702;1261.7976;1036.9574 
18.26040710000052;-17.7288;-154.6187;1036.5375 
18.324462500000664;-16.7919;2499.8936;1036.9574 
18.388641699999425;-14.4690;2261.1382;1036.9574 
18.452506400000857;-14.9315;-316.8196;1036.5375 
18.53210410000065;-19.1435;1364.2743;1036.9574 
18.580414899999596;-14.0074;2799.3823;1036.9574 
18.64451630000076;-12.6282;732.9371;1036.9574 
18.724171100000603;-20.5705;1141.8851;1036.9574 
18.788314100000207;-14.7001;2491.0083;1036.9574 
18.852206400000796;-14.0074;719.8481;1036.9574 
18.91622869999992;-21.7699;285.6435;1036.9574 
18.98018460000094;-14.7001;2506.6995;1036.9574 
19.044424499999877;-13.7770;1166.8712;1036.9574 
19.10823209999944;-21.7699;50.5108;1036.9574 
19.172307900000305;-15.8595;1734.8667;1036.9574 
19.23625170000014;-12.6282;1134.1750;1036.9574 
19.300325000000157;-22.2524;620.6531;1036.9574 
19.364451499999632;-15.8595;2553.1072;1036.9574 
19.42829139999958;-13.5468;730.1754;1036.9574 
19.492464400000244;-17.7288;664.3768;1036.9574 
19.556308700000955;-12.1702;1405.2527;1036.9574 
19.620358699999997;-21.5292;1492.0486;1036.9574 
19.68440340000052;-18.1991;2867.7791;1036.9574 
19.748375200000737;-12.3991;1030.3501;1036.9574 
19.812524500001018;-24.9377;1165.8503;1036.9574 
19.876427200000762;-16.7919;2427.3281;1036.9574 
19.940410900000643;-18.6707;400.3901;1036.9574 
20.00446109999939;-24.6912;2371.0920;1036.9574 
20.068258600000263;-10.5730;2302.3477;1036.9574 
20.14809079999941;-14.4690;-423.8028;1036.5375 
20.212382499999876;-25.6800;2393.4070;1036.9574 
20.27612880000015;-17.9638;2417.4956;1036.9574 
20.340314700000818;-19.3805;381.0466;1036.9574 
20.404262600000948;-21.0491;2124.9324;1036.9574 
20.46840820000034;-17.9638;3564.2258;1036.9574 
59.41723289999936;-8.0793;1900.0000;1036.5375 
59.48109269999986;-1.5660;-1213.4780;1036.9574 
59.545542199999545;-2.0136;-398.8595;1036.9574 
59.609150500000396;-1.7898;-6.5156;1036.7368 
59.67313370000011;-2.0136;24.2118;1036.5375 
59.721480399999564;-2.2374;389.3114;1036.5375 
59.785480200000165;-3.5813;1556.3972;1036.5375 
59.849075100000846;-3.5813;816.3663;1036.5375 
59.91306050000094;-4.0296;957.1736;1036.5375 
59.97719099999995;-4.9271;1051.9147;1036.5375 
60.04128999999921;-5.8258;399.0523;1036.5375 
60.0894644;-6.9512;1603.0681;1036.5375 
60.1533586000005;-6.5007;-596.0159;1036.9574 
60.21716010000091;-6.5007;-2861.4219;1036.9574 
60.28156730000046;-0.2237;-6419.2930;1036.9574 
60.34569940000074;0.2237;-478.7414;1036.9574 
60.40935259999969;-0.2237;-867.9758;1036.9574 
60.47315189999972;-0.4474;-512.3710;1036.9574 
60.53721890000088;-0.2237;-114.9786;1036.9574 
60.60108500000024;-1.7898;1666.2224;1036.5375 
60.6650826999994;-2.0136;-2072.9270;1036.9574 
60.72913399999925;-0.2237;-2131.1719;1036.9574 
60.79305000000022;0.0000;-1488.9807;1036.9574 
60.841098000000784;0.0000;-1312.5132;1036.9574 
60.90542529999948;0.2237;-1455.8723;1036.9574 
60.96934080000028;0.0000;-1328.6940;1036.9574 
61.033237600000575;0.0000;-1349.1146;1036.9574 
61.09726539999974;0.4474;-1451.7015;1036.9574 
61.16113749999931;-0.2237;-1310.2102;1036.9574 
61.22503379999944;-0.2237;-1314.8940;1036.9574 
61.28892420000011;0.2237;-1355.1149;1036.9574 
61.337288400000034;2.0136;-1252.4586;1036.9574 
61.401338899999246;-0.4474;-10.0008;1036.8007 
61.465205599999535;-2.2374;780.7383;1036.5375 
61.52929779999977;-3.5813;324.2663;1036.5375 
61.593300000000454;-4.7026;672.7902;1036.5375 
61.657110699999976;-6.0507;-180.0390;1036.9574 
61.720862599999236;-7.8535;712.2798;1036.5375 
61.76928070000031;-7.4021;-428.6046;1036.9574 
61.83324240000002;-8.3053;483.0810;1036.5375 
61.89741569999933;-10.5730;1200.1617;1036.5375 
61.96122040000046;-9.8911;78.6039;1036.5375 
62.02525989999958;-8.7577;-3387.1055;1036.9574 
62.089252800000395;-20.5705;-6532.8735;1036.9574 
62.15307899999971;-5.6010;-7740.6792;1036.9574 
62.21724929999982;-1.3422;-6383.7090;1036.9574 
62.281302100000175;0.6711;-948.3361;1036.9574 
62.345138799999404;0.0000;-481.4958;1036.9574 
62.409152500000346;-1.5660;-606.9329;1036.9574 
62.457173599999805;0.0000;-597.0715;1036.9574 
62.52108059999955;0.0000;-404.5995;1036.9574 
62.5852003;-0.2237;-394.9014;1036.9574 
62.649127200000294;0.2237;-510.7979;1036.9574 
62.71316359999946;-1.1185;-1215.2529;1036.9574 
62.761432200000854;-1.5660;-315.6589;1036.9574 
62.82530360000055;0.2237;-150.7873;1036.9574 
62.88924849999967;0.0000;-347.1476;1036.9574 
62.953301600000486;1.3422;-1509.8123;1036.9574 
63.0172505999999;2.2374;-3264.4314;1036.9574 
63.081009300000005;5.3763;-2422.3811;1036.9574 
63.145223100000294;4.7026;-2494.7576;1036.9574 
63.19353890000093;6.0507;-1417.4086;1036.9574 
63.257377500000075;6.0507;-1884.7446;1036.9574 
63.321118699999715;11.9414;1910.9512;1036.5375 
63.385255200000756;7.1766;5667.0498;1036.5375 
63.449096099999224;-0.8948;8371.2822;1036.5375 
63.51334189999943;-4.0296;1562.8658;1036.5375 
63.577003800000966;0.0000;415.4962;1036.5375 
63.641108100000565;-2.9091;1581.4158;1036.5375 
63.70496289999937;-4.2539;2851.5996;1036.5375 
63.753364899999724;-6.7259;2386.3308;1036.5375 
63.8172042999995;-8.0793;2415.1838;1036.5375 
63.88137260000076;-9.4373;1453.5966;1036.5375 
63.94528639999953;-10.5730;-275.5331;1036.9574 
64.00925649999954;-4.0296;-4246.2139;1036.9574 
64.08904360000088;-4.9271;-9459.9570;1036.9574 
64.15306369999962;-1.3422;-4980.1157;1036.9574 
64.20107649999954;0.0000;-1571.2122;1036.9574 
64.26510400000006;0.8948;-1485.0863;1036.9574 
64.3292636999995;1.5660;-2058.4861;1036.9574 
64.39348290000089;4.2539;-2844.2065;1036.9574 
64.45712479999929;4.7026;-1558.9960;1036.9574 
64.52115009999943;5.1516;-872.1569;1036.9574 
64.56948779999948;5.1516;1008.3322;1036.5375 
64.63338739999926;-1.3422;9465.7695;1036.5375 
64.69725690000087;0.4474;-1299.3170;1036.9574 
64.76132499999949;2.9091;-2575.3562;1036.9574 
64.82531580000068;1.3422;-536.7678;1036.9574 
64.88905370000066;0.6711;-489.2042;1036.9574 
64.9372686000006;0.2237;-350.2317;1036.9574 
65.00118060000023;0.2237;-191.7539;1036.9574 
65.06507109999984;0.2237;-488.6986;1036.9574 
65.12920979999944;0.0000;-523.6192;1036.9574 
65.17730809999921;0.2237;-525.4490;1036.9574 
65.24118479999925;0.2237;-519.4487;1036.9574 
65.30521919999956;0.0000;-616.8616;1036.9574 
65.36920049999935;-0.4474;-493.3718;1036.9574 
65.41737900000044;0.4474;-498.2615;1036.9574 
65.48111009999957;0.2237;-487.7750;1036.9574 
65.54542009999932;-0.2237;-485.9855;1036.9574 
65.60903800000051;0.0000;-513.7634;1036.9574 
65.65741100000014;0.0000;-511.9336;1036.9574 
65.7213885000001;0.0000;-616.1042;1036.9574 
65.7853484999996;0.2237;-485.0303;1036.9574 
65.84930460000032;0.2237;-470.9153;1036.9574 
65.89725290000024;0.0000;-470.9153;1036.9574 
65.96110079999926;0.2237;-468.5744;1036.9574 
66.02555050000046;0.0000;-459.9870;1036.9574 
66.08903950000058;0.2237;-459.2297;1036.9574 
66.13725220000015;0.4474;-453.2293;1036.9574 
66.20146919999934;0.6711;-544.6417;1036.9574 
66.26506250000057;0.4474;-402.3929;1036.9574 
66.32903629999964;0.0000;-376.8384;1036.9574 
66.3770970000005;0.0000;-372.7369;1036.9574 
66.44102209999983;0.2237;-472.7369;1036.9574 
66.50513210000099;0.2237;-337.2461;1036.9574 
66.55343899999934;0.2237;-320.7903;1036.9574 
66.6174202000002;0.0000;-422.3740;1036.9574 
66.68104450000101;0.0000;-293.1298;1036.9574 
66.74498339999991;0.2237;-285.0153;1036.9574 
66.80908679999993;-0.2237;-281.6019;1036.9574 
66.8572067999994;0.0000;-391.0157;1036.9574 
66.92118219999975;0.2237;-269.0403;1036.9574 
66.9850091999997;0.2237;-260.0994;1036.9574 
67.03334770000038;0.4474;-255.9288;1036.9574 
67.09827109999969;0.0000;-247.3412;1036.9574 
67.16123780000089;0.0000;-248.4138;1036.9574 
67.22516480000013;0.4474;-252.5845;1036.9574 
67.27332220000062;-0.2237;-343.1705;1036.9574 
67.337212800001;0.0000;-209.8248;1036.9574 
67.40110760000061;0.4474;-199.8804;1036.9574 
67.46498960000099;0.6711;-198.8078;1036.9574 
67.51318689999971;0.6711;-192.8071;1036.9574 
67.57711709999967;0.0000;-181.8784;1036.9574 
67.64138719999937;0.0000;-178.0231;1036.9574 
67.70504950000031;0.2237;-175.4360;1036.9574 
67.7532480000009;0.6711;-173.6062;1036.9574 
67.81735819999994;0.0000;-257.4344;1036.9574 
67.88133030000063;0.4474;-125.6723;1036.9574 
67.94500250000056;0.0000;-103.9731;1036.9574 
67.99344969999947;0.0000;-102.4586;1036.9574 
68.05715389999932;0.0000;-106.6293;1036.9574 
68.1210360999994;-0.2237;-109.2163;1036.9574 
68.169306400001;0.4474;-115.2168;1036.9574 
68.23327760000029;0.2237;-108.1437;1036.9574 
68.29714960000092;0.0000;-107.3864;1036.9574 
68.36110279999957;0.0000;-105.0456;1036.9574 
68.4091939000009;0.0000;-110.7999;1036.9574 
68.47336650000034;0.2237;-124.3154;1036.9574 
68.53720609999982;0.4474;-119.3183;1036.9574 
68.60108299999956;0.2237;-108.1438;1036.9574 
68.64941120000003;0.4474;-94.8745;1036.9574 
68.71345180000026;0.2237;-85.2836;1036.9574 
68.77736910000021;0.2237;-87.1134;1036.9574 
68.82523500000025;0.2237;-82.9427;1036.9574 
68.88919270000042;0.2237;-180.3557;1036.9574 
68.93743750000067;0.4474;-46.6947;1036.9574 
69.00118459999976;0.0000;-25.7931;1036.9574 
69.06511169999976;0.2237;-52.5676;1036.9574 
69.11352459999944;0.0000;-53.3248;1036.9574 
69.17725190000056;-0.2237;-165.0507;1036.9574 
69.2409888000002;0.0000;-79.1946;1036.9574 
69.28942470000038;0.2237;-71.2571;1036.9574 
69.35340200000064;0.0000;-62.6696;1036.9574 
69.41728700000021;0.4474;-80.1498;1036.9574 
69.46591640000042;0.0000;-106.7860;1036.9574 
69.52936039999986;0.0000;-112.0292;1036.9574 
69.59332960000029;-0.2237;-118.7869;1036.9574 
69.65689070000008;0.2237;-237.2704;1036.9574 
69.7050431000007;0.0000;-131.8293;1036.9574 
69.76918359999945;0.0000;-121.3739;1036.9574 
69.83304520000092;0.0000;-221.3739;1036.9574 
69.88135169999987;0.2237;-100.2249;1036.9574 
69.94519519999994;-0.2237;-89.7004;1036.9574 
70.00997129999996;0.2237;-109.0104;1036.9574 
70.05709650000063;0.2237;-245.5427;1036.9574 
70.12102550000054;0.4474;-138.5871;1036.9574 
70.18511439999929;0.0000;-120.3013;1036.9574 
70.24903590000031;0.0000;-121.3739;1036.9574 
70.29730039999959;-0.2237;-125.5445;1036.9574 
70.36102969999956;-0.2237;-238.3027;1036.9574 
70.42506309999953;0.2237;-118.1570;1036.9574 
70.48895430000084;0.0000;-113.1117;1036.9574 
70.5371353999999;0.0000;-137.4762;1036.9574 
70.60109600000033;0.2237;-139.0599;1036.9574 
70.66505599999982;0.2237;-139.8171;1036.9574 
70.71328910000011;0.2237;-243.9878;1036.9574 
70.77722050000011;0.4474;-217.0845;1036.9574 
70.84098099999937;0.4474;-63.5542;1036.9574 
70.90510670000003;-0.4474;-37.7536;1036.9574 
70.95320589999938;0.0000;-148.2401;1036.9574 
71.01706360000026;0.0000;-16.0936;1036.9121 
71.06511660000069;0.2237;-7.9791;1036.7637 
71.1290012999998;0.0000;-4.5656;1036.7012 
71.1773663999993;0.0000;-12.1498;1036.8398 
71.24124420000044;0.0000;-17.3239;1036.9346 
71.28934830000071;0.4474;-17.3239;1036.9346 
71.3532264000005;0.0000;-9.4935;1036.7913 
71.40113670000028;0.0000;-6.3954;1036.7346 
71.46514910000042;0.4474;-13.7045;1036.8684 
71.52902320000067;0.4474;-30.9959;1036.9574 
71.57736789999944;0.4474;-21.6511;1036.9574 
71.64106639999954;-0.2237;-10.7227;1036.8138 
71.70491679999941;0.0000;-11.0380;1036.8196 
71.7529942000001;0.4474;-13.3789;1036.8624 
71.81705859999965;0.2237;-108.1356;1036.9574 
71.86500119999982;0.0000;17.9413;1036.5375 
71.92903239999941;0.4474;-80.9481;1036.9574 
71.99300609999955;0.0000;57.9562;1036.5375 
72.04098879999947;0.4474;64.9982;1036.5375 
72.10510219999924;0.0000;64.5161;1036.5375 
72.1689239999996;0.0000;31.0127;1036.5375 
72.21723489999931;0.2237;-9.7594;1036.7961 
72.2811311000005;0.4474;-39.8090;1036.9574 
72.3293993999996;0.0000;-29.6379;1036.9574 
72.3932549000001;0.0000;-36.4647;1036.9574 
72.45706020000034;-0.2237;-145.8095;1036.9574 
72.50531330000013;0.0000;-24.9066;1036.9574 
72.56913949999944;0.2237;-15.9657;1036.9098 
72.63304760000028;0.4474;-14.1359;1036.8763 
72.6811484000009;0.2237;-3.9647;1036.6902 
72.74493419999999;0.0000;-0.6205;1036.6289 
72.79310989999976;0.2237;-6.6209;1036.7388 
72.84113980000075;0.0000;-3.2075;1036.6763 
72.90509500000007;0.0000;-2.4502;1036.6625 
72.96902629999931;0.2237;-12.3463;1036.8435 
73.01728600000024;0.4474;-43.9797;1036.9574 
73.08109890000014;0.2237;-54.6330;1036.9574 
73.1292754999995;0.0000;-89.9259;1036.9574 
73.19315370000004;0.2237;-198.5134;1036.9574 
73.25707900000089;0.2237;-61.4390;1036.9574 
73.30511979999937;0.2237;-56.4629;1036.9574 
73.36932159999924;0.2237;-81.5847;1036.9574 
73.43299389999993;-0.2237;-178.9976;1036.9574 
73.48147299999982;0.2237;-63.0630;1036.9574 
73.54524010000023;-0.2237;-83.1683;1036.9574 
73.60949450000044;-0.2237;-101.9270;1036.9574 
73.67296800000076;0.0000;-113.8588;1036.9574 
73.72123680000004;0.0000;-124.5121;1036.9574 
73.78516820000004;0.2237;-157.9751;1036.9574 
73.84911049999937;0.4474;-258.7324;1036.9574 
73.89709659999971;0.2237;-123.2415;1036.9574 
73.96145070000057;0.2237;-116.9568;1036.9574 
74.02515760000097;0.4474;-119.5439;1036.9574 
74.08894289999989;0.0000;-127.6101;1036.9574 
74.13731519999965;0.4474;-164.7328;1036.9574 
74.20122459999948;0.2237;-159.4895;1036.9574 
74.26508169999943;0.0000;-154.5616;1036.9574 
74.31409050000002;0.4474;-162.1457;1036.9574 
74.37726309999925;0.2237;-155.3188;1036.9574 
74.44114980000086;0.2237;-151.9746;1036.9574 
74.5049455999997;0.2237;-147.8039;1036.9574 
74.5533532999998;0.0000;-136.8756;1036.9574 
74.6172134999997;0.4474;-141.8727;1036.9574 
74.68099860000075;0.2237;-139.2165;1036.9574 
74.74513269999989;0.0000;-146.8008;1036.9574 
74.79316900000049;-0.2237;-153.8048;1036.9574 
74.85725470000034;0.0000;-155.6346;1036.9574 
74.92133029999968;0.0000;-157.9755;1036.9574 
74.98504099999991;0.2237;-160.5625;1036.9574 
75.03327229999923;0.0000;-262.9034;1036.9574 
75.09726729999966;0.2237;-142.0006;1036.9574 
75.16113199999927;0.0000;-128.8890;1036.9574 
75.224987900001;0.2237;-132.3024;1036.9574 
75.27328579999994;0.2237;-133.0597;1036.9574 
75.33713770000031;0.0000;-137.2304;1036.9574 
75.40102300000035;0.0000;-149.9886;1036.9574 
75.44942570000057;0.2237;-159.3333;1036.9574 
75.51320379999925;0.2237;-155.9199;1036.9574 
75.57709170000089;0.2237;-154.8877;1036.9574 
75.64098759999979;0.0000;-179.0060;1036.9574 
75.68908779999947;0.0000;-185.0065;1036.9574 
75.75307410000096;0.0000;-191.7641;1036.9574 
75.81697709999935;0.0000;-198.5218;1036.9574 
75.86515470000086;0.4474;-201.1089;1036.9574 
75.92915800000083;0.2237;-189.1079;1036.9574 
75.9932559000008;0.2237;-181.5930;1036.9574 
76.05718770000021;0.0000;-174.8353;1036.9574 
76.10511059999953;0.2237;-183.9742;1036.9574 
76.16931610000029;0.2237;-211.4368;1036.9574 
76.23299869999937;0.0000;-211.4368;1036.9574 
76.29688979999992;0.2237;-213.2666;1036.9574 
76.34535289999985;0.2237;-211.4368;1036.9574 
76.40913069999988;0.2237;-211.4368;1036.9574 
76.4741285;0.2237;-203.0955;1036.9574 
76.52121699999952;0.2237;-297.9214;1036.9574 
76.58530960000098;0.0000;-160.0898;1036.9574 
76.64926200000082;0.2237;-147.0474;1036.9574 
76.71301020000101;0.0000;-145.2176;1036.9574 
76.76121539999986;0.0000;-251.2180;1036.9574 
76.8254649999999;0.2237;-120.1441;1036.9574 
76.88907140000083;0.0000;-106.0291;1036.9574 
76.95307200000025;0.0000;-117.7550;1036.9574 
77.00120539999989;0.0000;-151.2180;1036.9574 
77.06503650000013;0.2237;-157.9757;1036.9574 
77.12903349999942;0.2237;-154.5623;1036.9574 
77.17726159999984;0.2237;-147.8046;1036.9574 
77.24114980000013;0.4474;-241.0469;1036.9574 
77.30507009999928;0.0000;-102.9691;1036.9574 
77.36907640000027;0.0000;-102.6848;1036.9574 
77.41733700000077;0.4474;-112.0295;1036.9574 
77.48116250000021;-0.2237;-106.7862;1036.9574 
77.54533190000075;0.6711;-113.8592;1036.9574 
77.59357330000057;0.2237;-114.8522;1036.9574 
77.65736490000018;0.0000;-153.5587;1036.9574 
77.72112600000037;0.0000;-156.3921;1036.9574 
77.78501830000096;0.2237;-153.8050;1036.9574 
77.83330100000057;0.2237;-151.9753;1036.9574 
77.89708600000085;0.2237;-156.1460;1036.9574 
77.96120449999944;0.0000;-158.7330;1036.9574 
78.02494300000035;0.2237;-170.4589;1036.9574 
78.07324289999997;0.2237;-293.7509;1036.9574 
78.13723829999981;0.0000;-261.6735;1036.9574 
78.20101960000102;0.2237;-128.4855;1036.9574 
78.24931939999988;0.0000;-119.5445;1036.9574 
78.31309169999986;-0.2237;-221.3743;1036.9574 
78.37715019999996;0.4474;-111.9512;1036.9574 
78.4409637000008;0.0000;-122.8887;1036.9574 
78.48947520000002;0.2237;-129.7156;1036.9574 
78.55319690000033;0.2237;-124.7185;1036.9574 
78.61714480000046;-0.2237;-119.5445;1036.9574 
78.68101690000003;0.2237;-127.3747;1036.9574 
78.72917699999925;0.4474;-126.3022;1036.9574 
78.79320929999994;-0.2237;-211.9604;1036.9574 
78.85698199999933;0.0000;-88.5396;1036.9574 
78.90520710000055;0.4474;-86.3564;1036.9574 
78.96921339999972;-0.2237;-86.8385;1036.9574 
79.0330501999997;0.4474;-124.7875;1036.9574 
79.09692290000021;0.2237;-120.3015;1036.9574 
79.14556830000038;0.0000;-111.2029;1036.9574 
79.20926630000031;0.2237;-112.0293;1036.9574 
79.27298940000037;0.2237;-116.9572;1036.9574 
79.33699770000021;0.0000;-123.7150;1036.9574 
79.38513070000045;0.2237;-128.1319;1036.9574 
79.44927219999954;0.2237;-122.1314;1036.9574 
79.51314300000013;0.2237;-115.3737;1036.9574 
79.57716110000001;0.0000;-112.7867;1036.9574 
79.62536969999928;0.0000;-114.6165;1036.9574 
79.68940490000023;0.0000;-120.3419;1036.9574 
79.75314439999966;0.2237;-151.2180;1036.9574 
79.80128780000086;0.4474;-160.3168;1036.9574 
79.86523090000082;0.2237;-159.4904;1036.9574 
79.92912780000006;0.0000;-158.7332;1036.9574 
79.99307849999968;0.2237;-168.9043;1036.9574 
80.04118120000021;0.6711;-177.9740;1036.9574 
80.10515520000081;0.2237;-188.5075;1036.9574 
80.16905229999975;0.2237;-188.5767;1036.9574 
80.21744220000073;0.0000;-191.1638;1036.9574 
80.28121640000063;0.0000;-192.9935;1036.9574 
80.34500470000057;0.2237;-205.5058;1036.9574 
80.40930040000057;0.2237;-207.2665;1036.9574 
80.45828889999939;0.0000;-200.5089;1036.9574 
80.52116360000036;0.2237;-195.5810;1036.9574 
80.58514669999931;0.0000;-291.1642;1036.9574 
80.64902970000003;0.4474;-167.6743;1036.9574 
80.6972380999996;0.2237;-156.9035;1036.9574 
80.76130100000046;0.2237;-154.5627;1036.9574 
80.82546349999939;-0.2237;-147.8050;1036.9574 
80.88891270000022;0.0000;-153.0482;1036.9574 
80.93710020000071;0.2237;-157.9761;1036.9574 
81.00097350000033;0.2237;-154.5627;1036.9574 
81.06492249999974;0.0000;-157.7011;1036.9574 
81.113140200001;0.4474;-190.4069;1036.9574 
81.17713550000008;0.4474;-189.3344;1036.9574 
81.2409688000007;0.0000;-180.9930;1036.9574 
81.28934800000025;0.2237;-197.7159;1036.9574 
81.35337380000055;0.0000;-226.1820;1036.9574 
81.41719329999978;0.4474;-329.5954;1036.9574 
81.48091419999946;-0.2237;-190.6912;1036.9574 
81.52909220000038;0.2237;-289.6496;1036.9574 
81.59311929999967;-0.2237;-261.6737;1036.9574 
81.65722629999982;0.2237;-126.1448;1036.9574 
81.72105190000002;0.2237;-112.7871;1036.9574 
81.78514060000089;0.0000;-112.7871;1036.9574 
81.83317870000064;0.0000;-114.6169;1036.9574 
81.89717849999943;-0.4474;-114.6169;1036.9574 
81.96127540000089;0.4474;-134.9592;1036.9574 
82.02491120000013;0.2237;-117.1346;1036.9574 
82.07311350000055;0.4474;-110.1998;1036.9574 
82.13738759999978;0.4474;-102.6157;1036.9574 
82.20126829999936;0.2237;-193.2709;1036.9574 
82.24977330000002;0.4474;-63.0233;1036.9574 
82.31302750000032;0.0000;-43.1540;1036.9574 
82.37689950000095;-0.4474;-45.8102;1036.9574 
82.4250632000003;0.2237;-68.7395;1036.9574 
82.48909260000073;0.4474;-69.4277;1036.9574 
82.53710730000057;0.0000;-60.8401;1036.9574 
82.60117270000046;0.0000;-66.0833;1036.9574 
82.64949479999996;0.6711;-68.6703;1036.9574 
82.71295760000066;0.0000;-50.6686;1036.9574 
82.77701350000098;-0.2237;-48.3969;1036.9574 
82.82522849999987;0.0000;-58.5680;1036.9574 
82.88919270000042;0.2237;-61.9122;1036.9574 
82.95297390000087;0.2237;-64.2532;1036.9574 
83.00143989999924;0.0000;-58.4989;1036.9574 
83.06505520000064;-0.2237;-55.1547;1036.9574 
83.1132835999997;0.2237;-65.3258;1036.9574 
83.1771764999994;0.2237;-66.8402;1036.9574 
83.2409946000007;0.2237;-166.8402;1036.9574 
83.28944389999924;-0.2237;-33.1792;1036.9574 
83.35323489999973;0.2237;-32.8949;1036.9574 
83.41722380000101;0.0000;-26.0681;1036.9574 
83.46586729999945;0.0000;-22.7238;1036.9574 
83.52942860000076;0.0000;-22.7238;1036.9574 
83.5772065000001;0.2237;-126.8945;1036.9574 
83.64109500000086;0.0000;-89.8201;1036.9574 
83.705103100001;-0.2237;42.8165;1036.5375 
83.75325209999937;0.2237;13.0512;1036.5375 
83.81733340000028;0.0000;-92.6340;1036.9574 
83.88096059999953;0.0000;32.4395;1036.5375 
83.92936430000009;0.0000;37.9670;1036.5375 
83.99377409999943;0.0000;27.0386;1036.5375 
84.04155480000009;0.2237;13.5232;1036.5375 
84.1052051000006;-0.6711;10.1789;1036.5375 
84.16912220000086;0.2237;-109.6526;1036.9574 
84.21724530000029;0.0000;-80.6042;1036.9574 
84.28117779999957;0.0000;60.9251;1036.5375 
84.34501789999922;0.4474;73.2103;1036.5375 
84.39320469999984;0.2237;71.1445;1036.5375 
84.45706249999967;0.2237;42.6094;1036.5375 
84.5055214999993;0.2237;42.6094;1036.5375 
84.56994680000025;0.2237;36.8840;1036.5375 
84.6329366000009;0.2237;10.1786;1036.5375 
84.68099559999973;0.2237;10.1786;1036.5375 
84.745232700001;0.4474;10.1786;1036.5375 
84.80885660000058;0.2237;6.2830;1036.5375 
84.85706369999934;0.0000;-27.9776;1036.9574 
84.92117329999928;0.2237;-164.8541;1036.9574 
84.96928169999956;0.2237;-48.6041;1036.9574 
85.03318279999985;0.0000;-68.1984;1036.9574 
85.09709930000099;0.2237;-74.1988;1036.9574 
85.14518230000067;0.0000;-70.7854;1036.9574 
85.2089687000007;0.4474;-53.3449;1036.9574 
85.27297480000016;0.4474;-49.2329;1036.9574 
85.32093600000007;0.0000;-78.5253;1036.9574 
85.38505450000048;0.0000;-92.0810;1036.9574 
85.4489878000004;0.0000;-125.5441;1036.9574 
85.49723230000018;0.2237;-128.1311;1036.9574 
85.56112790000043;0.0000;-122.1306;1036.9574 
85.62508850000086;0.0000;-125.5441;1036.9574 
85.68890640000063;-0.2237;-132.3017;1036.9574 
85.73711759999969;0.0000;-145.0599;1036.9574 
85.8011404000008;0.2237;-152.5748;1036.9574 
85.86489570000049;0.4474;-149.1613;1036.9574 
85.91323320000083;0.4474;-136.4031;1036.9574 
85.97718700000041;0.0000;-127.0583;1036.9574 
86.04113630000029;0.0000;-136.4723;1036.9574 
86.10500719999982;-0.2237;-145.8170;1036.9574 
86.15319889999955;0.2237;-158.5751;1036.9574 
86.2169300000005;0.0000;-155.9189;1036.9574 
86.28093050000098;0.2237;-159.3324;1036.9574 
86.34485080000013;-0.2237;-265.8150;1036.9574 
86.3930777000005;0.2237;-270.8603;1036.9574 
86.45725640000092;0.6711;-130.5993;1036.9574 
86.52096999999958;0.0000;-108.8999;1036.9574 
86.56931210000039;0.0000;-213.3858;1036.9574 
86.63299270000061;-0.2237;-86.4825;1036.9574 
86.69706729999962;0.2237;-86.9554;1036.9574 
86.74553670000023;0.2237;-88.4699;1036.9574 
86.80913730000066;0.0000;-198.3660;1036.9574 
86.8730231999998;0.2237;-104.1685;1036.9574 
86.92120960000102;0.2237;-91.0569;1036.9574 
86.98512320000009;0.2237;-92.6406;1036.9574 
87.0490093999997;0.0000;-95.2277;1036.9574 
87.09713659999943;0.0000;-111.1242;1036.9574 
87.16121960000055;0.2237;-143.0036;1036.9574 
87.22489040000073;0.2237;-242.7286;1036.9574 
87.27299889999995;-0.2237;-243.0820;1036.9574 
87.33717869999964;0.0000;-138.4292;1036.9574 
87.40124649999962;-0.2237;-133.6589;1036.9574 
87.46491140000035;0.2237;-156.3131;1036.9574 
87.51302589999977;0.2237;-182.9493;1036.9574 
87.57716919999984;0.2237;-172.0210;1036.9574 
87.64108440000018;0.2237;-166.8470;1036.9574 
87.7049962000001;0.2237;-166.8470;1036.9574 
87.75315840000076;0.0000;-266.8470;1036.9574 
87.81700860000092;0.2237;-139.1864;1036.9574 
87.88110140000026;0.0000;-123.4878;1036.9574 
87.94494560000021;0.4474;-126.9012;1036.9574 
87.9930516000004;0.6711;-117.4873;1036.9574 
88.0570002000004;0.0000;-102.1418;1036.9574 
88.12084270000014;0.2237;-112.3531;1036.9574 
88.16944569999941;0.2237;-139.8157;1036.9574 
88.23313290000078;0.2237;-139.8157;1036.9574 
88.29696250000052;0.2237;-135.6451;1036.9574 
88.34533919999922;0.2237;-128.8874;1036.9574 
88.40907359999983;0.2237;-126.3004;1036.9574 
88.47302610000042;0.0000;-140.3672;1036.9574 
88.53696379999928;0.4474;-178.2471;1036.9574 
88.58534770000006;0.4474;-168.8331;1036.9574 
88.64918089999992;0.0000;-263.6591;1036.9574 
88.7129944999997;0.2237;-137.8283;1036.9574 
88.77692779999961;-0.2237;-126.3004;1036.9574 
88.82517349999944;0.2237;-138.3012;1036.9574 
88.88916280000012;-0.2237;-143.9864;1036.9574 
88.9530178999994;0.0000;-154.4037;1036.9574 
89.01684720000048;0.4474;-259.3316;1036.9574 
89.06533379999928;-0.2237;-116.2567;1036.9574 
89.1289899000003;0.4474;-208.4574;1036.9574 
89.19308590000037;0.0000;-76.0647;1036.9574 
89.24125359999925;0.0000;-74.1968;1036.9574 
89.30507349999971;0.2237;-80.9545;1036.9574 
89.36888229999931;0.2237;-81.7118;1036.9574 
89.41710889999922;0.0000;-81.7118;1036.9574 
89.48103190000074;-0.2237;-87.7122;1036.9574 
89.52905250000003;0.0000;-204.6410;1036.9574 
89.59313610000027;0.0000;-85.2527;1036.9574 
89.6569999000003;0.0000;-78.1415;1036.9574 
89.70517810000092;-0.2237;-182.3122;1036.9574 
89.76909080000041;0.4474;-61.4093;1036.9574 
89.83295940000062;0.2237;-44.6381;1036.9574 
89.88113390000035;0.0000;-39.7102;1036.9574 
89.94502060000013;0.0000;-43.1236;1036.9574 
89.99312400000053;-0.2237;-45.7106;1036.9574 
90.05701690000024;0.2237;-155.8817;1036.9574 
90.12106520000088;0.2237;-33.6313;1036.9574 
90.16919240000061;0.4474;-46.4678;1036.9574 
90.23299720000068;0.2237;-42.0510;1036.9574 
90.29709150000053;0.2237;-39.7102;1036.9574 
90.34498829999939;0.0000;-32.9525;1036.9574 
90.40905310000016;0.0000;-32.1953;1036.9574 
90.45695239999986;0.2237;-32.1953;1036.9574 
90.52116510000087;0.2237;-26.1948;1036.9574 
90.5847888999997;-0.2237;-19.4372;1036.9574 
90.63303610000003;0.2237;-28.8510;1036.9574 
90.69696470000054;0.2237;-26.1948;1036.9574 
90.74506560000009;0.2237;-23.6078;1036.9574 
90.80914090000078;0.6711;-27.7785;1036.9574 
90.87292569999954;0.2237;-28.2604;1036.9574 
90.92119210000055;0.0000;-51.8677;1036.9574 
90.98496530000011;0.4474;-51.1104;1036.9574 
91.03315599999951;0.4474;-43.2801;1036.9574 
91.09704199999942;0.2237;-132.3517;1036.9574 
91.1608242000002;0.4474;4.6536;1036.5375 
91.20916020000004;0.0000;13.0432;1036.5375 
91.27287260000048;0.0000;-17.3217;1036.9346 
91.32098120000046;0.2237;-21.4924;1036.9574 
91.3850110000003;0.0000;-122.2496;1036.9574 
91.43328359999941;0.2237;5.4109;1036.5375 
91.49695900000006;0.2237;21.1095;1036.5375 
91.56084809999993;0.0000;23.6965;1036.5375 
91.60910429999967;0.2237;17.6961;1036.5375 
91.672863400001;0.2237;16.9389;1036.5375 
91.72110740000062;0.4474;12.7681;1036.5375 
91.78499419999935;0.0000;16.1816;1036.5375 
91.84895400000096;-0.2237;10.9384;1036.5375 
91.89708160000009;0.0000;-1.8197;1036.6509 
91.96101550000094;0.0000;-13.5053;1036.8647 
92.00913989999935;0.2237;-22.8501;1036.9574 
92.0730222000002;0.2237;-15.2660;1036.8970 
92.13687369999934;0.4474;-10.0919;1036.8022 
92.1850728999998;0.0000;0.0792;1036.6161 
92.2330636000006;0.2237;5.7644;1036.5375 
92.2970824999993;0.4474;18.5225;1036.5375 
92.36102949999986;0.4474;33.8677;1036.5375 
92.40904410000076;0.2237;43.2125;1036.5375 
92.4729671999994;0.2237;-51.8596;1036.9574 
92.53686440000092;0.0000;-19.7823;1036.9574 
92.58498959999997;0.2237;111.8510;1036.5375 
92.64911519999987;0.2237;96.6736;1036.5375 
92.71290369999952;0.2237;92.5029;1036.5375 
92.76133180000033;0.0000;94.0864;1036.5375 
92.82487369999944;0.0000;94.8437;1036.5375 
92.87304399999994;0.0000;94.8437;1036.5375 
92.9369074999995;0.4474;86.5023;1036.5375 
93.00197990000015;0.2237;-6.6708;1036.7396 
93.04897259999962;0.2237;130.3344;1036.5375 
93.1131222999993;0.0000;142.6196;1036.5375 
93.1771002000005;0.2237;144.9605;1036.5375 
93.24085170000035;0.2237;149.3773;1036.5375 
93.28918259999955;-0.4474;157.7186;1036.5375 
93.35331330000008;0.2237;144.8912;1036.5375 
93.41712320000079;0.2237;146.7902;1036.5375 
93.48088880000068;-0.2237;149.3772;1036.5375 
93.52908220000063;0.0000;141.5470;1036.5375 
93.59299180000016;-0.2237;140.7897;1036.5375 
93.65690879999966;-0.2237;30.6186;1036.5375 
93.72091899999941;0.0000;146.5936;1036.5375 
93.76915510000072;0.4474;148.7769;1036.5375 
93.83305099999961;0.0000;145.6786;1036.5375 
93.89695980000033;0.2237;139.4319;1036.5375 
93.96087230000012;-0.2237;131.3656;1036.5375 
94.00897540000005;-0.4474;90.0723;1036.5375 
94.07301299999926;0.2237;70.5564;1036.5375 
94.13685540000006;0.2237;68.2847;1036.5375 
94.18522020000091;0.0000;62.5593;1036.5375 
94.24892159999945;0.2237;34.0241;1036.5375 
94.29701010000099;0.0000;35.8539;1036.5375 
94.36125399999946;0.0000;34.0241;1036.5375 
94.42482299999938;0.2237;25.6828;1036.5375 
94.47300360000008;0.2237;22.3385;1036.5375 
94.5369668000003;0.2237;18.1677;1036.5375 
94.60089329999937;-0.2237;-84.4193;1036.9574 
94.64901310000096;0.2237;-62.7592;1036.9574 
94.71286220000002;0.4474;77.5018;1036.5375 
94.76159270000062;0.4474;89.0298;1036.5375 
94.82580989999951;0.0000;89.0298;1036.5375 
94.88882139999987;-0.2237;71.3035;1036.5375 
94.93733070000053;0.4474;20.9114;1036.5375 
95.00094899999931;0.0000;24.3939;1036.5375 
95.06475959999989;-0.2237;21.7377;1036.5375 
95.11308909999934;0.4474;4.8089;1036.5375 
95.17678560000058;0.0000;6.7079;1036.5375 
95.22498430000087;0.2237;1.4647;1036.5908 
95.27294299999994;0.0000;4.8781;1036.5375 
95.33691639999961;0.2237;5.6353;1036.5375 
95.40076880000015;0.2237;-88.3642;1036.9574 
95.44919950000076;0.2237;43.7131;1036.5375 
95.51281469999958;0.2237;57.5819;1036.5375 
95.56112159999975;0.2237;60.1690;1036.5375 
95.62497059999987;0.0000;-41.3858;1036.9574 
95.68917479999982;0.0000;62.1564;1036.5375 
95.73721880000085;0.2237;61.9585;1036.5375 
95.80093149999993;0.2237;-65.5042;1036.9574 
95.86496989999978;0.0000;63.9862;1036.5375 
95.9130982000006;0.0000;67.6839;1036.5375 
95.9770838000004;0.0000;65.0969;1036.5375 
96.02514540000084;0.0000;65.0969;1036.5375 
96.08896860000095;0.0000;65.0969;1036.5375 
96.15288900000087;0.2237;60.9262;1036.5375 
96.20111050000014;0.6711;55.9983;1036.5375 
96.26507450000099;0.0000;-30.4169;1036.9574 
96.32888289999937;0.0000;101.3455;1036.5375 
96.37709519999953;0.2237;106.8731;1036.5375 
96.44111990000056;0.0000;106.1159;1036.5375 
96.50486169999931;0.2237;104.2861;1036.5375 
96.55301110000073;0.2237;10.2866;1036.5375 
96.61699389999922;0.0000;128.2971;1036.5375 
96.68087809999997;0.2237;95.9447;1036.5375 
96.72940209999979;0.2237;92.6004;1036.5375 
96.79305299999942;0.2237;96.7710;1036.5375 
96.85682369999995;0.4474;95.1873;1036.5375 
96.90506620000087;0.2237;98.6008;1036.5375 
96.9690883000003;0.0000;99.3581;1036.5375 
97.03289059999952;-0.2237;101.6989;1036.5375 
97.08102730000064;0.2237;94.1148;1036.5375 
97.1449362000003;0.2237;88.4297;1036.5375 
97.19322180000017;0.0000;90.0133;1036.5375 
97.2570969999997;-0.2237;90.7705;1036.5375 
97.32096939999974;0.0000;84.7701;1036.5375 
97.3689888000008;0.0000;84.0128;1036.5375 
97.43315649999931;0.2237;79.8422;1036.5375 
97.49676240000008;0.0000;79.0849;1036.5375 
97.5449611999993;0.4474;68.9138;1036.5375 
97.60904830000072;0.2237;75.7407;1036.5375 
97.65699230000064;0.0000;79.0849;1036.5375 
97.72104880000006;0.0000;81.4258;1036.5375 
97.78490020000027;0.2237;79.8422;1036.5375 
97.83303970000088;0.4474;74.9142;1036.5375 
97.89687430000049;0.4474;74.1570;1036.5375 
97.9450166000006;0.2237;82.4983;1036.5375 
98.00905059999968;0.2237;94.1839;1036.5375 
98.07291509999959;0.0000;99.3579;1036.5375 
98.12094160000015;0.0000;93.3575;1036.5375 
98.18503830000009;0.2237;90.7705;1036.5375 
98.23333670000102;0.4474;96.7709;1036.5375 
98.29690499999924;0.4474;105.3585;1036.5375 
98.36092669999925;-0.2237;107.9455;1036.5375 
98.42485640000086;0.0000;94.1148;1036.5375 
98.47313700000086;0.4474;86.5999;1036.5375 
98.53692559999945;0.2237;86.1178;1036.5375 
98.6008395000008;0.2237;-49.7264;1036.9574 
98.64912670000012;0.2237;54.6421;1036.5375 
98.71293820000028;0.4474;66.9273;1036.5375 
98.76170330000059;0.6711;67.2024;1036.5375 
98.82499439999992;0.2237;53.2555;1036.5375 
98.8890465000004;0.4474;-50.9554;1036.9574 
98.93731690000095;0.0000;62.0008;1036.5375 
99.00118549999934;0.2237;64.8720;1036.5375 
99.06495180000093;0.2237;65.6984;1036.5375 
99.11296480000055;0.0000;68.2854;1036.5375 
99.1768262000005;0.4474;66.4556;1036.5375 
99.2250894000008;0.2237;78.4566;1036.5375 
99.28930009999931;0.2237;85.9715;1036.5375 
99.35286509999969;0.0000;92.7292;1036.5375 
99.40103359999921;0.0000;-6.5136;1036.7368 
99.46503010000015;0.0000;113.0806;1036.5375 
99.52888469999925;0.2237;97.6571;1036.5375 
99.57739930000025;0.0000;106.2445;1036.5375 
99.64092759999949;0.4474;107.0017;1036.5375 
99.7050479999998;0.2237;123.1734;1036.5375 
99.76912719999928;0.4474;133.2753;1036.5375 
99.81704060000084;0.0000;141.8629;1036.5375 
99.8811272999992;0.0000;140.7903;1036.5375 
99.9449151000008;0.2237;140.7903;1036.5375 
100.00896210000064;-0.2237;142.6201;1036.5375 
100.05700830000023;0.4474;130.6192;1036.5375 
100.12094529999922;0.4474;135.1053;1036.5375 
100.18492100000003;0.2237;146.0337;1036.5375 
100.23304239999925;0.2237;153.5486;1036.5375 
100.29726660000051;0.2237;164.4770;1036.5375 
100.36096349999934;0.0000;173.8217;1036.5375 
100.4249034000004;0.2237;74.5789;1036.5375 
100.47317149999981;0.2237;105.8990;1036.5375 
100.53692790000059;0.4474;249.2581;1036.5375 
100.60097230000065;-0.2237;275.8851;1036.5375 
100.66502770000079;0.0000;178.1569;1036.5375 
100.71296400000028;0.0000;309.4770;1036.5375 
100.77704240000094;0.2237;315.0045;1036.5375 
100.84101919999921;-0.2237;296.0096;1036.5375 
100.90496549999989;0.4474;257.8834;1036.5375 
100.96941689999949;-0.2237;267.5435;1036.5375 
101.01701610000055;0.0000;256.2999;1036.5375 
101.08126050000101;0.2237;257.1263;1036.5375 
101.14501860000018;0.2237;259.9883;1036.5375 
101.2089102000009;0.2237;235.8700;1036.5375 
101.25712609999937;0.0000;235.8700;1036.5375 
101.32083170000078;0.0000;234.0402;1036.5375 
101.38501170000018;0.4474;225.6989;1036.5375 
101.4488395999997;0.2237;128.0935;1036.5375 
101.49699040000087;0.2237;-33.3408;1036.9574 
410.18921260000025;1.5660;0.0000;0.0000 
410.25285110000004;0.4474;0.0000;-0.1465 
410.3009887999997;0.0000;0.0000;0.0096 
410.3488975;0.4474;0.0000;-0.0027 
410.3988162000005;0.2237;0.0000;-0.0012 
410.44497989999945;0.2237;0.0000;0.0309 
410.4930490000006;0.2237;0.0000;0.0008 
410.5412441999997;0.4474;0.0000;0.0008 
410.5890268999992;0.2237;0.0000;-0.0012 
410.63709310000013;0.4474;0.0000;0.0228 
410.6851265000005;0.0000;0.0000;-0.0012 
410.7331463999999;0.0000;0.0000;0.0054 
410.78127739999945;0.2237;0.0000;0.0027 
410.82951390000017;0.2237;0.0000;0.0008 
410.8770206999998;0.2237;0.0000;0.0035 
410.9410112000005;0.2237;0.0000;0.0008 
410.98906519999946;0.2237;0.0000;-0.0019 
411.03692559999945;0.2237;0.0000;0.0035 
411.0849072000001;0.2237;0.0000;0.0008 
411.13295800000014;0.8948;0.0000;-0.0019 
411.18115150000085;0.2237;0.0000;-0.0050 
411.22917960000086;0.4474;0.0000;0.0089 
411.27729349999936;-0.2237;0.0000;-0.0039 
411.32523299999957;0.0000;0.0000;0.0046 
411.3737497000002;0.2237;0.0000;0.0301 
411.4212504999996;0.2237;0.0000;-0.0267 
411.4692560000003;0.0000;0.0000;-0.0019 
411.5172065000006;0.4474;0.0000;0.0027 
411.580926300001;-0.2237;0.0000;-0.0039 
411.62893260000055;0.0000;0.0000;0.0046 
411.6768845000006;0.0000;0.0000;0.0000 
411.7250967;0.2237;0.0000;0.0027 
411.77311700000064;0.2237;0.0000;-0.0019 
411.8210889000002;0.2237;0.0000;0.0008 
411.8689410999996;0.2237;0.0000;0.0035 
411.91750800000045;0.4474;0.0000;-0.0046 
411.96500449999985;0.2237;0.0000;0.0015 
412.01344640000025;0.2237;0.0000;0.0008 
412.06093540000074;0.4474;0.0000;0.0255 
412.1091754000008;0.4474;0.0000;0.0042 
412.1571965000003;-0.8948;0.0000;0.0209 
412.20515239999986;0.6711;0.0000;0.0104 
412.2533010999996;0.0000;0.0000;-0.0058 
412.301214000001;2.9091;0.0000;0.0000 
412.3648384999997;0.2237;0.0000;-0.0251 
412.41283140000087;-0.2237;0.0000;0.0035 
412.4609782999996;0.0000;0.0000;0.0294 
412.5090693000002;0.2237;0.0000;0.0054 
412.55703790000007;0.2237;0.0000;-0.0240 
412.6051991000004;0.2237;0.0000;-0.0019 
412.65294730000096;0.2237;0.0000;-0.0240 
412.70105870000043;0.0000;0.0000;-0.0019 
412.74919450000016;0.0000;0.0000;-0.0220 
412.7970452999998;0.2237;0.0000;0.0027 
412.84540990000096;0.4474;0.0000;0.0255 
412.8934193999994;0.2237;0.0000;0.0042 
412.941448900001;0.2237;0.0000;0.0008 
412.9892094000006;0.2237;0.0000;0.0228 
413.0372000999996;0.4474;0.0000;0.0008 
413.1008383999997;0.0000;0.0000;-0.0039 
413.14926770000056;0.4474;0.0000;0.0000 
413.19711070000085;0.0000;0.0000;-0.0039 
413.24487509999926;0.0000;0.0000;0.0274 
413.2929349999995;0.4474;0.0000;0.0054 
413.3411063000003;0.0000;0.0000;-0.0012 
413.38919069999974;0.4474;0.0000;0.0000 
413.436962400001;0.0000;0.0000;-0.0259 
413.4851240000007;0.0000;0.0000;0.0000 
413.53319829999964;0.2237;0.0000;0.0000 
413.5810404999993;0.6711;0.0000;-0.0019 
413.6290611000004;0.2237;0.0000;0.0216 
413.677131800001;0.2237;0.0000;-0.0213 
413.72550319999937;0.0000;0.0000;0.0008 
413.773143800001;0.0000;0.0000;0.0027 
413.82121279999956;0.0000;0.0000;0.0000 
413.8691574000004;0.2237;0.0000;0.0027 
413.9170324000006;0.0000;0.0000;0.0008 
413.96545870000045;0.0000;0.0000;0.0027 
414.0289868;0.2237;0.0000;0.0000 
414.0770014000009;0.4474;0.0000;-0.0019 
414.12502400000085;0.2237;0.0000;-0.0039 
414.17297680000047;0.4474;0.0000;-0.0019 
414.2210699999996;0.0000;0.0000;0.0236 
414.2690442999992;0.2237;0.0000;0.0000 
414.31720889999997;0.0000;0.0000;0.0282 
414.3652941;-0.2237;0.0000;0.0274 
414.4131302000005;0.0000;0.0000;0.0046 
414.46098840000013;0.0000;0.0000;0.0027 
414.50900080000065;0.2237;0.0000;0.0027 
414.5571060000002;0.2237;0.0000;0.0008 
414.6051576000009;-0.2237;0.0000;0.0008 
414.65324599999985;0.4474;0.0000;0.0046 
414.71682150000015;0.0000;0.0000;-0.0012 
414.7651105999994;0.2237;0.0000;0.0027 
414.81296029999976;0.0000;0.0000;-0.0019 
414.86084479999954;0.0000;0.0000;0.0193 
414.9090431000004;0.0000;0.0000;-0.0027 
414.9570070000009;0.2237;0.0000;0.0027 
415.0052759000009;0.2237;0.0000;0.0008 
415.05337599999984;0.2237;0.0000;0.0008 
415.1009076999999;0.2237;0.0000;0.0035 
415.1493042000002;0.0000;0.0000;0.0008 
415.19750360000035;0.2237;0.0000;0.0027 
415.24515939999947;0.2237;0.0000;0.0201 
415.2932168999996;0.2237;0.0000;-0.0019 
415.34116800000083;0.4474;0.0000;0.0062 
415.4049954000002;0.0000;0.0000;-0.0039 
415.452895800001;0.2237;0.0000;0.0027 
415.5008677000005;0.0000;0.0000;-0.0019 
415.5488213999997;0.0000;0.0000;0.0000 
415.59701889999997;0.0000;0.0000;-0.0247 
415.64482730000054;0.0000;0.0000;0.0000 
415.69312510000054;-0.2237;0.0000;0.0247 
415.74101410000003;0.2237;0.0000;-0.0008 
415.7890133000001;-0.2237;0.0000;0.0008 
415.8369354999995;0.0000;0.0000;0.0046 
415.8850934000002;0.0000;0.0000;0.0027 
415.93382700000075;0.2237;0.0000;0.0000 
415.98152370000025;0.0000;0.0000;-0.0019 
416.02902820000054;0.0000;0.0000;0.0000 
416.0929627000005;-0.4474;0.0000;-0.0027 
416.1409633000003;0.0000;0.0000;0.0039 
416.18893820000085;0.2237;0.0000;0.0027 
416.2369278999995;0.4474;0.0000;-0.0019 
416.28487479999967;0.2237;0.0000;-0.0259 
416.3330010000009;0.2237;0.0000;0.0008 
416.38091840000016;0.2237;0.0000;-0.0019 
416.42892980000033;0.0000;0.0000;0.0008 
416.47718800000075;0.0000;0.0000;0.0027 
416.52525530000094;0.2237;0.0000;-0.0247 
416.5730755000004;0.2237;0.0000;0.0035 
416.6211363000002;0.2237;0.0000;0.0035 
416.6689860000006;0.2237;0.0000;0.0228 
416.71718370000053;0.6711;0.0000;0.0035 
416.7655754999996;0.2237;0.0000;-0.0031 
416.81295259999933;0.4474;0.0000;0.0008 
416.8609950000009;0.0000;0.0000;-0.0039 
416.92493149999973;0.4474;0.0000;-0.0054 
416.9730397000003;0.2237;0.0000;-0.0039 
417.0209816000006;0.2237;0.0000;-0.0019 
417.06894900000043;0.2237;0.0000;-0.0019 
417.11690649999946;0.0000;0.0000;0.0035 
417.16520280000077;-0.2237;0.0000;0.0054 
417.21330280000075;0.0000;0.0000;0.0046 
417.26116849999926;0.2237;0.0000;0.0027 
417.30909260000044;0.2237;0.0000;-0.0240 
417.35697430000073;-0.2237;0.0000;0.0008 
417.4052952000002;0.4474;0.0000;0.0046 
417.45315370000026;0.2237;0.0000;-0.0039 
417.5168353000008;0.2237;0.0000;-0.0046 
417.5649873000002;0.4474;0.0000;-0.0267 
417.6128798999998;0.2237;0.0000;0.0209 
417.6609473999997;0.2237;0.0000;-0.0019 
417.7090313000008;0.2237;0.0000;0.0008 
417.75729090000095;0.2237;0.0000;-0.0294 
417.8050839000007;0.0000;0.0000;0.0008 
417.8531425000001;0.0000;0.0000;0.0027 
417.9009599000001;0.2237;0.0000;0.0027 
417.9492792000001;0.0000;0.0000;0.0008 
417.9970501000007;0.2237;0.0000;0.0000 
418.04492390000087;0.0000;0.0000;0.0008 
418.0930697999993;0.0000;0.0000;0.0247 
418.1412543000006;0.2237;0.0000;0.0081 
418.1889895000004;0.2237;0.0000;0.0228 
418.2529004000007;0.2237;0.0000;-0.0046 
418.30113730000085;0.4474;0.0000;-0.0019 
418.3490158000004;0.2237;0.0000;-0.0066 
418.39705259999937;0.4474;0.0000;0.0008 
418.4449291000001;0.2237;0.0000;-0.0012 
418.493265000001;0.0000;0.0000;0.0008 
418.54118709999966;0.0000;0.0000;0.0054 
418.5891038000009;0.4474;0.0000;0.0247 
418.6374065;0.2237;0.0000;-0.0066 
418.6852792999998;0.4474;0.0000;-0.0019 
418.73328290000063;0.2237;0.0000;-0.0012 
418.7812028999997;0.0000;0.0000;-0.0267 
418.8290947000005;0.0000;0.0000;0.0000 
418.87717519999933;0.2237;0.0000;0.0027 
418.94073129999924;-0.2237;0.0000;0.0008 
418.9888348000004;0.0000;0.0000;0.0019 
419.0369979999996;0.0000;0.0000;0.0027 
419.0850811;0.0000;0.0000;0.0054 
419.1329683999993;0.0000;0.0000;0.0000 
419.18119750000005;0.2237;0.0000;0.0054 
419.2288461999997;0.2237;0.0000;0.0035 
419.27696470000046;0.4474;0.0000;-0.0019 
419.3251799000009;0.0000;0.0000;0.0015 
419.3730548000003;0.0000;0.0000;0.0301 
419.4209575999994;0.2237;0.0000;-0.0247 
419.4692606000008;0.2237;0.0000;-0.0046 
419.5169910000004;0.0000;0.0000;0.0008 
419.5652289000009;0.2237;0.0000;0.0000 
419.62885950000054;0.0000;0.0000;-0.0019 
419.6768410000004;0.2237;0.0000;0.0054 
419.7251928000005;0.0000;0.0000;-0.0019 
419.7733054;0.2237;0.0000;0.0027 
419.82092100000045;0.0000;0.0000;-0.0019 
419.8689267999998;0.2237;0.0000;0.0054 
419.91687620000084;0.0000;0.0000;-0.0019 
419.9650167;0.0000;0.0000;0.0274 
420.01336420000007;-0.2237;0.0000;0.0000 
420.06124249999993;0.2237;0.0000;0.0019 
420.1091311;0.0000;0.0000;0.0008 
420.1573626999998;0.0000;0.0000;0.0027 
420.2051568000006;0.2237;0.0000;0.0027 
420.25323150000077;0.4474;0.0000;-0.0019 
420.301347300001;0.2237;0.0000;-0.0012 
420.3493345000006;0.2237;0.0000;0.0008 
420.4128208000002;0.0000;0.0000;-0.0019 
420.46081199999935;0.0000;0.0000;0.0000 
420.50927070000034;0.0000;0.0000;-0.0220 
420.55700830000023;0.0000;0.0000;0.0000 
420.6049751999999;0.2237;0.0000;0.0000 
420.6531974999998;0.0000;0.0000;-0.0240 
420.7008865000007;0.2237;0.0000;0.0027 
420.74896360000093;0.2237;0.0000;0.0008 
420.79708740000024;-0.2237;0.0000;-0.0240 
420.8452563999999;0.0000;0.0000;0.0046 
420.8930655999993;0.0000;0.0000;0.0054 
420.94123170000057;0.0000;0.0000;0.0000 
420.98915320000015;-0.2237;0.0000;0.0000 
421.0374216;0.2237;0.0000;0.0294 
421.0849531999993;0.0000;0.0000;-0.0240 
421.1488011000001;0.2237;0.0000;0.0027 
421.1976006999994;0.4474;0.0000;0.0035 
421.2448602000004;0.2237;0.0000;-0.0286 
421.2930077000001;0.2237;0.0000;-0.0046 
421.3409604999997;0.0000;0.0000;-0.0019 
421.38902039999994;0.2237;0.0000;0.0000 
421.4371150999996;0.2237;0.0000;-0.0019 
421.4851335000003;0.2237;0.0000;-0.0240 
421.53303159999996;0.2237;0.0000;0.0255 
421.58119009999973;0.6711;0.0000;-0.0019 
421.6297462000002;0.0000;0.0000;-0.0058 
421.6771057999995;0.2237;0.0000;-0.0220 
421.7252103999999;0.2237;0.0000;-0.0213 
421.7731678;0.0000;0.0000;0.0008 
421.8369765000007;0.2237;0.0000;0.0027 
421.884991500001;0.0000;0.0000;-0.0267 
421.93293210000047;0.2237;0.0000;-0.0027 
421.9812187999996;0.4474;0.0000;-0.0046 
422.0289845999996;0.0000;0.0000;0.0182 
422.07693570000083;0.0000;0.0000;-0.0220 
422.1251467000002;0.2237;0.0000;0.0054 
422.1737534999993;0.2237;0.0000;0.0008 
422.221255800001;-0.2237;0.0000;-0.0019 
422.26915949999966;0.2237;0.0000;0.0073 
422.3170609000008;0.2237;0.0000;-0.0267 
422.38094620000084;0.4474;0.0000;-0.0267 
422.42890740000075;0.0000;0.0000;-0.0039 
422.4770979999994;0.0000;0.0000;0.0000 
422.5250866000006;0.2237;0.0000;0.0000 
422.5730050000002;0.0000;0.0000;0.0008 
422.6209878000009;0.4474;0.0000;0.0027 
422.6689004;0.2237;0.0000;-0.0012 
422.7170509000007;0.2237;0.0000;0.0008 
422.76502830000027;0.0000;0.0000;0.0228 
422.81302979999964;0.0000;0.0000;0.0000 
422.8608879000003;0.4474;0.0000;0.0000 
422.9089863999998;0.4474;0.0000;-0.0039 
422.9572817999997;0.0000;0.0000;-0.0039 
423.0049804999999;-0.2237;0.0000;0.0000 
423.0531482000006;0.0000;0.0000;0.0073 
423.100960400001;0.2237;0.0000;0.0027 
423.14900970000053;0.2237;0.0000;0.0008 
423.1969752999994;0.4474;0.0000;-0.0019 
423.245237000001;0.2237;0.0000;0.0015 
423.30885859999944;0.2237;0.0000;-0.0046 
423.3569520000001;0.2237;0.0000;-0.0019 
423.4048414000008;0.4474;0.0000;0.0309 
423.45315590000064;0.0000;0.0000;-0.0012 
423.500975500001;0.0000;0.0000;0.0027 
423.54891640000096;0.2237;0.0000;0.0054 
423.5973064000009;0.2237;0.0000;0.0035 
423.6449327999999;0.2237;0.0000;-0.0019 
423.69289369999933;0.0000;0.0000;0.0008 
423.7410681000001;0.0000;0.0000;0.0027 
423.7899326000006;0.0000;0.0000;-0.0220 
423.85310539999955;-0.2237;0.0000;-0.0027 
423.9011941000008;0.2237;0.0000;-0.0008 
423.9491273000003;-0.2237;0.0000;0.0035 
423.99707149999995;-0.2237;0.0000;0.0019 
424.0450216999998;0.2237;0.0000;0.0073 
424.0930413999995;0.2237;0.0000;0.0008 
424.1410553000005;0.0000;0.0000;0.0008 
424.1891624;0.2237;0.0000;0.0054 
424.23717380000016;-0.2237;0.0000;-0.0019 
424.2850037999997;0.2237;0.0000;0.0046 
424.34884579999925;0.0000;0.0000;-0.0294 
424.3969558000008;0.2237;0.0000;0.0000 
424.4449918999999;-0.2237;0.0000;0.0008 
424.4929635999997;0.4474;0.0000;0.0046 
424.5411401000001;0.2237;0.0000;0.0263 
424.5890763999996;0.2237;0.0000;-0.0267 
424.6371034999993;0.0000;0.0000;0.0035 
424.68509339999946;0.0000;0.0000;0.0000 
424.733065800001;0.0000;0.0000;0.0027 
424.78114730000016;0.2237;0.0000;0.0247 
424.8290271999995;0.2237;0.0000;-0.0019 
424.87729580000087;0.4474;0.0000;-0.0019 
424.9251698999997;0.4474;0.0000;-0.0039 
424.97404409999945;0.2237;0.0000;-0.0012 
425.036742100001;0.2237;0.0000;-0.0213 
425.08510279999973;0.4474;0.0000;-0.0240 
425.1329287999997;0.2237;0.0000;0.0236 
425.1812073000001;0.4474;0.0000;0.0228 
425.2289481000007;0.0000;0.0000;0.0015 
425.2769623000004;0.2237;0.0000;0.0000 
425.324964200001;0.4474;0.0000;0.0062 
425.3730931000009;0.2237;0.0000;-0.0012 
425.4212781999995;0.2237;0.0000;-0.0046 
425.4692950000008;0.4474;0.0000;-0.0019 
425.5169741999998;0.0000;0.0000;0.0015 
425.56531670000004;0.2237;0.0000;0.0054 
425.6131796999998;0.2237;0.0000;0.0035 
425.67677360000016;0.2237;0.0000;-0.0019 
425.7248990999997;0.2237;0.0000;-0.0019 
425.7731022000007;0.0000;0.0000;0.0008 
425.8208761999995;0.0000;0.0000;0.0054 
425.8690021000002;0.0000;0.0000;0.0000 
425.916995900001;0.0000;0.0000;0.0000 
425.96520410000085;0.2237;0.0000;0.0000 
426.01302810000016;0.2237;0.0000;0.0282 
426.0610207999998;0.2237;0.0000;0.0008 
426.1089704999995;0.2237;0.0000;0.0035 
426.15696430000025;0.4474;0.0000;-0.0240 
426.20517409999957;0.2237;0.0000;-0.0039 
426.25328009999976;-0.2237;0.0000;0.0008 
426.3011796999999;0.2237;0.0000;0.0019 
426.34918859999925;0.2237;0.0000;-0.0019 
426.39722919999986;0.0000;0.0000;-0.0019 
426.4450594000009;0.0000;0.0000;0.0000 
426.4931082999992;0.2237;0.0000;0.0027 
426.5411270000004;0.4474;0.0000;0.0008 
426.58911850000004;0.0000;0.0000;-0.0012 
426.63711990000047;0.2237;0.0000;0.0027 
426.70113590000074;0.2237;0.0000;-0.0213 
426.7489812999993;0.0000;0.0000;0.0008 
426.79681920000075;0.0000;0.0000;0.0000 
426.8449022999994;0.4474;0.0000;0.0000 
426.89308920000076;0.4474;0.0000;-0.0039 
426.9410938000001;0.2237;0.0000;-0.0039 
426.98898589999953;0.0000;0.0000;0.0228 
427.0370378000007;0.4474;0.0000;0.0000 
427.0851232999994;0.4474;0.0000;-0.0066 
427.1331360000004;0.0000;0.0000;-0.0066 
427.18285079999987;-0.2237;0.0000;0.0027 
427.22915830000056;0.2237;0.0000;0.0019 
427.2929378000008;-0.2237;0.0000;-0.0019 
427.34083219999957;0.2237;0.0000;0.0019 
427.3888330000009;0.2237;0.0000;0.0228 
427.43685539999933;0.2237;0.0000;0.0201 
427.4848440000005;0.2237;0.0000;-0.0019 
427.53295199999957;0.2237;0.0000;0.0035 
427.5810700000002;0.0000;0.0000;-0.0019 
427.62900249999984;0.0000;0.0000;0.0000 
427.67697600000065;0.0000;0.0000;0.0027 
427.72499640000024;0.4474;0.0000;-0.0027 
427.77308959999937;0.2237;0.0000;-0.0012 
427.82124660000045;0.0000;0.0000;-0.0294 
427.88507030000073;0.2237;0.0000;-0.0220 
427.9328557000008;0.0000;0.0000;-0.0213 
427.9809390999999;0.2237;0.0000;0.0000 
428.028810400001;0.2237;0.0000;0.0008 
428.0770186999998;0.2237;0.0000;0.0008 
428.12496629999987;0.2237;0.0000;0.0035 
428.1730131000004;0.2237;0.0000;0.0008 
428.22095009999975;0.2237;0.0000;-0.0019 
428.2691374999995;-0.2237;0.0000;-0.0019 
428.31709580000097;0.2237;0.0000;0.0046 
428.36495560000003;0.2237;0.0000;0.0008 
428.41295100000025;0.0000;0.0000;-0.0019 
428.4611342999997;0.4474;0.0000;0.0000 
428.5089088000004;0.0000;0.0000;-0.0066 
428.5571319999999;0.2237;0.0000;0.0027 
428.60513170000013;-0.2237;0.0000;0.0228 
428.65296450000096;0.4474;0.0000;0.0019 
428.701032500001;0.2237;0.0000;0.0015 
428.76518749999923;0.0000;0.0000;-0.0240 
428.8130185000009;0.0000;0.0000;0.0000 
428.86091750000014;0.0000;0.0000;0.0027 
428.90887250000014;-0.2237;0.0000;0.0054 
428.95704300000034;0.2237;0.0000;0.0019 
429.0049851999993;0.0000;0.0000;0.0035 
429.0531953000009;0.2237;0.0000;0.0000 
429.1011648999993;0.2237;0.0000;0.0035 
429.14893479999955;0.2237;0.0000;-0.0019 
429.1972415;0.2237;0.0000;-0.0019 
429.2450394000007;0.2237;0.0000;0.0008 
429.2934468000003;0.4474;0.0000;0.0035 
429.34091439999975;0.4474;0.0000;-0.0012 
429.389142;0.0000;0.0000;-0.0012 
429.4371850000007;0.2237;0.0000;0.0247 
429.4852286000005;0.2237;0.0000;-0.0267 
429.54878740000095;-0.2237;0.0000;0.0008 
429.59687870000016;0.4474;0.0000;0.0046 
429.6449728000007;0.0000;0.0000;0.0015 
429.69291130000056;0.0000;0.0000;0.0000 
429.7409353999992;0.2237;0.0000;0.0027 
429.7888344999992;0.0000;0.0000;0.0008 
429.83733720000055;0.6711;0.0000;0.0274 
429.8849998000005;0.2237;0.0000;-0.0058 
429.9333678999992;0.0000;0.0000;0.0008 
429.98127170000043;0.0000;0.0000;0.0027 
430.0291405000007;0.2237;0.0000;0.0000 
430.0770219999995;0.4474;0.0000;0.0228 
430.12497020000046;0.2237;0.0000;-0.0012 
430.1737909000003;0.2237;0.0000;0.0008 
430.2212617999994;0.2237;0.0000;-0.0019 
430.2696374999996;0.0000;0.0000;0.0008 
430.31725000000006;0.0000;0.0000;0.0000 
430.3652595000003;0.2237;0.0000;0.0000 
430.42891450000025;0.0000;0.0000;-0.0073 
430.47699640000064;0.2237;0.0000;-0.0274 
430.5255895999999;0.2237;0.0000;0.0008 
430.57326009999997;0.0000;0.0000;0.0008 
430.6210241000008;0.2237;0.0000;0.0027 
430.66901320000034;0.0000;0.0000;-0.0019 
430.7170397000009;0.0000;0.0000;0.0000 
430.7650336000006;0.0000;0.0000;0.0000 
430.8131981000006;0.0000;0.0000;0.0000 
430.8609529000005;-0.2237;0.0000;0.0027 
430.90912449999996;0.2237;0.0000;0.0073 
430.9570927999994;0.0000;0.0000;0.0035 
431.0051825999999;0.0000;0.0000;0.0000 
431.05330010000034;0.2237;0.0000;-0.0027 
431.10111060000054;0.2237;0.0000;0.0255 
431.16495009999926;-0.2237;0.0000;0.0008 
431.21305349999966;0.2237;0.0000;0.0019 
431.2610144999999;0.0000;0.0000;0.0008 
431.30901520000043;0.2237;0.0000;-0.0247 
431.3570258;0.2237;0.0000;-0.0046 
431.4049028999998;0.0000;0.0000;0.0035 
431.45289290000073;0.2237;0.0000;0.0000 
431.5009484000002;0.0000;0.0000;0.0008 
431.5490114000004;0.2237;0.0000;0.0027 
431.59714390000045;-0.2237;0.0000;0.0008 
431.6450463000001;0.0000;0.0000;0.0019 
431.69308620000083;0.2237;0.0000;0.0027 
431.74106550000033;0.0000;0.0000;-0.0267 
431.78943830000026;0.2237;0.0000;0.0000 
431.8371353000002;0.0000;0.0000;0.0035 
431.88496940000005;0.2237;0.0000;0.0000 
431.9330909;0.4474;0.0000;-0.0019 
431.9813842000003;0.0000;0.0000;-0.0012 
432.0447777999998;0.2237;0.0000;0.0027 
432.09289759999956;0.2237;0.0000;-0.0019 
432.1408403000005;0.2237;0.0000;0.0035 
432.18881639999927;0.2237;0.0000;0.0008 
432.23685680000017;0.0000;0.0000;0.0008 
432.28490469999997;0.0000;0.0000;0.0027 
432.3337917000008;0.2237;0.0000;0.0054 
432.38102959999924;0.4474;0.0000;0.0008 
432.42896780000046;0.4474;0.0000;-0.0012 
432.47701120000056;0.2237;0.0000;-0.0066 
432.52505050000036;0.4474;0.0000;0.0008 
432.57331650000015;0.0000;0.0000;-0.0012 
432.6211521999994;0.0000;0.0000;0.0274 
432.66911380000056;0.2237;0.0000;0.0000 
432.7172062999998;0.4474;0.0000;0.0008 
432.7654923000009;0.4474;0.0000;-0.0012 
432.8287861000008;0.2237;0.0000;-0.0039 
432.8768619000002;-0.2237;0.0000;-0.0019 
432.92503510000097;0.0000;0.0000;0.0046 
432.9729805999996;0.0000;0.0000;0.0027 
433.0208949000007;0.0000;0.0000;0.0027 
433.0689431999999;0.0000;0.0000;-0.0193 
433.1170643000005;0.2237;0.0000;0.0027 
433.1651356000002;-0.2237;0.0000;0.0008 
433.21314130000064;0.0000;0.0000;0.0019 
433.26114340000095;0.2237;0.0000;0.0000 
433.309073800001;0.0000;0.0000;-0.0046 
433.35709979999956;0.0000;0.0000;0.0247 
433.40499420000015;0.0000;0.0000;0.0054 
433.4532037000008;0.4474;0.0000;-0.0247 
433.51693049999994;0.2237;0.0000;-0.0066 
433.5650955000001;0.0000;0.0000;-0.0019 
433.61295380000047;0.2237;0.0000;0.0027 
433.6608730000007;0.2237;0.0000;-0.0019 
433.7090210000006;0.2237;0.0000;-0.0019 
433.75694900000053;0.2237;0.0000;0.0008 
433.80484330000036;-0.2237;0.0000;-0.0213 
433.8529233999998;0.2237;0.0000;0.0046 
433.9010739000005;0.2237;0.0000;-0.0019 
433.9490740000001;0.0000;0.0000;0.0008 
433.9970310000008;0.0000;0.0000;0.0274 
434.045004900001;0.4474;0.0000;0.0054 
434.09324600000036;0.2237;0.0000;-0.0012 
434.14113820000057;0.0000;0.0000;-0.0019 
434.1889661999994;0.4474;0.0000;0.0000 
434.2371495999996;0.4474;0.0000;0.0015 
434.30075229999966;0.0000;0.0000;0.0015 
434.34889060000023;0.2237;0.0000;0.0000 
434.3968812000003;0.2237;0.0000;-0.0019 
434.4448291000008;0.2237;0.0000;-0.0019 
434.4928538999993;0.2237;0.0000;0.0008 
434.5410592999997;0.2237;0.0000;0.0255 
434.5888842000004;0.0000;0.0000;0.0228 
434.63694150000083;0.4474;0.0000;0.0000 
434.6852687999999;0.0000;0.0000;-0.0012 
434.7330469999997;-0.2237;0.0000;0.0027 
434.78105099999993;0.0000;0.0000;0.0019 
434.8290362000007;0.0000;0.0000;0.0000 
434.8769491000003;0.0000;0.0000;0.0000 
434.9251349999995;0.4474;0.0000;0.0027 
434.9729685000002;0.2237;0.0000;0.0042 
435.0209627999993;0.2237;0.0000;-0.0019 
435.0690563999997;0.6711;0.0000;0.0008 
435.11709379999957;0.0000;0.0000;-0.0031 
435.1651185999999;0.0000;0.0000;0.0000 
435.21345649999967;0.2237;0.0000;0.0247 
435.2768312999997;0.2237;0.0000;-0.0019 
435.3248762000003;0.0000;0.0000;0.0008 
435.37312829999973;0.4474;0.0000;0.0000 
435.42092199999934;0.2237;0.0000;0.0155 
435.46884730000056;0.2237;0.0000;0.0008 
435.51698080000097;0.0000;0.0000;0.0035 
435.56512549999934;0.2237;0.0000;0.0274 
435.61303709999993;-0.2237;0.0000;-0.0240 
435.66116710000097;0.0000;0.0000;0.0046 
435.7094185999995;0.6711;0.0000;0.0027 
435.7569311999996;0.2237;0.0000;-0.0031 
435.80511210000077;-0.2237;0.0000;-0.0019 
435.85311790000014;0.2237;0.0000;0.0267 
435.91685300000063;0.0000;0.0000;-0.0019 
435.9649494999994;0.0000;0.0000;0.0027 
436.0128423999995;0.0000;0.0000;0.0027 
436.0609800000002;0.4474;0.0000;0.0027 
436.1089726000009;0.2237;0.0000;-0.0232 
436.15686470000037;0.2237;0.0000;0.0228 
436.20491589999983;0.4474;0.0000;-0.0046 
436.25329149999925;0.0000;0.0000;0.0182 
436.3010340000001;0.0000;0.0000;-0.0220 
436.34915940000064;0.0000;0.0000;0.0027 
436.3974605000003;0.2237;0.0000;0.0027 
436.4452691000006;0.2237;0.0000;0.0008 
436.5087705999995;0.4474;0.0000;-0.0019 
436.5568526999996;0.4474;0.0000;-0.0012 
436.6052056999997;0.2237;0.0000;-0.0039 
436.6529172999999;0.2237;0.0000;-0.0019 
436.70104039999933;0.0000;0.0000;-0.0294 
436.7491451999995;0.2237;0.0000;0.0027 
436.7969446999996;0.4474;0.0000;-0.0019 
436.8451793000004;0.2237;0.0000;-0.0039 
436.89302680000037;0.0000;0.0000;-0.0019 
436.94123709999985;0.0000;0.0000;0.0000 
436.98915660000057;0.2237;0.0000;0.0000 
437.03696649999983;0.2237;0.0000;-0.0019 
437.0850209;0.0000;0.0000;0.0035 
437.1329929000003;0.2237;0.0000;0.0000 
437.18092009999964;0.2237;0.0000;0.0008 
437.2289510999999;0.2237;0.0000;0.0035 
437.27707050000026;0.0000;0.0000;0.0008 
437.3409028999995;0.2237;0.0000;-0.0027 
437.3888315000004;0.2237;0.0000;0.0008 
437.43680139999924;0.2237;0.0000;0.0008 
437.48500779999995;0.2237;0.0000;-0.0019 
437.5328666000005;0.0000;0.0000;0.0035 
437.5810161999998;0.2237;0.0000;0.0027 
437.6289223999993;0.2237;0.0000;-0.0240 
437.6769958999994;0.0000;0.0000;0.0008 
437.72504520000075;0.0000;0.0000;0.0027 
437.7729708000006;0.0000;0.0000;0.0000 
437.82108639999933;0.2237;0.0000;0.0054 
437.8693354999996;0.0000;0.0000;0.0008 
437.9168728000004;0.4474;0.0000;0.0027 
437.9650337999992;0.2237;0.0000;0.0236 
438.0131610999997;0.2237;0.0000;0.0255 
438.0611303000005;0.2237;0.0000;-0.0267 
438.10908390000077;0.2237;0.0000;-0.0019 
438.1568946999996;0.0000;0.0000;0.0008 
438.20515049999995;0.0000;0.0000;0.0027 
438.2689231000004;0.2237;0.0000;-0.0220 
438.31699260000096;0.0000;0.0000;0.0008 
438.3651183000002;-0.2237;0.0000;0.0247 
438.4130378000009;0.2237;0.0000;0.0019 
438.46079719999943;0.0000;0.0000;0.0008 
438.50890190000064;0.2237;0.0000;0.0274 
438.5570611000003;0.2237;0.0000;-0.0019 
438.6049077000007;0.0000;0.0000;0.0035 
438.65296920000037;0.0000;0.0000;0.0054 
438.70104530000026;0.2237;0.0000;0.0054 
438.7490312000009;0.0000;0.0000;0.0008 
438.7970846999997;0.2237;0.0000;0.0027 
438.84523609999997;0.0000;0.0000;0.0035 
438.89303950000067;0.0000;0.0000;0.0027 
438.95677609999984;-0.2237;0.0000;0.0000 
439.00495729999966;0.0000;0.0000;0.0019 
439.0532002;0.2237;0.0000;-0.0247 
439.10111700000016;0.2237;0.0000;0.0035 
439.1489290999998;0.2237;0.0000;-0.0019 
439.1972344000005;0.0000;0.0000;-0.0046 
439.24498630000016;0.0000;0.0000;0.0027 
439.29299809999975;0.0000;0.0000;0.0027 
439.34112730000015;0.2237;0.0000;0.0054 
439.3890467000001;0.2237;0.0000;-0.0019 
439.4370873000007;0.2237;0.0000;0.0255 
439.4851128999999;0.4474;0.0000;-0.0267 
439.5330035999996;0.0000;0.0000;-0.0012 
439.59683740000037;0.0000;0.0000;0.0000 
439.6448772999993;0.0000;0.0000;0.0054 
439.6927730999996;0.2237;0.0000;0.0027 
439.74096500000087;-0.2237;0.0000;-0.0046 
439.7890972999994;0.2237;0.0000;0.0046 
439.8368370999997;0.2237;0.0000;0.0008 
439.88503859999946;0.2237;0.0000;-0.0019 
439.9329407000005;0.0000;0.0000;0.0008 
439.98104220000096;0.2237;0.0000;0.0054 
440.02881250000064;0.2237;0.0000;-0.0019 
440.0771621999993;0.2237;0.0000;0.0035 
440.1250756999998;0.0000;0.0000;0.0008 
440.1734264000006;0.0000;0.0000;0.0000 
440.2211946999996;-0.2237;0.0000;0.0027 
440.26915929999996;0.2237;0.0000;-0.0201 
440.3327188000003;0.0000;0.0000;0.0008 
440.3808427999993;0.2237;0.0000;0.0000 
440.4289270999998;0.2237;0.0000;0.0062 
440.4775305000003;0.2237;0.0000;0.0228 
440.5252094999996;0.2237;0.0000;0.0008 
440.5730800000001;0.2237;0.0000;0.0035 
440.62091560000044;0.0000;0.0000;0.0035 
440.66891849999956;0.6711;0.0000;0.0000 
440.7169345000002;0.2237;0.0000;-0.0058 
440.76509609999994;0.2237;0.0000;-0.0019 
440.81316080000033;0.0000;0.0000;-0.0019 
440.8608769000002;0.2237;0.0000;0.0054 
440.9090651000006;0.2237;0.0000;0.0255 
440.9568233000009;0.0000;0.0000;-0.0267 
441.005093400001;0.2237;0.0000;0.0274 
441.05295640000077;0.0000;0.0000;0.0008 
441.1008961000007;0.2237;0.0000;0.0000 
441.14892379999947;0.2237;0.0000;0.0008 
441.21277480000026;0.0000;0.0000;-0.0019 
441.2612800000006;0.0000;0.0000;0.0054 
441.3087725000005;0.2237;0.0000;0.0000 
441.35710049999943;-0.2237;0.0000;-0.0046 
441.40491289999954;0.2237;0.0000;0.0046 
441.4530861000003;0.2237;0.0000;0.0008 
441.5008498999996;0.0000;0.0000;0.0255 
441.5488674999997;0.2237;0.0000;0.0000 
441.5969184000005;0.2237;0.0000;-0.0019 
441.6450736000006;0.2237;0.0000;0.0008 
441.6929990999997;0.4474;0.0000;-0.0019 
441.74109640000097;0.2237;0.0000;-0.0286 
441.7891001000007;0.2237;0.0000;0.0035 
441.83707499999946;0.2237;0.0000;-0.0019 
441.8861013000005;0.0000;0.0000;-0.0019 
441.9329275;0.2237;0.0000;0.0027 
441.9967952999996;-0.2237;0.0000;0.0008 
442.0448548000004;0.0000;0.0000;-0.0008 
442.0929305000009;0.4474;0.0000;0.0000 
442.1409781000002;0.0000;0.0000;0.0015 
442.1890777000008;0.2237;0.0000;0.0301 
442.23706259999926;0.2237;0.0000;-0.0019 
442.28504070000054;0.0000;0.0000;0.0255 
442.3330351000004;0.2237;0.0000;0.0054 
442.38092359999973;0.2237;0.0000;0.0008 
442.42891260000033;0.0000;0.0000;0.0008 
442.47691450000093;0.2237;0.0000;0.0000 
442.52485089999936;0.2237;0.0000;-0.0019 
442.5734752999997;0.0000;0.0000;-0.0019 
442.62097189999986;0.2237;0.0000;0.0000 
442.66908479999984;0.2237;0.0000;-0.0019 
442.7171546999998;0.2237;0.0000;0.0008 
442.7649925000005;0.2237;0.0000;0.0008 
442.8132210999993;0.0000;0.0000;0.0008 
442.87671059999957;0.2237;0.0000;-0.0220 
442.92479430000094;0.2237;0.0000;0.0008 
442.97272820000035;0.2237;0.0000;-0.0019 
443.02082320000045;0.2237;0.0000;-0.0240 
443.068836800001;0.2237;0.0000;0.0201 
443.11697020000065;0.2237;0.0000;0.0008 
443.1649840000009;0.2237;0.0000;0.0035 
443.2132505999998;0.0000;0.0000;0.0255 
443.260892100001;0.0000;0.0000;0.0054 
443.3089565999999;0.2237;0.0000;-0.0220 
443.3573388999994;-0.2237;0.0000;-0.0046 
443.4061944999994;0.4474;0.0000;-0.0201 
443.45302400000037;0.0000;0.0000;-0.0039 
443.5010703000007;0.2237;0.0000;0.0027 
443.5648321999997;0.2237;0.0000;-0.0019 
443.61305150000044;0.2237;0.0000;-0.0019 
443.66103870000006;0.2237;0.0000;-0.0294 
443.70882859999983;0.2237;0.0000;0.0008 
443.75687500000095;0.0000;0.0000;0.0035 
443.80483230000027;0.2237;0.0000;0.0054 
443.85291639999923;0.0000;0.0000;0.0035 
443.9008924999998;0.0000;0.0000;0.0054 
443.94902980000006;0.0000;0.0000;-0.0054 
443.99728909999976;-0.2237;0.0000;0.0274 
444.04484279999997;0.0000;0.0000;0.0046 
444.0929271999994;0.0000;0.0000;0.0027 
444.1412246;0.4474;0.0000;0.0054 
444.2049611000002;0.0000;0.0000;-0.0066 
444.2531521000001;0.2237;0.0000;0.0027 
444.3007768999996;0.2237;0.0000;-0.0240 
444.3488570999998;0.2237;0.0000;-0.0019 
444.3972025000003;0.2237;0.0000;0.0228 
444.44490700000097;0.2237;0.0000;0.0008 
444.4929470999996;-0.4474;0.0000;0.0228 
444.54098990000057;0.4474;0.0000;0.0066 
444.58932970000023;0.0000;0.0000;-0.0039 
444.6368022000006;0.0000;0.0000;0.0054 
444.6849884000003;0.0000;0.0000;0.0247 
444.7331398999995;0.0000;0.0000;0.0000 
444.78148429999965;-0.2237;0.0000;0.0000 
444.8290866999996;0.4474;0.0000;0.0046 
444.89268640000046;0.0000;0.0000;-0.0066 
444.9408043000003;0.2237;0.0000;-0.0247 
444.98880780000036;0.2237;0.0000;-0.0019 
445.0368732000006;0.4474;0.0000;-0.0019 
445.08483669999987;0.0000;0.0000;-0.0039 
445.132990600001;0.0000;0.0000;0.0027 
445.18094290000045;0.2237;0.0000;0.0000 
445.2288740999993;0.4474;0.0000;0.0008 
445.2770204999997;0.0000;0.0000;0.0015 
445.32491610000034;0.0000;0.0000;0.0027 
445.37296459999925;0.0000;0.0000;0.0027 
445.42126180000014;0.0000;0.0000;0.0247 
445.4691882999996;0.2237;0.0000;0.0247 
445.5170921000008;0.2237;0.0000;-0.0240 
445.56511280000086;0.2237;0.0000;-0.0240 
445.613302400001;0.2237;0.0000;-0.0019 
445.6610891;0.0000;0.0000;0.0228 
445.724782700001;0.4474;0.0000;0.0027 
445.7730496000004;0.2237;0.0000;-0.0039 
445.82077840000056;0.4474;0.0000;0.0062 
445.8688942000008;0.0000;0.0000;-0.0039 
445.9168320000008;0.4474;0.0000;0.0027 
445.9649996999997;0.0000;0.0000;-0.0012 
446.01293520000036;0.2237;0.0000;0.0000 
446.0611544000003;0.2237;0.0000;-0.0019 
446.1089417000003;0.2237;0.0000;0.0008 
446.15704430000005;0.2237;0.0000;0.0201 
446.2050526999992;0.0000;0.0000;0.0008 
446.25336740000057;0.2237;0.0000;0.0054 
446.3010998000009;0.2237;0.0000;0.0008 
446.3489104;0.4474;0.0000;-0.0019 
446.3972436999993;0.4474;0.0000;-0.0012 
446.4607070000002;0.2237;0.0000;-0.0039 
446.5088620000006;0.2237;0.0000;-0.0019 
446.55698590000065;0.0000;0.0000;-0.0019 
446.60506239999995;0.0000;0.0000;-0.0247 
446.65300770000067;0.6711;0.0000;-0.0247 
446.7008788999992;0.0000;0.0000;-0.0031 
446.7489064000001;0.0000;0.0000;-0.0027 
446.796804900001;0.2237;0.0000;0.0000 
446.8448936999994;0.0000;0.0000;0.0008 
446.8930806999997;0.2237;0.0000;0.0027 
446.94113839999955;0.6711;0.0000;-0.0046 
446.98922850000054;0.0000;0.0000;-0.0031 
447.0371305000008;0.2237;0.0000;0.0000 
447.0851485000003;0.2237;0.0000;0.0035 
447.1487340999993;0.0000;0.0000;0.0008 
447.19688400000086;0.2237;0.0000;-0.0220 
447.24497540000084;0.2237;0.0000;0.0008 
447.2930273000002;-0.2237;0.0000;0.0008 
447.3410108999997;-2.9091;0.0000;0.0343 
447.3890143000008;0.0000;0.0000;0.0085 
447.4369205999992;0.4474;0.0000;-0.0193 
447.4849591000002;-0.4474;0.0000;0.0591 
447.5331064000002;0.4474;0.0000;0.0039 
447.5812944999998;0.6711;0.0000;-0.0093 
447.6294553000007;0.0000;0.0000;-0.2703 
447.69278440000016;-1.3422;0.0000;0.1156 
447.7411111000001;-0.8948;0.0000;-0.2106 
447.7892310999996;-3.1331;0.0000;0.2088 
447.8372631000002;-2.2374;0.0000;0.2448 
447.9007053999994;-2.9091;0.0000;-0.0900 
447.9488617999996;0.8948;0.0000;0.1493 
447.9969564000003;8.5314;0.0000;0.3719 
448.04488889999993;-0.6711;0.0000;-1.2257 
448.09295460000067;0.0000;0.0000;0.0112 
448.1409497000004;-2.2374;0.0000;-0.5551 
448.18883020000067;-2.6852;0.0000;0.1435 
448.25268099999994;-3.1331;0.0000;0.2769 
448.30084200000056;-2.2374;0.0000;0.0828 
448.3489019000008;-1.3422;0.0000;0.0720 
448.3970872000009;-2.2374;0.0000;-0.3015 
448.445160700001;-6.7259;0.0000;-0.3919 
448.50881649999974;-2.9091;0.0000;0.3203 
448.5567953000009;-6.5007;0.0000;0.2958 
448.60507139999936;-4.7026;0.0000;0.0134 
448.6529449999998;-4.9271;0.0000;-0.1371 
448.7008865000007;-1.5660;0.0000;0.1950 
448.74919150000096;-0.8948;0.0000;0.3527 
448.79724420000093;-2.0136;0.0000;0.0262 
448.86074460000054;3.8054;0.0000;0.0282 
448.90884990000086;-3.1331;0.0000;-0.3378 
448.95700829999987;-2.6852;0.0000;-0.3161 
449.0049921000009;-6.2757;0.0000;0.8711 
449.0529996999994;-5.8258;0.0000;0.3825 
449.1010244000008;-0.4474;0.0000;0.2321 
449.16480070000034;-8.7577;0.0000;0.3125 
449.2129949000009;1.7898;0.0000;-1.4659 
449.2613077999995;-2.4613;0.0000;-0.6555 
449.3090472999993;-2.9091;0.0000;-0.4479 
449.3726423999997;-6.9512;0.0000;0.5873 
449.42106930000045;-0.8948;0.0000;0.8360 
449.46918619999997;4.0296;0.0000;0.2749 
449.5168857000008;-3.5813;0.0000;0.0228 
449.56504459999996;2.6852;0.0000;-0.1117 
449.6132727000004;-3.3572;0.0000;-0.4051 
449.6611439999997;-2.6852;0.0000;0.0662 
449.72479700000076;-5.6010;0.0000;0.4725 
449.77286099999947;-2.4613;0.0000;0.2364 
449.82086230000095;-0.2237;0.0000;0.1126 
449.86896180000076;-15.8595;0.0000;0.4005 
449.9172388999996;0.0000;0.0000;-1.4437 
449.9648431000005;0.8948;0.0000;0.0216 
450.0132463000009;-0.4474;0.0000;-0.0050 
450.07668120000017;-0.2237;0.0000;0.0560 
450.125020200001;0.2237;0.0000;-0.0696 
450.1729113000001;0.4474;0.0000;-0.0046 
450.2211552000008;0.2237;0.0000;-0.0587 
450.2690863000007;-1.5660;0.0000;-0.0788 
450.31752640000013;-1.5660;0.0000;0.0527 
450.3649153000006;-4.9271;0.0000;0.0383 
450.4287869;-5.8258;0.0000;-0.1927 
450.4770774000008;-4.9271;0.0000;0.0512 
450.5252237000004;-7.4021;0.0000;0.1099 
450.5731637000008;-6.0507;0.0000;-0.1405 
450.63678959999925;-4.7026;0.0000;-0.0563 
450.6850677000002;-11.0284;0.0000;0.0340 
450.7329417000001;-11.0284;0.0000;0.0335 
450.79678520000016;-11.7129;0.0000;0.0145 
450.84501459999956;-12.6282;0.0000;-0.1610 
450.8930547;-13.7770;0.0000;0.0475 
450.9568261000004;-15.1631;0.0000;-0.0994 
451.0050785000003;-15.1631;0.0000;-0.1013 
451.0533851;-17.2597;0.0000;-0.1648 
451.11700650000057;-18.9069;0.0000;-0.0541 
451.1650559000009;-18.9069;0.0000;-0.0314 
451.22909849999996;-19.3805;0.0000;-0.2160 
451.27702520000094;-18.6707;0.0000;0.3267 
451.3254713999995;-20.3318;0.0000;0.0703 
451.37309389999973;2.4613;0.0000;0.4356 
451.43672440000046;-14.9315;0.0000;-0.1312 
451.48509100000047;-13.7770;0.0000;-0.2240 
451.5339368999994;-8.0793;0.0000;0.0575 
451.58094170000004;-13.0871;0.0000;0.0904 
451.64492790000077;-4.0296;0.0000;0.1580 
451.69289150000077;-6.2757;0.0000;0.0901 
451.7408722;-0.2237;0.0000;-1.3956 
451.78902990000097;0.0000;0.0000;0.0046 
451.83708210000077;-0.4474;0.0000;0.0000 
451.8849981000003;0.0000;0.0000;0.0066 
451.9331643000005;0.4474;0.0000;0.0054 
451.980910100001;-0.2237;0.0000;-0.0259 
452.04473660000076;0.4474;0.0000;0.0046 
452.0927685000006;-0.2237;0.0000;-0.0039 
452.1408480000009;0.4474;0.0000;0.0294 
452.18884660000003;0.4474;0.0000;0.0042 
452.23688050000055;0.0000;0.0000;0.0344 
452.28487640000094;0.4474;0.0000;0.0081 
452.33291909999934;0.2237;0.0000;0.0015 
452.3809404000003;0.2237;0.0000;-0.0267 
452.42907729999934;0.2237;0.0000;-0.0019 
452.47685550000097;0.4474;0.0000;0.0255 
452.5253960000009;-0.2237;0.0000;-0.0286 
452.57323050000014;0.6711;0.0000;0.0046 
452.6367764000006;0.0000;0.0000;-0.0112 
452.68505390000064;0.0000;0.0000;0.0027 
452.73290389999966;0.0000;0.0000;0.0247 
452.7810977000008;0.2237;0.0000;0.0000 
452.8289256999997;0.0000;0.0000;-0.0046 
452.8768543999995;0.2237;0.0000;0.0027 
452.92496969999956;0.2237;0.0000;0.0035 
452.9730768999998;0.0000;0.0000;0.0255 
453.0207989999999;0.2237;0.0000;-0.0220 
453.06889389999924;-0.2237;0.0000;-0.0019 
453.11711939999986;0.0000;0.0000;0.0073 
453.1650903000009;0.4474;0.0000;0.0000 
453.21311369999967;0.0000;0.0000;-0.0039 
453.2608572000008;0.0000;0.0000;0.0247 
453.3247195999993;0.2237;0.0000;0.0000 
453.3731017000009;0.4474;0.0000;0.0008 
453.4209028999994;0.2237;0.0000;-0.0012 
453.4689421000003;0.2237;0.0000;0.0008 
453.516758400001;0.2237;0.0000;0.0008 
453.5648254000007;-0.2237;0.0000;0.0228 
453.61322239999936;0.2237;0.0000;0.0294 
453.6608261000001;0.2237;0.0000;-0.0019 
453.70901159999994;0.4474;0.0000;-0.0019 
453.75689050000074;0.2237;0.0000;-0.0039 
453.80488200000036;0.2237;0.0000;0.0008 
453.8531005999994;0.2237;0.0000;0.0035 
453.9011566999998;0.2237;0.0000;-0.0046 
453.9492568000005;0.2237;0.0000;-0.0019 
453.99716009999975;0.2237;0.0000;-0.0019 
454.0606430000007;0.2237;0.0000;-0.0213 
454.10885899999994;0.0000;0.0000;0.0008 
454.15687570000046;0.0000;0.0000;-0.0027 
454.20492790000026;0.2237;0.0000;0.0000 
454.25299710000036;0.2237;0.0000;-0.0046 
454.30105229999936;0.2237;0.0000;-0.0046 
454.3492112999993;0.2237;0.0000;-0.0046 
454.3972718999994;-0.2237;0.0000;0.0008 
454.44518980000066;0.4474;0.0000;0.0046 
454.49331019999954;0.2237;0.0000;-0.0039 
454.55670629999986;0.0000;0.0000;-0.0019 
454.60499960000016;0.2237;0.0000;0.0027 
454.6527502000008;0.0000;0.0000;0.0008 
454.7010043999999;0.4474;0.0000;0.0027 
454.7488448999993;0.2237;0.0000;-0.0259 
454.7968682999999;0.2237;0.0000;0.0008 
454.84496690000014;0.4474;0.0000;-0.0019 
454.89301069999965;0.2237;0.0000;0.0015 
454.9411259999997;0.2237;0.0000;0.0008 
454.98900390000017;0.4474;0.0000;-0.0019 
455.03689099999974;0.0000;0.0000;-0.0012 
455.08514900000046;0.2237;0.0000;0.0000 
455.1330627999996;0.2237;0.0000;-0.0019 
455.18107079999936;0.2237;0.0000;-0.0046 
455.228874800001;0.2237;0.0000;-0.0019 
455.2772590000004;0.0000;0.0000;0.0035 
455.3411765000001;0.0000;0.0000;-0.0027 
455.38875519999965;0.2237;0.0000;0.0054 
455.4369205999992;0.2237;0.0000;0.0008 
455.48535269999957;0.2237;0.0000;0.0008 
455.53279870000006;0.0000;0.0000;0.0008 
455.58100990000094;0.2237;0.0000;0.0000 
455.6289598000003;0.2237;0.0000;-0.0046 
455.6770276999996;0.0000;0.0000;0.0255 
455.7251319999996;0.0000;0.0000;0.0027 
455.7729240999997;0.0000;0.0000;0.0000 
455.8210837000006;0.4474;0.0000;-0.0027 
455.86941990000014;0.2237;0.0000;-0.0039 
455.91699119999976;0.0000;0.0000;-0.0213 
455.98074950000046;0.0000;0.0000;0.0000 
456.02875959999983;0.6711;0.0000;0.0000 
456.0769139999993;-0.2237;0.0000;-0.0058 
456.12478310000006;0.2237;0.0000;-0.0201 
456.1729912999999;0.6711;0.0000;-0.0019 
456.2210133000008;0.4474;0.0000;0.0189 
456.26889870000014;0.2237;0.0000;0.0236 
456.31721780000044;0.4474;0.0000;0.0008 
456.3649968000009;0.0000;0.0000;0.0015 
456.4129733000009;0.2237;0.0000;0.0000 
456.46095330000026;0.2237;0.0000;-0.0046 
456.5089427999992;0.2237;0.0000;0.0035 
456.55718139999954;0.2237;0.0000;-0.0240 
456.6051511000005;0.8948;0.0000;-0.0267 
456.6534193999996;-0.2237;0.0000;-0.0023 
456.7169412000003;0.0000;0.0000;0.0046 
456.7647632999997;0.0000;0.0000;0.0000 
456.81300809999993;0.0000;0.0000;0.0054 
456.8608153999994;0.2237;0.0000;0.0054 
456.90884170000027;0.2237;0.0000;0.0008 
456.95738150000034;0.0000;0.0000;0.0008 
457.0049653999995;0.0000;0.0000;0.0027 
457.05306720000044;0.2237;0.0000;-0.0247 
457.10096820000035;0.2237;0.0000;0.0035 
457.14883480000026;0.2237;0.0000;-0.0240 
457.19685969999955;-0.2237;0.0000;-0.0240 
457.2451609;-0.2237;0.0000;0.0019 
457.29294069999924;0.0000;0.0000;0.0073 
457.3410478000005;0.0000;0.0000;0.0027 
457.39101499999924;0.4474;0.0000;0.0054 
457.45270770000025;0.0000;0.0000;-0.0039 
457.50143129999924;0.2237;0.0000;0.0027 
457.5486877000003;-0.2237;0.0000;0.0008 
457.596950000001;-0.2237;0.0000;0.0073 
457.6450234999993;0.0000;0.0000;0.0019 
457.6930957000004;-0.2237;0.0000;0.0274 
457.7409626999997;0.4474;0.0000;0.0046 
457.788893500001;0.0000;0.0000;-0.0039 
457.837096700001;0.0000;0.0000;-0.0220 
457.88506229999984;0.4474;0.0000;0.0054 
457.9330205999995;0.0000;0.0000;-0.0066 
457.9808840000005;0.0000;0.0000;0.0000 
458.02894209999977;0.2237;0.0000;0.0027 
458.0926818000007;0.2237;0.0000;-0.0046 
458.14092680000067;0.0000;0.0000;-0.0019 
458.18874289999985;0.0000;0.0000;0.0054 
458.23698890000014;0.4474;0.0000;0.0000 
458.28475380000054;0.2237;0.0000;-0.0012 
458.3329503999994;0.0000;0.0000;0.0255 
458.3808857999993;0.0000;0.0000;0.0000 
458.4291140000005;0.4474;0.0000;0.0027 
458.47693029999937;0.0000;0.0000;-0.0066 
458.5248408999996;0.4474;0.0000;0.0000 
458.5730375000003;-0.2237;0.0000;-0.0066 
458.62108360000093;0.0000;0.0000;0.0046 
458.66891639999994;0.2237;0.0000;0.0247 
458.7170537000002;0.0000;0.0000;0.0035 
458.7806431000008;0.6711;0.0000;0.0274 
458.828796400001;0.0000;0.0000;-0.0058 
458.8769804000003;0.4474;0.0000;0.0247 
458.92487099999926;0.2237;0.0000;-0.0012 
458.9727497999993;0.2237;0.0000;-0.0213 
459.0212838999996;0.2237;0.0000;-0.0046 
459.06884209999953;0.0000;0.0000;0.0008 
459.11682850000034;0.2237;0.0000;0.0000 
459.1648194999998;0.0000;0.0000;0.0228 
459.2133004999996;0.2237;0.0000;0.0027 
459.2607633000007;0.2237;0.0000;0.0035 
459.3089495999993;0.2237;0.0000;-0.0240 
459.3569494000003;0.2237;0.0000;0.0008 
459.40503610000087;0.2237;0.0000;0.0008 
459.45323129999997;0.0000;0.0000;-0.0019 
459.5010115999994;0.0000;0.0000;0.0027 
459.5648908999992;0.0000;0.0000;0.0027 
459.6129094000007;0.0000;0.0000;0.0027 
459.6606960000008;0.0000;0.0000;0.0054 
459.7086882000003;0.4474;0.0000;-0.0247 
459.7567116000009;0.4474;0.0000;-0.0039 
459.8048775999996;0.6711;0.0000;-0.0012 
459.853018400001;0.0000;0.0000;-0.0058 
459.9009184000006;0.0000;0.0000;-0.0193 
459.9490065000009;0.2237;0.0000;0.0054 
459.99737930000083;0.0000;0.0000;-0.0019 
460.0448644999997;0.0000;0.0000;0.0000 
460.0928836000003;0.2237;0.0000;0.0027 
460.1407765999993;0.0000;0.0000;-0.0294 
460.18908010000087;0.4474;0.0000;0.0054 
460.2371012000003;0.2237;0.0000;-0.0012 
460.3007254000004;-0.2237;0.0000;-0.0294 
460.34880089999933;0.0000;0.0000;-0.0008 
460.3971787999999;0.0000;0.0000;0.0000 
460.4449717999996;0.0000;0.0000;0.0000 
460.4929116000003;0.2237;0.0000;0.0027 
460.54076480000003;0.2237;0.0000;0.0035 
460.5890706000009;0.0000;0.0000;0.0282 
460.6370177000008;-0.2237;0.0000;0.0274 
460.68508649999967;0.2237;0.0000;0.0019 
460.7329575999993;0.2237;0.0000;0.0255 
460.7811605000006;0.0000;0.0000;-0.0019 
460.8290952999996;0.0000;0.0000;0.0000 
460.89282210000056;0.2237;0.0000;-0.0027 
460.94077450000077;0.2237;0.0000;-0.0019 
460.9888262000004;0.0000;0.0000;-0.0267 
461.03696370000034;0.2237;0.0000;0.0000 
461.0848781000004;0.0000;0.0000;0.0035 
461.1328013000002;0.0000;0.0000;0.0027 
461.1808748000003;0.0000;0.0000;0.0027 
461.22878649999984;-0.2237;0.0000;0.0027 
461.2769924999993;-0.2237;0.0000;-0.0201 
461.32505669999955;0.2237;0.0000;-0.0228 
461.3732937999994;0.0000;0.0000;-0.0267 
461.4211775999993;0.2237;0.0000;0.0027 
461.46926410000015;0.4474;0.0000;-0.0267 
461.5170632999998;0.2237;0.0000;-0.0066 
461.5807203000004;0.0000;0.0000;0.0008 
461.6287962999995;0.2237;0.0000;0.0027 
461.67689269999937;0.2237;0.0000;-0.0019 
461.72495080000044;0.4474;0.0000;-0.0019 
461.7727152999996;0.0000;0.0000;-0.0012 
461.82089970000015;-0.2237;0.0000;-0.0027 
461.86898029999975;0.4474;0.0000;0.0073 
461.91682460000084;0.2237;0.0000;-0.0039 
461.96476190000067;0.2237;0.0000;0.0008 
462.0130896999999;0.2237;0.0000;0.0008 
462.0610830000005;0.2237;0.0000;0.0008 
462.1089933000003;0.4474;0.0000;-0.0019 
462.1568681000008;0.0000;0.0000;-0.0039 
462.2050548999996;0.2237;0.0000;0.0027 
462.25316810000004;0.0000;0.0000;0.0008 
462.30113449999953;0.2237;0.0000;0.0027 
462.3647013000009;0.0000;0.0000;-0.0019 
462.41274879999946;0.2237;0.0000;-0.0027 
462.4608141000008;0.2237;0.0000;0.0008 
462.50887689999945;0.2237;0.0000;0.0008 
462.55670049999935;0.0000;0.0000;-0.0019 
462.6048520000004;0.2237;0.0000;0.0000 
462.6529886999997;0.0000;0.0000;0.0008 
462.70089200000075;0.2237;0.0000;0.0027 
462.7488905000009;0.0000;0.0000;0.0008 
462.79678090000016;0.2237;0.0000;0.0027 
462.84492619999946;0.0000;0.0000;0.0062 
462.8935184000002;0.2237;0.0000;0.0027 
462.9408136000002;-0.6711;0.0000;0.0008 
462.98883449999994;-0.2237;0.0000;0.0085 
463.0372447000009;0.2237;0.0000;-0.0201 
463.0851488999997;0.2237;0.0000;0.0228 
463.1330264999997;-0.2237;0.0000;0.0008 
463.1968476000002;0.2237;0.0000;0.0019 
463.24474700000064;0.2237;0.0000;0.0008 
463.2927770999995;0.0000;0.0000;-0.0019 
463.3408288999999;0.4474;0.0000;-0.0247 
463.3887680000007;-0.2237;0.0000;-0.0066 
463.43693390000044;0.0000;0.0000;0.0046 
463.4848392999993;0.0000;0.0000;0.0027 
463.5328905000006;0.2237;0.0000;0.0000 
463.5811040000008;0.0000;0.0000;0.0008 
463.6288330999996;0.0000;0.0000;0.0027 
463.6769741999997;0.0000;0.0000;0.0247 
463.7250421000008;0.2237;0.0000;0.0274 
463.78874650000034;0.4474;0.0000;-0.0019 
463.8365952000004;0.0000;0.0000;0.0236 
463.8852017999998;-0.2237;0.0000;0.0274 
463.93281820000084;0.0000;0.0000;0.0073 
463.980875700001;0.0000;0.0000;0.0000 
464.028938200001;0.4474;0.0000;0.0000 
464.0770033000008;0.4474;0.0000;0.0236 
464.1247784999996;0.2237;0.0000;-0.0039 
464.1730401999994;0.6711;0.0000;-0.0019 
464.2211659000004;-0.2237;0.0000;-0.0058 
464.2690770999998;0.2237;0.0000;0.0046 
464.31709050000063;0.2237;0.0000;-0.0019 
464.3650828000009;-0.2237;0.0000;-0.0019 
464.4290763000008;-0.2237;0.0000;0.0321 
464.47684389999995;0.0000;0.0000;0.0100 
464.52484279999953;0.8948;0.0000;-0.0540 
464.5730481999999;0.0000;0.0000;-0.0077 
464.62090290000015;-2.4613;0.0000;0.0220 
464.6689681000007;4.4782;0.0000;-0.0062 
464.71723609999935;0.0000;0.0000;-0.0090 
464.7649928999999;0.0000;0.0000;0.0054 
464.82875520000016;0.2237;0.0000;0.0054 
465.69178889999966;0.4474;0.0000;-0.0282 
465.7398310999997;-0.6711;0.0000;-0.0286 
465.78795589999936;0.2237;0.0000;0.0409 
465.8361139000008;0.2237;0.0000;-0.0267 
465.88412509999944;0.0000;0.0000;0.0008 
465.9319907000008;0.2237;0.0000;0.0000 
465.97997469999973;0.0000;0.0000;-0.0127 
466.0278909000008;0.4474;0.0000;0.0027 
466.0759283999996;0.4474;0.0000;0.0339 
466.12384440000096;0.2237;0.0000;-0.0066 
466.17201829999976;-0.4474;0.0000;0.0116 
466.2357050999999;0.0000;0.0000;0.0313 
466.2838377999997;0.6711;0.0000;0.0027 
466.33176769999955;0.0000;0.0000;-0.0031 
466.3798628000004;0.0000;0.0000;0.0000 
466.4279091999997;0.2237;0.0000;0.0027 
466.47582089999923;0.2237;0.0000;0.0035 
466.52399270000024;0.4474;0.0000;-0.0019 
466.57188040000074;0.2237;0.0000;-0.0259 
466.62002140000004;-0.6711;0.0000;-0.0019 
466.66796520000025;0.2237;0.0000;0.0058 
466.71800950000033;0.4474;0.0000;0.0008 
466.7639285000005;0.0000;0.0000;-0.0012 
466.81182120000085;0.0000;0.0000;0.0027 
466.8601791000001;0.0000;0.0000;0.0000 
466.90802129999975;0.0000;0.0000;0.0027 
466.95587610000075;0.2237;0.0000;0.0027 
467.0198593999994;-0.2237;0.0000;-0.0019 
467.0679473;0.2237;0.0000;-0.0201 
467.1157029999995;-0.2237;0.0000;-0.0019 
467.1641452999993;0.0000;0.0000;0.0019 
467.21201239999937;0.4474;0.0000;-0.0220 
467.25975149999977;0.2237;0.0000;0.0015 
467.31215340000017;0.4474;0.0000;0.0008 
467.3557192999997;0.4474;0.0000;0.0015 
467.4037121000001;0.0000;0.0000;-0.0286 
467.4517582999997;0.0000;0.0000;0.0000 
467.4997997999999;0.4474;0.0000;0.0027 
467.54789789999995;0.2237;0.0000;-0.0286 
467.59614300000067;0.2237;0.0000;0.0008 
467.6438429000009;0.0000;0.0000;0.0008 
467.6920138000005;0.0000;0.0000;0.0247 
467.73996029999944;0.2237;0.0000;0.0274 
467.8046675000005;0.0000;0.0000;-0.0267 
467.8518034000008;0.2237;0.0000;0.0000 
467.9004423999995;0.2237;0.0000;0.0035 
469.68898889999946;0.2237;0.0000;-0.0019 
469.73694160000014;0.2237;0.0000;0.0008 
469.78526710000006;0.0000;0.0000;0.0008 
469.83287310000014;0.0000;0.0000;0.0027 
469.88092870000037;0.2237;0.0000;0.0000 
469.9293804000008;0.0000;0.0000;0.0008 
469.97697770000013;0.2237;0.0000;0.0274 
470.0251518999994;0.2237;0.0000;0.0008 
470.0729501000005;0.0000;0.0000;0.0008 
470.1366116999998;0.2237;0.0000;0.0027 
470.18470139999954;0.6711;0.0000;0.0008 
470.232628400001;0.2237;0.0000;-0.0004 
470.2807278;0.0000;0.0000;0.0035 
470.32870770000045;0.2237;0.0000;0.0000 
470.37672940000084;0.0000;0.0000;0.0062 
470.42560389999926;0.0000;0.0000;0.0027 
470.4727462999999;0.0000;0.0000;0.0027 
470.5208057;0.2237;0.0000;-0.0027 
470.56895280000026;0.2237;0.0000;0.0008 
470.6169606000003;0.2237;0.0000;-0.0019 
470.66480760000013;0.2237;0.0000;-0.0019 
470.71315160000086;0.2237;0.0000;0.0008 
470.76093330000003;0.0000;0.0000;0.0008 
470.808996400001;0.4474;0.0000;0.0027 
470.8570794999996;0.4474;0.0000;-0.0039 
470.92061450000074;0.2237;0.0000;-0.0039 
470.9686471999994;0.0000;0.0000;0.0008 
471.0166599999993;0.2237;0.0000;0.0000 
471.06467279999924;0.4474;0.0000;0.0008 
471.1131246999994;0.0000;0.0000;-0.0012 
471.16066169999976;0.2237;0.0000;-0.0027 
471.20875890000025;-0.8948;0.0000;0.0008 
471.2567887999994;0.0000;0.0000;0.0077 
471.304736600001;0.0000;0.0000;0.0000 
471.35277920000044;0.0000;0.0000;0.0054 
471.4010400999996;0.0000;0.0000;0.0000 
471.4489556999997;0.4474;0.0000;0.0000 
471.4968057999995;0.0000;0.0000;0.0236 
471.54498559999956;0.0000;0.0000;0.0000 
471.59287869999935;0.0000;0.0000;0.0027 
471.64091480000025;0.2237;0.0000;0.0027 
471.68940529999963;0.2237;0.0000;0.0309 
471.73713660000067;0.2237;0.0000;-0.0019 
471.784993700001;0.0000;0.0000;0.0035 
471.8486905999998;-0.2237;0.0000;0.0081 
471.8967169000007;0.0000;0.0000;0.0019 
471.94495649999953;0.2237;0.0000;0.0000 
471.99281169999995;0.0000;0.0000;-0.0046 
472.0407214000006;0.2237;0.0000;0.0027 
472.08885159999954;0.4474;0.0000;0.0008 
472.1367076000006;0.2237;0.0000;0.0015 
472.1851332999995;0.4474;0.0000;0.0008 
472.23314369999935;0.0000;0.0000;-0.0286 
472.28096539999933;0.0000;0.0000;0.0054 
472.3289199999999;0.2237;0.0000;0.0274 
472.37721109999984;0.4474;0.0000;0.0255 
472.42511000000013;0.2237;0.0000;-0.0039 
472.4730870000003;-0.2237;0.0000;0.0008 
472.52103519999946;0.2237;0.0000;0.0267 
472.5846674000004;0.0000;0.0000;0.0008 
472.63267730000007;0.2237;0.0000;0.0000 
472.6808368000002;-0.2237;0.0000;0.0035 
472.7288200999992;0.2237;0.0000;0.0046 
472.776828;-0.2237;0.0000;-0.0267 
472.82505560000027;0.6711;0.0000;-0.0228 
472.87307770000007;0.2237;0.0000;-0.0031 
472.9211209999994;0.0000;0.0000;0.0008 
472.9688962;0.0000;0.0000;0.0000 
473.0170512000004;0.2237;0.0000;0.0000 
473.0648688000001;0.2237;0.0000;0.0062 
473.1130663999993;0.2237;0.0000;-0.0240 
473.1608577999996;-0.2237;0.0000;-0.0046 
473.22458069999993;0.2237;0.0000;0.0046 
473.27286749999985;0.2237;0.0000;-0.0019 
473.3208236999999;0.0000;0.0000;0.0008 
473.3688363000001;0.4474;0.0000;0.0000 
473.41694610000013;0.0000;0.0000;-0.0039 
473.4646957999994;0.0000;0.0000;0.0000 
473.51309989999936;0.0000;0.0000;-0.0027 
473.5610407999993;0.2237;0.0000;0.0000 
473.6087523999995;0.4474;0.0000;-0.0019 
473.65702559999954;-0.2237;0.0000;-0.0039 
473.7049994000008;0.0000;0.0000;-0.0008 
473.7530325000007;0.2237;0.0000;0.0027 
473.80093280000074;0.2237;0.0000;0.0035 
473.84894879999956;0.2237;0.0000;0.0035 
473.89704730000085;0.0000;0.0000;0.0008 
473.9608267000003;0.2237;0.0000;0.0027 
474.0087877999995;0.0000;0.0000;-0.0019 
474.0568000000003;0.2237;0.0000;-0.0247 
474.10486160000073;0.0000;0.0000;0.0228 
474.15278580000086;0.2237;0.0000;0.0247 
474.2008796000009;-0.2237;0.0000;-0.0046 
474.2489253999993;0.0000;0.0000;0.0019 
474.2968254999996;0.2237;0.0000;0.0000 
474.34480540000004;0.2237;0.0000;-0.0019 
474.3930397999993;0.4474;0.0000;0.0255 
474.4407339999998;0.0000;0.0000;-0.0039 
474.4888977999999;-0.2237;0.0000;0.0000 
474.55270220000057;0.4474;0.0000;0.0019 
474.60071459999926;0.2237;0.0000;-0.0039 
474.6487376999994;0.2237;0.0000;-0.0240 
474.6966680000005;0.2237;0.0000;0.0008 
474.74480009999934;0.2237;0.0000;0.0008 
474.7932065999994;-0.2237;0.0000;0.0255 
474.8407437999995;0.0000;0.0000;0.0019 
474.88867480000044;0.2237;0.0000;0.0000 
474.9367636999996;0.4474;0.0000;0.0008 
474.9849869999998;0.0000;0.0000;-0.0039 
475.0331289000005;0.0000;0.0000;0.0054 
475.08078960000057;0.0000;0.0000;0.0027 
475.12913409999965;0.2237;0.0000;0.0000 
475.1769285999999;0.2237;0.0000;-0.0019 
475.22528430000057;0.2237;0.0000;-0.0267 
475.27287720000095;0.0000;0.0000;0.0008 
475.32101990000046;0.2237;0.0000;0.0274 
475.36905359999946;0.2237;0.0000;-0.0019 
475.416820800001;0.0000;0.0000;0.0255 
475.4648598999993;0.0000;0.0000;0.0027 
475.6195191000006;0.4474;0.0000;0.0081 
475.6270867000003;0.0000;0.0000;-0.0012 
475.6513567000002;0.2237;0.0000;-0.0220 
3.048335900000893;0.2237;0.0000;0.0008 
3.0966937000011967;0.2237;0.0000;-0.0019 
3.1453004000013607;0.2237;0.0000;-0.0019 
3.192513500000132;0.2237;0.0000;-0.0019 
3.240881300000183;0.4474;0.0000;-0.0019 
3.28857810000045;0.0000;0.0000;0.0042 
3.336589800001093;0.0000;0.0000;0.0027 
3.3845459000003757;0.4474;0.0000;0.0000 
3.432554400000299;0.2237;0.0000;-0.0039 
3.480701399999816;0.2237;0.0000;0.0008 
3.5286658000004536;0.4474;0.0000;-0.0046 
3.576641000001473;-0.2237;0.0000;0.0015 
3.640343400000347;-0.2237;0.0000;-0.0008 
3.688565700000254;0.2237;0.0000;0.0046 
3.736493899999914;0.2237;0.0000;-0.0019 
3.784700600001088;0.2237;0.0000;-0.0019 
3.8326267000011285;-0.2237;0.0000;-0.0019 
3.8809066000012535;0.0000;0.0000;0.0046 
3.928613400001268;-0.2237;0.0000;0.0000 
3.976673099999971;0.2237;0.0000;0.0100 
4.024822100000165;0.2237;0.0000;-0.0019 
4.072651399999813;0.2237;0.0000;0.0008 
4.120707600000969;0.0000;0.0000;0.0282 
4.168974400001389;0.2237;0.0000;0.0054 
4.232595400000719;0.2237;0.0000;-0.0019 
4.280530300000464;0.0000;0.0000;0.0008 
4.3284082999998645;0.2237;0.0000;0.0027 
4.376413900001353;0.2237;0.0000;0.0062 
4.424608000001172;0.4474;0.0000;-0.0019 
4.472535300001255;0.2237;0.0000;-0.0039 
4.520433800000319;0.2237;0.0000;-0.0073 
4.56861150000077;0.2237;0.0000;0.0062 
4.6166585000009945;0.2237;0.0000;0.0008 
4.664883600000394;0.2237;0.0000;-0.0019 
4.712560300000405;-0.2237;0.0000;0.0008 
4.760734700001194;0.0000;0.0000;0.0019 
4.808828200000789;0.0000;0.0000;-0.0027 
4.856833600000755;0.2237;0.0000;0.0027 
4.9053154000012;0.0000;0.0000;0.0008 
4.968468099999882;0.2237;0.0000;0.0274 
5.016482300001371;0.0000;0.0000;-0.0019 
5.064480800001547;0.2237;0.0000;0.0000 
5.112898000001223;-0.2237;0.0000;0.0255 
5.160520900000847;0.6711;0.0000;-0.0008 
5.208607900000061;0.0000;0.0000;-0.0004 
5.256620900001508;0.2237;0.0000;0.0000 
5.304592300000877;0.2237;0.0000;0.0008 
5.352746300000945;-0.2237;0.0000;0.0035 
5.400730000001204;0.4474;0.0000;0.0046 
5.44887270000072;0.2237;0.0000;-0.0039 
5.496648400001504;0.2237;0.0000;0.0035 
5.5447408;0.2237;0.0000;0.0062 
5.592576800001552;0.0000;0.0000;-0.0019 
5.656430300001375;0.2237;0.0000;0.0000 
5.704483400000754;0.2237;0.0000;-0.0019 
5.752427700001135;0.4474;0.0000;-0.0019 
5.80057029999989;0.2237;0.0000;-0.0039 
5.848637500001132;0.0000;0.0000;-0.0267 
5.896734600000855;0.0000;0.0000;0.0054 
5.9447674000002735;0.2237;0.0000;0.0301 
5.992707100000189;0.0000;0.0000;0.0008 
6.040680500000235;0.2237;0.0000;0.0000 
6.088541600000099;0.0000;0.0000;-0.0019 
6.137185200001113;0.0000;0.0000;0.0027 
6.184998800001267;0.2237;0.0000;0.0220 
6.2331939000014245;0.0000;0.0000;0.0062 
6.280743299999813;0.0000;0.0000;0.0000 
6.3288033000008;0.2237;0.0000;0.0027 
6.392295800000284;0.0000;0.0000;-0.0019 
6.440346000001227;0.2237;0.0000;0.0000 
6.488428500000737;-0.2237;0.0000;0.0008 
6.536540400000376;0.0000;0.0000;0.0100 
6.5845217000005505;0.4474;0.0000;0.0000 
6.632486500000596;0.0000;0.0000;-0.0039 
6.680510600001071;0.2237;0.0000;0.0027 
6.728571700001339;0.2237;0.0000;-0.0019 
6.776606999999785;0.0000;0.0000;-0.0046 
6.824526200000037;0.0000;0.0000;0.0027 
6.872765699999945;0.2237;0.0000;0.0247 
6.921003700001165;-0.2237;0.0000;-0.0019 
6.968812900000557;0.4474;0.0000;-0.0201 
7.032487700000274;0.2237;0.0000;-0.0039 
7.080308399999922;0.4474;0.0000;0.0255 
7.12854200000038;0.2237;0.0000;-0.0012 
7.176498400000128;0.2237;0.0000;-0.0019 
7.224410400000124;0.2237;0.0000;0.0008 
7.272411800000555;0.6711;0.0000;0.0255 
7.3205656000009185;0.0000;0.0000;-0.0031 
7.368660400001318;0.2237;0.0000;0.0027 
7.416678100000354;0.2237;0.0000;-0.0046 
7.464691300001505;0.0000;0.0000;-0.0019 
7.5129119000012;0.2237;0.0000;0.0081 
7.5604870000006485;0.4474;0.0000;0.0008 
7.608709400001317;0.0000;0.0000;-0.0259 
7.6567605000000185;0.4474;0.0000;-0.0220 
7.704707800001415;0.2237;0.0000;0.0209 
7.768565500000477;0.0000;0.0000;0.0035 
7.8164922000014485;-0.4474;0.0000;0.0000 
7.86439060000157;0.0000;0.0000;0.0039 
7.912438700001076;0.2237;0.0000;0.0000 
7.960588500000085;0.0000;0.0000;0.0062 
8.008618600000773;0.4474;0.0000;-0.0220 
8.056478100001186;0.4474;0.0000;-0.0039 
8.104594600001292;0.0000;0.0000;-0.0066 
8.152600200000961;0.0000;0.0000;0.0027 
8.200603700001011;0.2237;0.0000;0.0027 
8.248578100001396;0.0000;0.0000;0.0201 
8.296948799999882;0.0000;0.0000;0.0054 
8.344802000001437;-0.2237;0.0000;0.0054 
8.392670300001555;0.0000;0.0000;0.0046 
8.456420600001366;0.2237;0.0000;-0.0027 
8.504407300000821;0.0000;0.0000;0.0035 
8.552630500000305;0.0000;0.0000;0.0000 
8.600455700001476;0.0000;0.0000;-0.0220 
8.648751700000503;0.2237;0.0000;0.0027 
8.69666110000071;0.0000;0.0000;0.0035 
8.745104300000094;-0.2237;0.0000;0.0000 
8.792791700001544;-0.2237;0.0000;-0.0201 
8.84077680000155;0.0000;0.0000;0.0046 
8.888738600000579;0.0000;0.0000;0.0054 
8.936789800000042;0.2237;0.0000;0.0000 
8.984538800001246;0.2237;0.0000;0.0008 
9.03267969999979;0.2237;0.0000;0.0008 
9.080663100001402;0.4474;0.0000;0.0008 
9.144382899999982;-0.2237;0.0000;-0.0039 
9.192413100001431;0.0000;0.0000;0.0294 
9.240515500001493;0.0000;0.0000;0.0000 
9.288582099999985;0.2237;0.0000;0.0000 
9.336510099999941;0.2237;0.0000;-0.0019 
9.38466470000094;0.0000;0.0000;-0.0019 
9.432545600000594;0.2237;0.0000;-0.0247 
9.48060919999989;0.0000;0.0000;0.0008 
9.528527200000099;0.2237;0.0000;0.0027 
9.576561200001379;-0.2237;0.0000;0.0008 
9.624641400001565;0.2237;0.0000;0.0019 
9.672721900000397;0.6711;0.0000;0.0255 
9.720708800001375;0.4474;0.0000;-0.0085 
9.768722599999819;0.0000;0.0000;-0.0039 
9.83232930000122;0.2237;0.0000;0.0000 
9.88027570000122;0.0000;0.0000;0.0008 
9.928418299999976;0.2237;0.0000;0.0000 
9.976462000000538;0.0000;0.0000;0.0255 
10.02454410000064;-0.2237;0.0000;0.0027 
10.072468800000934;0.2237;0.0000;0.0019 
10.120453100000304;0.2237;0.0000;0.0008 
10.168758499999967;0.0000;0.0000;0.0255 
10.21653730000071;-0.2237;0.0000;-0.0247 
10.264624000001277;0.4474;0.0000;0.0294 
10.312623800000438;0.2237;0.0000;-0.0093 
10.36077540000042;0.2237;0.0000;-0.0019 
10.408685200000036;0.0000;0.0000;0.0201 
10.472335399999793;0.0000;0.0000;0.0027 
10.520432900000742;0.2237;0.0000;0.0000 
10.569120900001508;0.0000;0.0000;-0.0019 
10.61657920000107;0.2237;0.0000;-0.0220 
10.66448550000132;0.2237;0.0000;-0.0019 
10.71256590000121;0.2237;0.0000;0.0008 
10.760644300000422;0.4474;0.0000;-0.0019 
10.808479600000283;-0.2237;0.0000;-0.0066 
10.856658400000015;0.2237;0.0000;0.0046 
10.904582000001028;0.0000;0.0000;0.0255 
10.952475300000515;0.4474;0.0000;0.0000 
11.00076160000026;-0.2237;0.0000;-0.0039 
11.064357799999925;0.2237;0.0000;-0.0174 
11.112531700000545;0.2237;0.0000;0.0228 
11.160485600001266;0.0000;0.0000;-0.0019 
11.208402500000375;0.2237;0.0000;-0.0274 
11.256519700000354;0.2237;0.0000;0.0008 
11.304626200000712;0.0000;0.0000;-0.0019 
11.352633800001058;0.0000;0.0000;-0.0027 
11.400534800000969;0.2237;0.0000;0.0027 
11.44856450000043;0.2237;0.0000;0.0035 
11.496977800001332;-0.4474;0.0000;-0.0213 
11.544692999999825;0.2237;0.0000;0.0066 
11.592541600000914;0.2237;0.0000;-0.0019 
11.640801500001544;0.0000;0.0000;-0.0019 
11.688906900000802;0.2237;0.0000;0.0027 
11.752277500001583;0.0000;0.0000;-0.0019 
11.800469800000428;0.0000;0.0000;0.0027 
11.848499400000946;0.0000;0.0000;0.0000 
11.896447700000863;0.4474;0.0000;0.0000 
11.944488600000113;0.2237;0.0000;-0.0012 
11.992464900000414;0.2237;0.0000;0.0282 
12.040568500000518;-0.2237;0.0000;-0.0267 
12.088689400001385;0.0000;0.0000;-0.0008 
12.136630800001512;0.0000;0.0000;0.0328 
12.184620200001518;0.4474;0.0000;0.0000 
12.232640500000343;0.0000;0.0000;-0.1028 
12.280794600001173;-0.6711;0.0000;-0.0247 
12.344509700000344;-1.5660;0.0000;0.0224 
12.39240609999979;-0.8948;0.0000;0.0000 
12.440721900000426;-2.6852;0.0000;-0.0112 
12.488649900000382;-3.8054;0.0000;-0.0146 
12.552295000001322;-4.9271;0.0000;0.0198 
12.600596300000689;-4.0296;0.0000;-0.0613 
12.648615200001586;-5.1516;0.0000;0.0083 
12.696671900001093;-5.1516;0.0000;0.0346 
12.744741900000008;-5.1516;0.0000;-0.0451 
12.80852440000126;-6.0507;0.0000;-0.0478 
12.85649259999991;-5.6010;0.0000;0.0288 
12.904639300000781;-6.9512;0.0000;-0.0134 
12.95267480000075;-5.3763;0.0000;0.0037 
13.00073220000013;-6.2757;0.0000;-0.0374 
13.064469800001461;-6.9512;0.0000;0.0473 
13.11275790000036;-6.9512;0.0000;-0.0238 
13.160631300001114;-7.1766;0.0000;0.0010 
13.20842580000135;-6.9512;0.0000;0.0029 
13.272362800000337;-5.8258;0.0000;-0.0265 
13.320825900000273;-6.5007;0.0000;-0.0033 
13.368554700000459;-5.6010;0.0000;0.1672 
13.416561800000636;-2.9091;0.0000;0.1127 
13.464915100001235;-2.4613;0.0000;-0.1665 
13.528412800000297;-1.3422;0.0000;-0.0993 
13.576540600000953;-1.1185;0.0000;-0.0293 
13.625100900000689;0.0000;0.0000;0.0510 
13.67264460000115;0.0000;0.0000;-0.3131 
13.720702700000402;0.2237;0.0000;0.0000 
13.76864200000091;0.0000;0.0000;-0.0046 
13.817355700000917;0.2237;0.0000;-0.0247 
13.8644733000001;0.2237;0.0000;0.0255 
13.912986700001056;0.2237;0.0000;0.0008 
13.960700999999972;0.2237;0.0000;0.0008 
14.024325000000317;0.4474;0.0000;0.0008 
14.072443099999873;0.0000;0.0000;-0.0012 
14.120585000000574;0.0000;0.0000;-0.0027 
14.168537700001252;0.2237;0.0000;0.0081 
14.216661000000386;0.2237;0.0000;0.0255 
14.264613100000133;0.0000;0.0000;0.0282 
14.312793900000543;0.0000;0.0000;-0.0027 
14.360573600000862;0.0000;0.0000;0.0000 
14.408515300001454;0.2237;0.0000;0.0054 
14.456949100000202;0.0000;0.0000;-0.0019 
14.504663400000936;-0.2237;0.0000;0.0000 
14.568392099999983;0.0000;0.0000;0.0046 
14.616504200001145;0.0000;0.0000;0.0027 
14.6643466000005;0.4474;0.0000;0.0027 
14.71259050000117;0.2237;0.0000;-0.0012 
14.76039579999997;0.0000;0.0000;-0.0019 
14.808501299999989;0.2237;0.0000;0.0000 
14.856557799999791;0.0000;0.0000;0.0062 
14.904536300000473;0.2237;0.0000;0.0000 
14.952810300001147;-0.2237;0.0000;-0.0019 
15.000632799999948;0.2237;0.0000;0.0019 
15.048752000000604;0.0000;0.0000;0.0255 
15.096683499999926;0.2237;0.0000;0.0247 
15.14460710000094;0.4474;0.0000;0.0008 
15.192455899999914;0.0000;0.0000;-0.0012 
15.241219700001238;0.0000;0.0000;0.0027 
15.28882700000031;0.0000;0.0000;0.0054 
15.352453100000275;0.0000;0.0000;0.0027 
15.400374400000146;0.0000;0.0000;0.0027 
15.44844809999995;0.0000;0.0000;0.0000 
15.496448300000338;0.2237;0.0000;0.0027 
15.544371699999829;0.2237;0.0000;-0.0019 
15.592462800001158;0.2237;0.0000;0.0201 
15.64051340000151;0.0000;0.0000;-0.0046 
15.688805600000705;0.4474;0.0000;-0.0220 
15.736621300000479;0.0000;0.0000;-0.0039 
15.784618200001205;0.2237;0.0000;0.0027 
15.83300120000058;-0.4474;0.0000;0.0035 
15.880814300000566;0.6711;0.0000;0.0039 
15.928628200001185;0.0000;0.0000;-0.0004 
15.992307100001199;0.4474;0.0000;-0.0167 
16.041671700000734;0.2237;0.0000;-0.0066 
16.088509799999883;0.2237;0.0000;-0.0267 
16.136698199999955;0.2237;0.0000;-0.0019 
16.18463950000114;-0.2237;0.0000;0.0035 
16.232718500001283;0.0000;0.0000;-0.0201 
16.28082710000126;0.0000;0.0000;0.0027 
16.32870660000117;0.4474;0.0000;0.0081 
16.376875800000562;0.0000;0.0000;-0.0039 
16.424680699999954;0.2237;0.0000;-0.0027 
16.472840400001587;0.0000;0.0000;0.0008 
16.53658010000072;0.0000;0.0000;-0.0220 
16.584388700001;0.0000;0.0000;-0.0220 
16.632584099999804;0.0000;0.0000;0.0032 
16.680618100001084;0.2237;0.0000;0.0027 
16.728420299999925;0.2237;0.0000;0.0282 
16.776521000001594;2.2374;0.0000;0.0062 
16.824602500000765;0.4474;0.0000;-0.0661 
16.872744500000408;1.7898;0.0000;-0.0012 
16.920621900000697;-0.8948;0.0000;-0.0155 
16.96861170000011;0.6711;0.0000;0.1089 
17.0166547000008;1.3422;0.0000;0.0824 
17.064684700000726;1.3422;0.0000;0.0208 
17.12840959999994;-0.2237;0.0000;0.1116 
17.176407000000836;3.8054;0.0000;-0.1087 
17.224364700001388;4.2539;0.0000;-0.0117 
17.27246930000001;2.6852;0.0000;0.0946 
17.32050260000142;3.5813;0.0000;-0.0983 
17.368496300001425;6.0507;0.0000;0.0640 
17.416456100001596;5.6010;0.0000;-0.0226 
17.464472900001056;6.9512;0.0000;-0.0524 
17.5128691000009;6.5007;0.0000;0.0292 
17.560641699999906;7.1766;0.0000;0.0443 
17.608527100001083;7.4021;0.0000;0.0659 
17.656685200001448;7.4021;0.0000;-0.0954 
17.704677200001242;7.1766;0.0000;0.0914 
17.768366199999946;6.9512;0.0000;-0.0304 
17.816391700000167;6.9512;0.0000;0.0017 
17.864396700000725;6.9512;0.0000;0.0319 
17.912433500001498;6.9512;0.0000;-0.0918 
17.960443400001168;6.2757;0.0000;0.1034 
18.008496300000843;7.1766;0.0000;0.0133 
18.056490300001315;1.7898;0.0000;-0.2886 
18.10457850000057;4.4782;0.0000;-0.3132 
18.15243340000052;3.3572;0.0000;0.3765 
18.200826600001164;0.6711;0.0000;-0.2791 
18.248825300001045;-0.4474;0.0000;0.5601 
18.31248770000093;-0.2237;0.0000;-0.2759 
18.360539200000858;-1.1185;0.0000;-0.1519 
18.408416000000216;-2.2374;0.0000;0.1311 
18.45687530000032;-4.7026;0.0000;0.0036 
18.505794600001536;-3.5813;0.0000;0.0141 
18.568396399999983;-5.6010;0.0000;-0.0451 
18.616724200001045;-5.8258;0.0000;-0.0331 
18.664562300000398;-5.8258;0.0000;0.0516 
18.712744500000554;-6.9512;0.0000;0.0434 
18.760632299999997;-8.3053;0.0000;0.1162 
18.824387900000147;-6.5007;0.0000;-0.1002 
18.872473200000968;-7.4021;0.0000;0.0025 
18.920762100000502;-6.5007;0.0000;-0.0446 
18.968545100000483;-5.3763;0.0000;0.0493 
19.016814600001453;-6.7259;0.0000;0.0670 
19.080374300001495;-6.0507;0.0000;-0.0228 
19.12845930000003;-6.2757;0.0000;0.0756 
19.17657280000094;-6.7259;0.0000;-0.0049 
19.22480110000106;-6.2757;0.0000;0.1803 
19.272597200000746;-2.6852;0.0000;0.2805 
19.336626199999955;-2.4613;0.0000;-0.0935 
19.384468500000366;0.6711;0.0000;-0.2688 
19.432475600000544;-0.2237;0.0000;0.0765 
19.480857900000046;1.7898;0.0000;-0.0174 
19.52877090000038;1.3422;0.0000;0.1213 
19.576461500000732;2.2374;0.0000;-0.1137 
19.624739300001238;4.0296;0.0000;0.1147 
19.67269430000124;4.9271;0.0000;0.0525 
19.72068390000095;4.4782;0.0000;-0.0601 
19.768488600000637;4.7026;0.0000;0.0621 
19.8165751000015;4.9271;0.0000;-0.0527 
19.864634900000965;4.7026;0.0000;0.0223 
19.913342800000464;5.1516;0.0000;0.0296 
19.960736900000484;7.4021;0.0000;0.1634 
20.024596700000984;4.4782;0.0000;-0.1943 
20.072525400000814;2.2374;0.0000;-0.6310 
20.120615600000747;2.0136;0.0000;0.5717 
20.168716300000597;-1.3422;0.0000;-0.4222 
20.216734200001156;-1.7898;0.0000;0.0525 
20.264657100000477;-2.0136;0.0000;0.2660 
20.328475500000422;-3.8054;0.0000;-0.2048 
20.37633300000016;-2.9091;0.0000;0.2785 
20.42452410000078;-3.5813;0.0000;-0.0621 
20.47257400000126;-4.4782;0.0000;0.0237 
20.520728000001327;-4.7026;0.0000;0.1057 
20.56867820000116;-4.7026;0.0000;0.0280 
20.632369599999947;-4.7026;0.0000;-0.1974 
20.68096080000032;-6.5007;0.0000;0.0334 
20.72854820000066;-6.2757;0.0000;0.0188 
20.776618800000506;-4.7026;0.0000;-0.1672 
20.824489300001005;-7.1766;0.0000;0.0337 
20.872852700000294;-3.3572;0.0000;0.3706 
20.93636090000109;-1.7898;0.0000;-0.0992 
20.98455180000019;-3.1331;0.0000;0.0370 
21.03254190000007;-1.3422;0.0000;-0.1214 
21.080609700000423;0.2237;0.0000;-0.0514 
21.128601700000218;2.0136;0.0000;0.0008 
21.1766187000012;1.7898;0.0000;0.1220 
21.22466170000007;4.0296;0.0000;-0.1122 
21.272618000000875;4.7026;0.0000;-0.0519 
21.320683800000552;4.2539;0.0000;-0.0748 
21.3686615000006;4.2539;0.0000;0.0776 
21.41674570000032;7.1766;0.0000;0.0420 
21.480327700001;5.1516;0.0000;0.2004 
21.52843920000123;7.6277;0.0000;0.0806 
21.576379400001315;6.7259;0.0000;-0.1305 
21.62450180000087;9.8911;0.0000;0.0613 
21.67251170000054;7.4021;0.0000;0.2482 
21.72039010000117;9.8911;0.0000;-0.0984 
21.768450100000337;9.8911;0.0000;0.0173 
21.81655150000006;9.8911;0.0000;0.0036 
21.864631300000838;8.9841;0.0000;0.1383 
21.912664400000722;10.8006;0.0000;-0.0216 
21.97641030000159;11.0284;0.0000;-0.0153 
22.02451310000106;11.7129;0.0000;0.0102 
22.072884500001237;8.9841;0.0000;-0.0507 
22.121179000001575;7.1766;0.0000;-0.2662 
22.16857280000113;8.9841;0.0000;0.1151 
22.21674080000048;5.3763;0.0000;-0.0544 
22.26468449999993;4.7026;0.0000;-0.0091 
22.328542400000515;6.0507;0.0000;0.1669 
22.37642550000055;1.5660;0.0000;0.0903 
22.424462500001027;2.6852;0.0000;-0.1624 
22.472440100000313;0.0000;0.0000;0.1302 
22.520516500000667;1.1185;0.0000;0.0193 
22.568382600000405;0.8948;0.0000;0.0920 
22.616629300000568;0.2237;0.0000;-0.0905 
22.664491800000178;-0.4474;0.0000;-0.0456 
22.712605100001383;-2.0136;0.0000;0.0453 
22.760697900001105;-3.1331;0.0000;0.0394 
22.824322100001154;-1.3422;0.0000;-0.0467 
22.87248550000004;-2.6852;0.0000;0.2235 
22.92066970000087;-3.1331;0.0000;-0.2481 
22.968605100000786;-3.5813;0.0000;0.0801 
23.032362900001317;-4.4782;0.0000;-0.0258 
23.08033020000039;-4.4782;0.0000;0.0670 
23.128602700000556;-2.6852;0.0000;0.0558 
23.176592300000266;-3.3572;0.0000;-0.0776 
23.224591100000907;-4.7026;0.0000;0.0024 
23.288312399999995;-4.4782;0.0000;-0.0574 
23.336519000000408;-4.7026;0.0000;-0.0126 
23.384523000000627;-2.9091;0.0000;-0.0026 
23.432601600001362;-3.5813;0.0000;-0.0208 
23.48073210000075;-4.0296;0.0000;-0.0149 
23.544503000000987;-3.1331;0.0000;-0.0687 
23.59238379999988;-4.2539;0.0000;0.1049 
23.64066980000098;-4.0296;0.0000;-0.0285 
23.6887712000007;-3.1331;0.0000;-0.0223 
23.75237770000058;-2.9091;0.0000;-0.0269 
23.80042140000114;-3.8054;0.0000;0.1052 
23.848475300001155;-2.6852;0.0000;-0.1394 
23.896570700000666;-3.3572;0.0000;0.0511 
23.944621300001018;-1.5660;0.0000;0.0434 
23.99264690000018;0.0000;0.0000;0.0108 
24.056732700000794;-1.7898;0.0000;-0.1538 
24.104535600001327;1.1185;0.0000;-0.0615 
24.152660900001138;0.4474;0.0000;-0.0452 
24.200570300001345;1.1185;0.0000;-0.1361 
24.248517600000923;2.0136;0.0000;0.0119 
24.296553300000596;0.6711;0.0000;0.0402 
24.34467550000045;2.0136;0.0000;-0.0256 
24.392744900000253;1.7898;0.0000;-0.0039 
24.440911800000322;0.0000;0.0000;-0.1945 
24.50426740000148;0.2237;0.0000;-0.0580 
24.55227940000077;0.2237;0.0000;0.0475 
24.60038750000058;0.2237;0.0000;0.0777 
24.648735300001135;0.2237;0.0000;0.0035 
24.696444500001235;0.2237;0.0000;-0.0213 
24.744497100000444;0.4474;0.0000;-0.0019 
24.79259980000097;0.2237;0.0000;-0.0039 
24.840739300001587;0.0000;0.0000;-0.0046 
24.888555300000007;-0.4474;0.0000;0.0027 
24.93665570000121;0.0000;0.0000;0.0093 
24.98464690000037;0.2237;0.0000;0.0000 
25.032703900000342;0.2237;0.0000;0.0008 
25.08063680000123;-0.8948;0.0000;0.0008 
25.1443261000004;0.2237;0.0000;0.0050 
25.192373800000496;-0.2237;0.0000;-0.0240 
25.240485000000263;0.0000;0.0000;0.0046 
25.288496600000144;0.4474;0.0000;0.0000 
25.336456000000908;0.2237;0.0000;-0.0012 
25.384513900000456;0.0000;0.0000;-0.0019 
25.432513000001563;0.0000;0.0000;0.0000 
25.481113499999992;0.2237;0.0000;-0.0193 
25.528701300001558;0.2237;0.0000;-0.0019 
25.576569100001507;0.2237;0.0000;0.0255 
25.62453640000058;0.2237;0.0000;0.0008 
25.672591100001227;0.2237;0.0000;-0.0213 
25.736373800000365;0.2237;0.0000;-0.0019 
25.78442730000097;0.2237;0.0000;0.0228 
25.83243180000136;0.0000;0.0000;0.0035 
25.880739400001403;0.2237;0.0000;0.0000 
25.92909040000086;0.0000;0.0000;-0.0019 
25.97634570000082;0.0000;0.0000;-0.0027 
26.024506900001143;0.0000;0.0000;0.0000 
26.072485600001528;0.0000;0.0000;0.0000 
26.120452200000727;0.2237;0.0000;0.0247 
26.168528600001082;0.2237;0.0000;0.0008 
26.216645900000003;0.4474;0.0000;0.0201 
26.26458140000068;0.2237;0.0000;0.0209 
26.312595400000646;-0.2237;0.0000;0.0008 
26.36071020000054;0.2237;0.0000;0.0073 
26.424355700000888;0.2237;0.0000;-0.0046 
26.47242770000048;0.2237;0.0000;-0.0213 
26.520539200000712;0.2237;0.0000;0.0008 
26.568333600000187;-0.2237;0.0000;0.0255 
26.616613500000312;0.2237;0.0000;-0.0008 
26.664574500000526;0.4474;0.0000;-0.0019 
26.712665099999867;-0.2237;0.0000;-0.0066 
26.76064750000114;-0.8948;0.0000;0.0046 
26.80889280000156;-2.2374;0.0000;0.0266 
26.872615000000224;0.0000;0.0000;0.0004 
26.92034480000075;0.2237;0.0000;0.0000 
26.968435100001443;0.2237;0.0000;0.0008 
27.01662700000088;0.2237;0.0000;0.0174 
27.064372700000604;0.2237;0.0000;0.0008 
27.112490000001344;0.2237;0.0000;0.0255 
27.160450400000627;0.0000;0.0000;0.0035 
27.208535000001575;0.2237;0.0000;-0.0027 
27.256609900001422;0.0000;0.0000;-0.0240 
27.30460370000037;0.2237;0.0000;0.0054 
27.35271660000035;0.0000;0.0000;-0.0046 
27.400696000000607;0.2237;0.0000;0.0027 
27.464908500000092;0.2237;0.0000;-0.0019 
27.51278470000034;0.2237;0.0000;-0.0321 
27.560400200000004;0.0000;0.0000;0.0035 
27.60840030000145;0.4474;0.0000;0.0000 
27.656525500000498;0.2237;0.0000;-0.0012 
27.70454620000055;0.0000;0.0000;0.0008 
27.75261170000158;0.0000;0.0000;0.0027 
27.800527299999885;0.6711;0.0000;-0.0220 
27.84870150000097;0.0000;0.0000;-0.0085 
27.8965715000013;0.2237;0.0000;0.0027 
27.944625800000722;0.0000;0.0000;-0.0019 
27.99270930000057;0.2237;0.0000;-0.0247 
28.0406049000012;0.0000;0.0000;0.0008 
28.08866240000134;0.2237;0.0000;0.0027 
28.15240360000098;0.4474;0.0000;-0.0046 
28.200253400000292;0.2237;0.0000;0.0015 
28.24849979999999;0.0000;0.0000;-0.0019 
28.296584200001234;0.0000;0.0000;-0.0247 
28.345316100001583;-0.6711;0.0000;0.0000 
28.392410200000086;0.4474;0.0000;0.0220 
28.44052510000074;0.0000;0.0000;0.0236 
28.488552800001344;-0.2237;0.0000;0.0054 
28.53650850000122;0.2237;0.0000;0.0019 
28.584606400001576;0.0000;0.0000;0.0255 
28.632842800001526;0.6711;0.0000;0.0081 
28.680580900001587;-1.1185;0.0000;-0.0193 
28.744365800001106;-1.3422;0.0000;0.0204 
28.79231550000077;0.2237;0.0000;0.0143 
28.840479600001345;0.2237;0.0000;-0.0019 
28.888716999999815;0.2237;0.0000;0.0008 
28.936448800001017;0.0000;0.0000;-0.0019 
28.984393400000044;0.2237;0.0000;0.0108 
29.032640000001265;0.2237;0.0000;-0.0019 
29.080481700000746;0.0000;0.0000;0.0008 
29.128670600000987;0.4474;0.0000;-0.0274 
29.176741900000707;0.2237;0.0000;-0.0286 
29.22460719999981;0.0000;0.0000;-0.0267 
29.272574100001293;0.2237;0.0000;-0.0027 
29.320677499999874;0.2237;0.0000;0.0008 
29.384534700000586;-0.2237;0.0000;-0.0019 
29.432294800000818;0.2237;0.0000;-0.0008 
29.480504400000427;-0.2237;0.0000;0.0035 
29.52856040000006;-0.2237;0.0000;0.0375 
29.576554200000828;0.0000;0.0000;0.0073 
29.624581000000035;0.4474;0.0000;0.0027 
29.672564300000886;0.2237;0.0000;-0.0012 
29.720643000000564;0.2237;0.0000;-0.0019 
29.76878880000004;0.0000;0.0000;-0.0019 
29.83222990000104;0.0000;0.0000;-0.0027 
29.880388000001403;0.0000;0.0000;-0.0027 
29.928748800000903;0.2237;0.0000;0.0000 
29.976386400001502;0.0000;0.0000;0.0008 
30.024532200000976;0.4474;0.0000;0.0000 
30.07258130000082;0.2237;0.0000;-0.0039 
30.120471900001576;0.4474;0.0000;0.0008 
30.168511600000784;0.4474;0.0000;0.0236 
30.216496600000028;0.2237;0.0000;0.0015 
30.26476990000083;0.2237;0.0000;0.0035 
30.31245459999991;0.2237;0.0000;-0.0019 
30.36107070000071;0.2237;0.0000;-0.0019 
30.408555800000613;0.2237;0.0000;0.0282 
30.456453599999804;0.0000;0.0000;-0.0019 
30.50477420000061;0.2237;0.0000;0.0027 
30.55267350000031;0.0000;0.0000;-0.0019 
30.60079560000122;0.2237;0.0000;0.0027 
30.664367900000798;-0.2237;0.0000;-0.0046 
30.71229510000012;0.2237;0.0000;0.0073 
30.76053310000134;0.2237;0.0000;-0.0019 
30.808511799999906;0.2237;0.0000;0.0008 
30.856542500001524;0.0000;0.0000;-0.0019 
30.904476499999873;0.2237;0.0000;0.0027 
30.952704799999992;0.2237;0.0000;-0.0267 
31.000704800000676;0.2237;0.0000;-0.0019 
31.04879980000078;0.4474;0.0000;-0.0240 
31.096521500001472;0.2237;0.0000;-0.0012 
31.144662500000777;0.2237;0.0000;0.0035 
31.192483300001186;0.0000;0.0000;-0.0019 
31.24089710000044;0.2237;0.0000;0.0000 
31.288653000001432;0.2237;0.0000;0.0008 
31.336762800001452;0.0000;0.0000;-0.0019 
31.384635700000217;0.2237;0.0000;0.0000 
31.44833010000002;0.2237;0.0000;-0.0019 
31.496302800000194;0.0000;0.0000;0.0008 
31.54437080000025;0.4474;0.0000;0.0220 
31.592385300000387;0.2237;0.0000;-0.0039 
31.64042000000154;-0.2237;0.0000;0.0035 
31.688506399999824;0.2237;0.0000;0.0019 
31.736490900000717;-0.2237;0.0000;0.0008 
31.78457890000027;-0.2237;0.0000;0.0046 
31.83271550000063;0.0000;0.0000;0.0019 
31.880509200000233;0.0000;0.0000;0.0000 
31.928541600000244;0.0000;0.0000;0.0027 
31.97679750000134;-0.2237;0.0000;0.0000 
32.0403538999999;-0.2237;0.0000;0.0046 
32.08851930000128;0.2237;0.0000;0.0240 
32.136369200001354;0.0000;0.0000;0.0035 
32.184568700000455;0.6711;0.0000;0.0027 
32.23283489999994;0.2237;0.0000;-0.0058 
32.28063939999993;0.4474;0.0000;0.0008 
32.32844400000067;0.2237;0.0000;0.0015 
32.3766013000004;0.4474;0.0000;-0.0019 
32.42447850000099;0.0000;0.0000;-0.0039 
32.47266060000038;-0.2237;0.0000;0.0027 
32.52050130000134;0.2237;0.0000;-0.0228 
32.56861040000149;0.4474;0.0000;0.0228 
32.61671290000049;0.4474;0.0000;-0.0039 
32.680667200000244;-0.2237;0.0000;-0.0039 
32.728399999999965;-2.4613;0.0000;-0.0035 
32.77650160000121;2.0136;0.0000;0.0051 
32.82455250000021;0.0000;0.0000;0.0015 
32.87258930000098;1.3422;0.0000;-0.0220 
32.92068500000096;-1.7898;0.0000;-0.0089 
32.96858460000112;0.6711;0.0000;0.0672 
33.03239190000022;-0.8948;0.0000;-0.0526 
33.08030950000102;0.0000;0.0000;0.0266 
33.12851260000025;-0.2237;0.0000;0.0274 
33.176600300001155;-2.6852;0.0000;-0.1411 
33.22451010000077;0.0000;0.0000;0.0920 
33.27280980000069;1.7898;0.0000;-0.0054 
33.320594300001176;0.0000;0.0000;-0.0343 
33.36874930000158;0.2237;0.0000;-0.0027 
33.416614600000685;1.3422;0.0000;0.0035 
33.48160420000022;-0.2237;0.0000;-0.0035 
33.528386500000124;0.0000;0.0000;-0.0255 
33.57648770000014;0.6711;0.0000;-0.0027 
33.6245770000005;-0.2237;0.0000;-0.0139 
33.67268289999993;0.0000;0.0000;-0.0035 
33.72058980000111;0.0000;0.0000;0.0000 
33.76876919999995;0.2237;0.0000;0.0027 
33.816610600000786;0.0000;0.0000;-0.0019 
33.86460090000037;0.0000;0.0000;0.0000 
33.91291050000109;0.0000;0.0000;0.0000 
33.96064750000005;0.2237;0.0000;0.0000 
34.00850900000114;0.4474;0.0000;0.0008 
34.072349200001554;0.2237;0.0000;-0.0012 
34.12029729999995;0.0000;0.0000;0.0035 
34.16838869999992;0.2237;0.0000;0.0054 
34.21649580000121;0.0000;0.0000;-0.0019 
34.26444310000079;0.0000;0.0000;0.0027 
34.31252029999996;0.2237;0.0000;-0.0027 
34.36066280000159;0.2237;0.0000;-0.0019 
34.40844840000136;0.2237;0.0000;0.0008 
34.457102100001066;-0.2237;0.0000;-0.0240 
34.504589100000885;0.0000;0.0000;0.0019 
34.552582500000426;0.2237;0.0000;0.0247 
34.60040180000033;-0.2237;0.0000;0.0255 
34.64850470000056;0.0000;0.0000;0.0019 
34.69661900000028;0.2237;0.0000;0.0027 
34.76026970000021;0.2237;0.0000;-0.0019 
34.80835560000014;0.2237;0.0000;0.0062 
34.85642540000117;0.4474;0.0000;0.0035 
34.90441270000156;0.0000;0.0000;-0.0012 
34.95240470000135;0.0000;0.0000;0.0081 
35.00029870000071;0.0000;0.0000;0.0000 
35.048421400000734;0.4474;0.0000;-0.0027 
35.09655400000156;0.2237;0.0000;-0.0039 
35.144508600000336;0.2237;0.0000;0.0035 
35.19269410000015;0.4474;0.0000;-0.0046 
35.24075340000127;0.2237;0.0000;0.0236 
35.288656900000205;0.2237;0.0000;0.0062 
35.35228520000055;0.2237;0.0000;-0.0019 
35.400295299999925;0.4474;0.0000;0.0035 
35.44834880000053;0.2237;0.0000;-0.0286 
35.49649230000068;0.4474;0.0000;-0.0019 
35.544478300000264;0.2237;0.0000;-0.0066 
35.59224890000041;0.0000;0.0000;-0.0267 
35.640434100001585;0.0000;0.0000;-0.0220 
35.68851710000126;-0.2237;0.0000;0.0000 
35.73659310000039;0.0000;0.0000;0.0046 
35.784647100001166;0.0000;0.0000;0.0000 
35.83259780000117;0.2237;0.0000;0.0000 
35.88035410000157;0.2237;0.0000;0.0008 
35.92896590000055;0.0000;0.0000;0.0035 
35.97662380000111;0.2237;0.0000;0.0274 
36.025113700001384;0.2237;0.0000;-0.0267 
36.07260430000133;0.2237;0.0000;0.0201 
36.13656000000083;0.0000;0.0000;-0.0019 
36.184404200001154;-0.2237;0.0000;0.0027 
36.2323817000015;0.0000;0.0000;0.0073 
36.28048459999991;0.0000;0.0000;-0.0027 
36.32852610000009;0.2237;0.0000;-0.0247 
36.37652530000014;0.0000;0.0000;-0.0019 
36.424501800000144;0.4474;0.0000;0.0027 
36.47259740000118;0.2237;0.0000;-0.0039 
36.52191099999982;0.2237;0.0000;-0.0019 
36.568476600001304;-0.2237;0.0000;0.0062 
36.63228450000133;-0.2237;0.0000;0.0267 
36.680816300000515;0.2237;0.0000;0.0046 
36.728424100001575;-0.2237;0.0000;0.0008 
36.776529600001595;0.0000;0.0000;0.0073 
36.82430910000039;0.2237;0.0000;0.0027 
36.872656700001244;0.2237;0.0000;-0.0019 
36.92056810000031;0.2237;0.0000;0.0035 
36.96844990000136;0.0000;0.0000;-0.0019 
37.016328700001395;0.2237;0.0000;0.0027 
37.06459630000063;0.2237;0.0000;0.0008 
37.112507600000754;0.0000;0.0000;0.0255 
37.1605195000011;0.2237;0.0000;0.0247 
37.20842240000093;0.6711;0.0000;-0.0019 
37.25673860000097;0.2237;0.0000;-0.0031 
37.30459300000075;0.0000;0.0000;-0.0019 
37.352603700001055;0.2237;0.0000;0.0000 
37.40081110000028;0.4474;0.0000;0.0035 
37.46426960000099;0.4474;0.0000;-0.0286 
37.51228880000053;0.0000;0.0000;-0.0012 
37.560579700000744;0.0000;0.0000;0.0274 
37.60836250000102;0.2237;0.0000;0.0027 
37.65639360000023;0.2237;0.0000;0.0228 
37.70449330000156;0.2237;0.0000;-0.0019 
37.75265270000091;-0.2237;0.0000;0.0035 
37.800644500001;0.2237;0.0000;0.0019 
37.848465200000646;0.0000;0.0000;0.0035 
37.896507600000405;0.0000;0.0000;0.0000 
37.94445710000036;0.2237;0.0000;0.0274 
37.99270729999989;0.2237;0.0000;0.0008 
38.04042670000126;0.2237;0.0000;0.0035 
38.0883973;0.0000;0.0000;-0.0019 
38.136545000001206;0.2237;0.0000;0.0027 
38.184479500001544;0.2237;0.0000;0.0008 
38.23265309999988;0.2237;0.0000;-0.0019 
38.280522300001394;0.0000;0.0000;0.0035 
38.34427599999981;0.2237;0.0000;0.0000 
38.392262800000026;0.0000;0.0000;0.0008 
38.44026579999991;0.2237;0.0000;0.0000 
38.488356900001236;0.0000;0.0000;0.0008 
38.536489600001005;0.2237;0.0000;0.0000 
38.5845029000011;0.2237;0.0000;-0.0019 
38.63254880000022;0.0000;0.0000;0.0008 
38.68041420000009;0.2237;0.0000;0.0000 
38.7284520000012;0.0000;0.0000;0.0008 
38.776447900001585;0.2237;0.0000;0.0027 
38.824341900000945;0.0000;0.0000;0.0035 
38.87292950000119;0.0000;0.0000;0.0000 
38.9206635999999;0.2237;0.0000;0.0274 
38.96833470000092;0.4474;0.0000;0.0008 
39.01677280000149;0.2237;0.0000;-0.0066 
39.06455710000046;0.0000;0.0000;-0.0046 
39.128260299999965;0.0000;0.0000;-0.0274 
39.17629699999998;0.2237;0.0000;0.0000 
39.22432750000007;-0.2237;0.0000;-0.0019 
39.272587200001;0.2237;0.0000;0.0046 
39.320357600001444;0.6711;0.0000;-0.0019 
39.368730199999845;0.2237;0.0000;-0.0004 
39.416555300000255;-0.2237;0.0000;0.0008 
39.46456000000035;0.0000;0.0000;0.0046 
39.5125379000001;0.4474;0.0000;-0.0247 
39.560524700000315;0.2237;0.0000;-0.0012 
39.60890269999982;0.4474;0.0000;-0.0267 
39.6568184000007;0.2237;0.0000;-0.0232 
39.70475570000053;0.0000;0.0000;0.0255 
39.768601700001454;0.0000;0.0000;-0.0054 
39.816356400000586;0.0000;0.0000;0.0081 
39.86438190000081;0.0000;0.0000;-0.0193 
39.912600000001476;-0.2237;0.0000;0.0000 
39.960545200001434;0.2237;0.0000;-0.0008 
40.008556700000554;0.0000;0.0000;-0.0019 
40.056497200001104;0.4474;0.0000;0.0000 
40.10461730000134;0.2237;0.0000;-0.0259 
40.1525586000007;0.2237;0.0000;0.0008 
40.200960100000884;0.4474;0.0000;0.0035 
40.248558799999955;0.0000;0.0000;-0.0012 
40.31244719999995;0.0000;0.0000;0.0220 
40.36034640000071;0.2237;0.0000;0.0000 
40.40830140000071;0.4474;0.0000;0.0008 
40.456600000001345;0.2237;0.0000;-0.0039 
40.504300200000216;0.2237;0.0000;0.0035 
40.55259819999992;0.0000;0.0000;-0.0240 
40.60058980000031;0.0000;0.0000;0.0000 
40.64841560000059;0.0000;0.0000;0.0027 
40.696515000001455;0.4474;0.0000;0.0000 
40.744464600000356;0.4474;0.0000;-0.0012 
40.7927307000009;0.2237;0.0000;-0.0039 
40.84053820000008;0.2237;0.0000;-0.0046 
40.88851849999992;0.0000;0.0000;-0.0019 
40.93677050000042;0.4474;0.0000;0.0220 
40.98581770000055;0.2237;0.0000;0.0042 
41.04833320000034;0.2237;0.0000;-0.0019 
41.09634809999989;0.0000;0.0000;0.0008 
41.14438820000032;0.0000;0.0000;0.0027 
41.19252210000013;0.0000;0.0000;0.0054 
41.24052670000128;0.2237;0.0000;0.0000 
41.288637100000415;-0.2237;0.0000;-0.0046 
41.336459000000104;0.2237;0.0000;0.0046 
41.384512300001006;0.2237;0.0000;-0.0019 
41.43277510000007;0.0000;0.0000;0.0035 
41.48067179999998;0.2237;0.0000;0.0000 
41.52862970000024;0.0000;0.0000;0.0008 
41.57657680000011;-0.2237;0.0000;0.0027 
41.624573000000964;0.0000;0.0000;0.0046 
41.688318000000436;0.0000;0.0000;0.0220 
41.73651400000017;0.2237;0.0000;0.0081 
41.784354299999904;0.0000;0.0000;0.0008 
41.832655400001386;0.2237;0.0000;0.0000 
41.880667299999914;0.2237;0.0000;-0.0240 
41.928501000000324;0.2237;0.0000;0.0008 
41.97630420000132;0.4474;0.0000;-0.0240 
42.02459060000001;0.0000;0.0000;0.0209 
42.07248890000119;0.2237;0.0000;0.0000 
42.12070720000156;0.0000;0.0000;0.0008 
42.16873620000115;0.4474;0.0000;0.0000 
42.216887900000074;0.0000;0.0000;-0.0012 
42.26459650000106;-0.2237;0.0000;0.0054 
42.312704900001336;0.0000;0.0000;0.0046 
42.3765809000015;0.0000;0.0000;0.0274 
42.42430790000071;0.2237;0.0000;0.0000 
42.47256449999986;0.0000;0.0000;-0.0019 
42.520608300001186;0.0000;0.0000;-0.0027 
42.568469200001346;0.0000;0.0000;0.0027 
42.61688160000085;-0.2237;0.0000;0.0054 
42.664541800000734;0.2237;0.0000;0.0240 
42.71256549999998;0.2237;0.0000;0.0008 
42.760996400000295;0.2237;0.0000;0.0008 
42.80885640000088;0.6711;0.0000;-0.0019 
42.85661820000132;0.4474;0.0000;-0.0031 
42.90454630000022;0.2237;0.0000;-0.0066 
42.96838480000042;0.4474;0.0000;-0.0019 
43.01627920000101;0.0000;0.0000;-0.0039 
43.06449690000045;0.2237;0.0000;0.0054 
43.112389700001586;0.2237;0.0000;0.0255 
43.16054770000119;0.2237;0.0000;-0.0019 
43.208551499999885;0.4474;0.0000;-0.0240 
43.2565521000015;-0.4474;0.0000;0.0150 
43.30447989999993;0.4474;0.0000;0.0066 
43.352587600000334;0.0000;0.0000;-0.0039 
43.400543700001435;0.2237;0.0000;0.0027 
43.44850899999983;0.2237;0.0000;0.0008 
43.49655270000039;0.2237;0.0000;-0.0019 
43.545289600000615;0.2237;0.0000;0.0035 
43.592586600001596;0.4474;0.0000;-0.0019 
43.6562769000011;0.0000;0.0000;-0.0066 
43.70422680000047;0.2237;0.0000;0.0027 
43.75229750000108;-0.6711;0.0000;0.0282 
43.800369700000374;0.0000;0.0000;0.0058 
43.848497200000565;1.3422;0.0000;-0.0382 
43.896517799999856;-2.0136;0.0000;-0.3544 
43.94481220000125;-2.2374;0.0000;-0.0951 
44.00845880000088;-3.5813;0.0000;-0.0711 
44.056496100000004;-2.6852;0.0000;-0.1962 
44.104493300001195;-4.9271;0.0000;0.2908 
44.15254090000053;-5.6010;0.0000;-0.2558 
44.20060700000067;-8.3053;0.0000;0.0960 
44.26461650000056;-7.6277;0.0000;-0.2016 
44.312858200000846;-6.9512;0.0000;-0.0095 
44.36049300000013;-10.1182;0.0000;0.0920 
44.424473000000944;-11.2564;0.0000;0.2733 
44.472515500001464;-13.5468;0.0000;-0.1347 
44.520589000001564;-12.1702;0.0000;0.0390 
44.58426800000052;-12.6282;0.0000;0.0655 
44.6325667000001;-14.7001;0.0000;-0.0351 
44.680499600000985;-13.3169;0.0000;-0.0308 
44.74447500000133;-14.2381;0.0000;0.0423 
44.79254840000067;-14.2381;0.0000;-0.0267 
44.84060470000077;-14.4690;0.0000;-0.0954 
44.90442930000063;-13.7770;0.0000;0.0495 
44.95255290000023;-15.1631;0.0000;-0.0746 
45.016579600000114;-14.4690;0.0000;-0.0654 
45.06450110000151;-14.4690;0.0000;-0.0770 
45.112482100001216;-13.7770;0.0000;0.0934 
45.176285200001075;-14.2381;0.0000;0.1233 
45.22439510000004;-11.9414;0.0000;0.3941 
45.27251260000048;-8.7577;0.0000;-0.2637 
45.320525900000575;-3.8054;0.0000;0.2199 
45.36858089999987;-5.8258;0.0000;0.2019 
45.43220250000013;-1.7898;0.0000;-0.5565 
45.480343000001085;-2.9091;0.0000;0.3924 
45.528473600001234;4.9271;0.0000;-0.3383 
45.57666330000029;3.1331;0.0000;0.4428 
45.62438730000031;9.2106;0.0000;-0.0334 
45.672799300000406;9.6641;0.0000;-0.2406 
45.72074340000108;8.3053;0.0000;0.1461 
45.76879360000021;9.6641;0.0000;-0.1202 
45.832433100000344;10.1182;0.0000;0.1155 
45.88040809999984;12.1702;0.0000;-0.0011 
45.92849220000062;13.3169;0.0000;0.0389 
45.97655510000004;13.5468;0.0000;-0.0231 
46.04029830000036;13.0871;0.0000;0.0628 
46.0883045999999;13.7770;0.0000;0.0531 
46.13630790000025;14.0074;0.0000;0.0471 
46.18486120000125;14.4690;0.0000;0.0479 
46.23247730000003;14.9315;0.0000;0.0247 
46.28049370000008;14.9315;0.0000;0.0263 
46.328358100001424;16.0922;0.0000;0.0291 
46.39221540000108;14.9315;0.0000;0.1045 
46.44036650000089;15.6271;0.0000;0.0319 
46.48849330000121;15.8595;0.0000;0.0478 
46.536695800001326;15.1631;0.0000;0.0458 
46.584648000000016;15.1631;0.0000;0.0603 
46.6325680000009;14.9315;0.0000;-0.0004 
46.6804161;15.1631;0.0000;0.0016 
46.744337400001314;14.7001;0.0000;-0.0583 
46.792570700001306;14.2381;0.0000;0.1684 
46.84055570000055;15.1631;0.0000;-0.1273 
46.888817900000504;12.6282;0.0000;0.4174 
46.936974700000064;12.1702;0.0000;-0.0421 
47.00043200000073;12.1702;0.0000;-0.0655 
47.048472700000275;13.0871;0.0000;0.0664 
47.09650970000075;10.3455;0.0000;0.0145 
47.14465180000116;11.0284;0.0000;-0.1186 
47.20821620000061;10.5730;0.0000;-0.0145 
47.2563351000008;9.6641;0.0000;0.0308 
47.30436340000051;7.8535;0.0000;-0.0355 
47.35241750000023;5.8258;0.0000;0.0763 
47.40030850000039;4.0296;0.0000;-0.1065 
47.448307900000145;3.5813;0.0000;0.0714 
47.49718480000047;1.5660;0.0000;-0.0817 
47.544429700001274;1.3422;0.0000;0.1511 
47.59248480000133;1.1185;0.0000;0.0401 
47.64043670000137;-1.1185;0.0000;0.1640 
47.68857900000148;-0.8948;0.0000;-0.0753 
47.752429800000755;-2.0136;0.0000;-0.0327 
47.800484100000176;-1.1185;0.0000;0.2760 
47.84855510000125;-2.0136;0.0000;-0.2971 
47.896661500000846;-3.5813;0.0000;0.0727 
47.94455879999987;-4.2539;0.0000;0.0597 
48.008399199999985;-4.2539;0.0000;-0.0834 
48.056754100000035;-4.9271;0.0000;-0.0200 
48.10446240000056;-4.7026;0.0000;-0.0551 
48.15254450000066;-4.4782;0.0000;-0.0768 
48.2164098000012;-4.9271;0.0000;0.0094 
48.26438490000146;-5.1516;0.0000;-0.3578 
48.312437200000204;-5.3763;0.0000;0.3674 
48.36082080000051;-4.4782;0.0000;-0.1062 
48.40841050000017;-5.6010;0.0000;-0.0397 
48.47236800000064;-6.9512;0.0000;0.0222 
48.520491799999945;-6.5007;0.0000;-0.1559 
48.568416800000705;-6.7259;0.0000;-0.0744 
48.61663860000044;-6.7259;0.0000;-0.0064 
48.68030490000092;-8.0793;0.0000;0.1064 
48.728335900001184;-7.8535;0.0000;-0.0249 
48.77648510000108;-7.4021;0.0000;0.0172 
48.82442110000011;-8.9841;0.0000;-0.0196 
48.88821030000145;-10.1182;0.0000;-0.1077 
48.9365128999998;-8.9841;0.0000;-0.0099 
48.98451320000095;-9.8911;0.0000;0.1040 
49.032823600000484;-9.8911;0.0000;-0.0970 
49.09628440000051;-10.3455;0.0000;-0.0586 
49.144403100001;-9.4373;0.0000;-0.0409 
49.192663200001334;-9.8911;0.0000;-0.0212 
49.256202100001246;-9.2106;0.0000;0.0431 
49.30426230000012;-9.8911;0.0000;-0.0370 
49.352427400001034;-9.8911;0.0000;-0.0256 
49.40058330000102;-8.9841;0.0000;-0.0504 
49.4486078000009;-5.8258;0.0000;0.2249 
49.51245950000157;-4.4782;0.0000;0.4695 
49.56036409999979;-5.6010;0.0000;-0.1414 
49.60847580000154;-3.5813;0.0000;0.4199 
49.656458200001;-3.5813;0.0000;-0.4576 
49.704469100001006;3.3572;0.0000;0.0292 
49.76825590000044;-2.4613;0.0000;-0.0456 
49.81629790000079;-0.8948;0.0000;0.0271 
49.86440550000043;0.4474;0.0000;0.0131 
49.912438200000906;1.1185;0.0000;0.0015 
49.96051410000109;0.4474;0.0000;-0.0177 
50.00840320000134;0.0000;0.0000;0.0182 
50.05630250000104;0.0000;0.0000;0.0000 
50.104580400000486;0.0000;0.0000;0.0027 
50.15252099999998;0.0000;0.0000;0.0247 
50.20056190000105;-0.2237;0.0000;0.0027 
50.24858540000059;0.4474;0.0000;-0.0228 
50.312294100000145;0.0000;0.0000;-0.0039 
50.360368200001176;0.2237;0.0000;-0.0247 
50.40832820000105;0.4474;0.0000;0.0228 
50.45652870000049;0.4474;0.0000;-0.0039 
50.50441630000023;-0.2237;0.0000;-0.0012 
50.55247050000071;0.2237;0.0000;0.0267 
50.60055350000039;0.4474;0.0000;0.0008 
50.64858220000133;-0.2237;0.0000;-0.0012 
50.696379300001354;0.4474;0.0000;-0.0201 
50.744558100001086;0.0000;0.0000;0.0182 
50.79254270000092;0.0000;0.0000;0.0000 
50.84054970000034;0.2237;0.0000;0.0000 
50.888877200000934;0.0000;0.0000;-0.0019 
50.93690600000082;0.2237;0.0000;0.0027 
50.98456770000121;0.0000;0.0000;0.0008 
51.04839650000031;0.0000;0.0000;0.0000 
51.096547300001475;0.0000;0.0000;0.0027 
51.14434900000015;0.2237;0.0000;0.0000 
51.192402600001515;0.2237;0.0000;-0.0267 
51.24046390000149;0.0000;0.0000;0.0008 
51.28850390000116;-0.2237;0.0000;0.0000 
51.336361900001066;0.0000;0.0000;0.0019 
51.38444200000049;0.0000;0.0000;-0.0027 
51.43243310000071;0.0000;0.0000;0.0247 
51.48051690000102;-0.2237;0.0000;-0.0247 
51.52883389999988;0.0000;0.0000;0.0019 
51.576879900001586;0.4474;0.0000;0.0000 
51.62449280000146;0.2237;0.0000;-0.0286 
51.67252330000156;0.4474;0.0000;0.0255 
51.736370600001464;0.0000;0.0000;-0.0039 
51.78442770000038;0.2237;0.0000;-0.0054 
51.832298600000286;0.4474;0.0000;0.0228 
51.880500700000994;0.2237;0.0000;0.0209 
51.92821980000008;0.2237;0.0000;-0.0019 
51.97651510000105;0.0000;0.0000;-0.0240 
52.02440519999982;0.0000;0.0000;0.0000 
52.07275910000135;0.0000;0.0000;0.0000 
52.120621300000494;0.2237;0.0000;0.0027 
52.16860270000143;0.2237;0.0000;-0.0019 
52.21664080000119;-0.2237;0.0000;0.0062 
52.26456770000004;0.0000;0.0000;-0.0008 
52.31258180000077;0.0000;0.0000;0.0027 
52.376170500001535;0.0000;0.0000;0.0027 
52.42435120000118;0.0000;0.0000;0.0000 
52.47232260000055;0.2237;0.0000;-0.0027 
52.52038200000061;-0.2237;0.0000;-0.0019 
52.56854270000076;0.2237;0.0000;-0.0228 
52.6164976;0.0000;0.0000;-0.0046 
52.6646381999999;0.2237;0.0000;-0.0027 
52.71254980000049;0.2237;0.0000;0.0008 
52.76055760000054;0.2237;0.0000;-0.0019 
52.808739400001286;0.2237;0.0000;0.0255 
52.87309190000087;-0.2237;0.0000;-0.0046 
52.92026369999985;0.4474;0.0000;0.0073 
52.96823890000087;0.0000;0.0000;-0.0012 
53.016484700001456;0.2237;0.0000;0.0000 
53.06455629999982;0.2237;0.0000;-0.0046 
53.11256490000051;-0.2237;0.0000;-0.0267 
53.16065870000057;0.4474;0.0000;0.0046 
53.20858589999989;0.4474;0.0000;-0.0039 
53.25638700000127;0.2237;0.0000;-0.0012 
53.30466580000029;0.2237;0.0000;-0.0240 
53.35256910000135;-0.6711;0.0000;0.0008 
53.4166890000015;0.0000;0.0000;-0.0189 
53.464148700000806;0.4474;0.0000;0.0054 
53.512323100001595;0.2237;0.0000;-0.0012 
53.560465399999885;0.0000;0.0000;-0.0019 
53.608272400000715;0.0000;0.0000;0.0027 
53.65632480000022;0.4474;0.0000;0.0274 
53.70436510000036;0.0000;0.0000;-0.0012 
53.75252470000123;0.0000;0.0000;0.0027 
53.800645400000576;0.2237;0.0000;0.0000 
53.84874590000072;0.2237;0.0000;0.0008 
53.89645820000078;0.0000;0.0000;-0.0019 
53.944438000000446;0.2237;0.0000;0.0027 
53.99249190000046;0.0000;0.0000;-0.0267 
54.04049810000106;0.2237;0.0000;-0.0027 
54.088555300000735;0.0000;0.0000;0.0008 
54.13655850000032;0.0000;0.0000;0.0027 
54.20021820000147;0.0000;0.0000;0.0027 
54.2482473;0.0000;0.0000;-0.0027 
54.29646800000046;-0.2237;0.0000;0.0027 
54.34446850000131;0.2237;0.0000;0.0267 
54.39244959999996;0.0000;0.0000;-0.0019 
54.440399300001445;0.4474;0.0000;0.0054 
54.48854940000092;0.2237;0.0000;-0.0039 
54.536590000001524;0.2237;0.0000;-0.0046 
54.58449870000004;0.4474;0.0000;-0.0240 
54.63303750000159;0.0000;0.0000;-0.0039 
54.68093460000091;0.0000;0.0000;0.0081 
54.72869660000106;0.2237;0.0000;0.0247 
54.79225720000068;0.2237;0.0000;-0.0019 
54.84029080000073;0.0000;0.0000;-0.0019 
54.88846449999983;0.0000;0.0000;0.0027 
54.93640510000114;0.2237;0.0000;0.0054 
54.98436899999979;0.0000;0.0000;-0.0019 
55.03231159999996;0.2237;0.0000;0.0274 
55.08057430000008;0.0000;0.0000;0.0035 
55.12844920000134;0.0000;0.0000;-0.0193 
55.176652100000865;0.0000;0.0000;0.0027 
55.2244883000003;0.0000;0.0000;0.0000 
55.27282400000149;0.0000;0.0000;0.0054 
55.32055500000024;0.0000;0.0000;0.0274 
55.36859540000114;0.2237;0.0000;0.0000 
55.41646110000147;0.0000;0.0000;0.0008 
55.4645830999998;0.0000;0.0000;0.0000 
55.51255480000145;0.0000;0.0000;0.0000 
55.57620450000104;-0.2237;0.0000;0.0274 
55.624305500001356;-0.2237;0.0000;0.0267 
55.67258050000055;-0.2237;0.0000;0.0019 
55.72040560000096;-0.2237;0.0000;0.0294 
55.7685419999998;0.6711;0.0000;0.0100 
55.81657980000091;0.2237;0.0000;-0.0278 
55.864428700000644;0.2237;0.0000;0.0228 
55.9126322000011;0.0000;0.0000;0.0008 
55.96056719999979;0.0000;0.0000;0.0027 
56.00858460000018;0.2237;0.0000;-0.0027 
56.072342800000115;0.4474;0.0000;-0.0240 
56.120274800001425;0.0000;0.0000;-0.0039 
56.168280900001264;0.0000;0.0000;-0.0027 
56.21636340000077;0.2237;0.0000;0.0027 
56.26428830000077;0.2237;0.0000;-0.0019 
56.31225240000094;0.4474;0.0000;-0.0019 
56.36037970000143;0.2237;0.0000;0.0015 
56.40846210000018;0.2237;0.0000;-0.0019 
56.45660390000012;0.2237;0.0000;0.0008 
56.504453999999896;-0.2237;0.0000;0.0035 
56.552581900001314;0.0000;0.0000;-0.0228 
56.600525700001526;0.2237;0.0000;0.0027 
56.649438700000246;0.2237;0.0000;-0.0019 
56.69651250000061;0.2237;0.0000;0.0174 
56.76025070000105;-0.2237;0.0000;0.0008 
56.808399700001246;0.2237;0.0000;0.0019 
56.856273299999884;0.2237;0.0000;-0.0019 
56.904395400000794;-0.2237;0.0000;0.0035 
56.95235550000143;0.2237;0.0000;0.0046 
57.00042320000102;0.6711;0.0000;0.0035 
57.04839520000132;0.2237;0.0000;0.0216 
57.09640510000099;0.0000;0.0000;-0.0019 
57.14443680000113;0.2237;0.0000;0.0000 
57.19252940000115;0.4474;0.0000;0.0008 
57.240371300000334;0.0000;0.0000;-0.0039 
57.28879440000128;0.0000;0.0000;0.0027 
57.33661040000152;0.2237;0.0000;0.0000 
57.385036100000434;0.0000;0.0000;-0.0019 
57.43244930000037;0.2237;0.0000;-0.0220 
57.480476600001566;0.0000;0.0000;-0.0019 
57.5286042000007;0.0000;0.0000;-0.0220 
57.59215260000019;0.0000;0.0000;0.0027 
57.640365200000815;0.2237;0.0000;0.0027 
57.68839090000074;0.0000;0.0000;0.0008 
57.73640979999982;0.2237;0.0000;0.0000 
57.784476599999834;0.2237;0.0000;-0.0019 
57.832285700000284;0.4474;0.0000;0.0008 
57.88036860000102;-0.2237;0.0000;0.0042 
57.92839570000069;0.0000;0.0000;0.0046 
57.97646970000096;0.0000;0.0000;0.0027 
58.024453100000756;0.4474;0.0000;0.0000 
58.07260010000027;0.4474;0.0000;-0.0039 
58.120345200000884;-0.2237;0.0000;-0.0039 
58.1692206000007;-0.2237;0.0000;0.0046 
58.232166800000414;0.0000;0.0000;-0.0201 
58.28015740000046;0.4474;0.0000;0.0081 
58.32817220000106;0.2237;0.0000;-0.0259 
58.37620590000006;0.2237;0.0000;0.0255 
58.42427050000151;0.2237;0.0000;-0.0046 
58.472746800000095;0.2237;0.0000;0.0008 
58.52039909999985;0.2237;0.0000;-0.0046 
58.56851570000072;0.2237;0.0000;-0.0267 
58.61628759999985;0.0000;0.0000;-0.0019 
58.66444690000026;0.2237;0.0000;0.0000 
58.712582800000746;0.0000;0.0000;0.0008 
58.76042640000014;-0.2237;0.0000;-0.0220 
58.80837920000158;0.0000;0.0000;0.0046 
58.85659660000056;0.0000;0.0000;-0.0247 
58.92023870000048;0.0000;0.0000;0.0027 
58.968328900000415;0.2237;0.0000;0.0000 
59.01712300000145;0.2237;0.0000;0.0008 
59.06419160000041;0.2237;0.0000;0.0008 
59.112283899999966;0.2237;0.0000;0.0035 
59.160286300000735;0.2237;0.0000;0.0035 
59.208341600000495;0.0000;0.0000;0.0255 
59.25636160000067;-0.2237;0.0000;0.0220 
59.30442410000069;0.2237;0.0000;0.0019 
59.35259770000084;-0.2237;0.0000;0.0008 
59.40056259999983;0.2237;0.0000;0.0046 
59.44864450000023;0.2237;0.0000;-0.0240 
59.496483400000216;0.0000;0.0000;-0.0019 
59.54468690000067;0.0000;0.0000;0.0274 
59.59247409999989;0.0000;0.0000;0.0027 
59.65629799999988;-0.2237;0.0000;0.0027 
59.70431710000048;0.0000;0.0000;0.0046 
59.75235840000096;0.0000;0.0000;0.0054 
59.80034530000012;0.0000;0.0000;-0.0167 
59.84855760000028;-0.2237;0.0000;0.0081 
59.89638610000111;0.4474;0.0000;-0.0201 
59.94446880000032;0.2237;0.0000;-0.0012 
59.99249570000029;0.2237;0.0000;0.0008 
60.04052570000022;0.0000;0.0000;-0.0019 
60.089307199999894;0.0000;0.0000;0.0108 
60.13649190000069;0.4474;0.0000;0.0027 
60.18448800000078;0.4474;0.0000;-0.0039 
60.23249170000054;-0.2237;0.0000;-0.0012 
60.29635980000057;0.0000;0.0000;0.0046 
60.34432259999994;0.2237;0.0000;0.0000 
60.39222289999998;0.0000;0.0000;-0.0019 
60.44021260000045;0.4474;0.0000;0.0027 
60.4882791;0.4474;0.0000;-0.0066 
60.53644510000049;0.0000;0.0000;-0.0286 
60.58431860000019;0.0000;0.0000;0.0000 
60.63241340000059;0.4474;0.0000;-0.0220 
60.680685500001346;-0.2237;0.0000;-0.0066 
60.72853150000083;0.2237;0.0000;0.0046 
60.77644830000099;0.0000;0.0000;0.0008 
60.82442820000142;0.0000;0.0000;0.0027 
60.888171800001146;0.2237;0.0000;-0.0027 
60.936959800001205;-0.2237;0.0000;-0.0019 
60.98431830000118;0.4474;0.0000;0.0046 
61.03233320000072;0.0000;0.0000;0.0236 
61.08060579999983;0.0000;0.0000;0.0000 
61.12834509999993;0.2237;0.0000;0.0027 
61.17658080000001;0.2237;0.0000;-0.0019 
61.22443910000038;0.2237;0.0000;0.0008 
61.27256699999998;0.0000;0.0000;0.0008 
61.3205080000007;-0.2237;0.0000;0.0000 
61.36840370000027;0.0000;0.0000;0.0019 
61.41646390000096;0.2237;0.0000;0.0027 
61.4642401000001;-0.2237;0.0000;-0.0019 
61.512461899999835;0.4474;0.0000;0.0267 
61.57610360000035;0.2237;0.0000;-0.0039 
61.624174100001255;0.0000;0.0000;-0.0019 
61.67235070000061;0.2237;0.0000;0.0247 
61.720304500000566;-0.2237;0.0000;-0.0019 
61.76828209999985;-0.2237;0.0000;0.0046 
61.82478960000117;0.0000;0.0000;-0.0255 
61.870641700001215;0.2237;0.0000;0.0274 
61.919559500000105;-0.2237;0.0000;0.0008 
61.96032960000048;0.2237;0.0000;0.0073 
62.008298800001285;0.0000;0.0000;0.0035 
62.05648079999992;0.0000;0.0000;0.0000 
62.10432209999999;0.2237;0.0000;0.0000 
62.15493240000069;0.2237;0.0000;0.0008 
62.22181740000087;0.0000;0.0000;-0.0019 
62.2721719000001;0.2237;0.0000;0.0247 
62.319685700000264;0.0000;0.0000;0.0228 
62.36244010000155;0.2237;0.0000;0.0000 
62.40857930000129;0.0000;0.0000;-0.0019 
62.458749200000966;0.0000;0.0000;0.0000 
62.5049497;0.2237;0.0000;0.0000 
62.552450000001045;0.4474;0.0000;-0.0240 
62.60065550000036;0.0000;0.0000;-0.0232 
62.648628000000826;-0.2237;0.0000;-0.0027 
62.696426900000006;0.2237;0.0000;0.0046 
62.74440080000022;0.2237;0.0000;0.0008 
62.792552000000796;0.4474;0.0000;0.0255 
62.856225900000936;0.0000;0.0000;-0.0012 
62.904443999999785;0.4474;0.0000;-0.0027 
62.952430000001186;0.2237;0.0000;-0.0039 
63.00045649999993;0.0000;0.0000;-0.0019 
63.04851290000079;0.0000;0.0000;0.0000 
63.096419600000445;0.2237;0.0000;0.0027 
63.14439080000011;0.0000;0.0000;-0.0046 
63.19247060000089;0.4474;0.0000;0.0000 
63.24297050000132;0.2237;0.0000;-0.0066 
63.28846650000014;0.0000;0.0000;0.0255 
63.33659760000046;0.2237;0.0000;0.0027 
63.384562900000674;0.2237;0.0000;-0.0019 
63.43359960000089;0.2237;0.0000;-0.0019 
63.49637350000012;-0.2237;0.0000;-0.0019 
70.58250810000027;0.4474;0.0000;0.0000 
70.6461990000007;-0.4474;0.0000;-0.3759 
70.69434160000128;0.0000;0.0000;0.2214 
70.74215189999995;0.0000;0.0000;0.0000 
70.7901896000003;0.0000;0.0000;-0.3090 
70.83843530000013;0.0000;0.0000;0.1545 
70.88622430000032;-0.2237;0.0000;0.1545 
70.9345325000013;0.4474;0.0000;0.1107 
70.98251130000062;0.0000;0.0000;-0.3759 
71.03071660000023;-0.2237;0.0000;-0.3090 
71.09421460000158;-1.7898;0.0000;0.7287 
71.14216900000065;0.2237;0.0000;0.8856 
71.19018710000091;0.0000;0.0000;-0.1107 
71.23834460000035;0.0000;0.0000;1.5720 
71.28623300000072;-0.8948;0.0000;0.0000 
71.33438170000045;0.0000;0.0000;0.2882 
71.38234100000045;-0.8948;0.0000;-1.5720 
71.43053390000023;1.1185;0.0000;-0.9748 
71.47834740000144;3.1331;0.0000;0.7361 
71.54216240000096;1.1185;0.0000;-9.2298 
71.59031340000001;-0.6711;0.0000;-9.2130 
71.63847180000084;-4.4782;0.0000;-4.6672 
71.68661620000057;-4.7026;0.0000;16.5974 
71.7503400000005;-6.7259;0.0000;-7.0568 
71.79828880000059;-6.5007;0.0000;0.7214 
71.84644340000159;-12.6282;0.0000;2.1827 
71.894542;-6.7259;0.0000;-1.0769 
71.94252830000005;-8.3053;0.0000;4.0534 
72.00616780000018;-8.0793;0.0000;-4.9313 
72.05432350000046;-9.6641;0.0000;4.8849 
72.1025883000002;-10.3455;0.0000;-4.8854 
72.16637550000087;-11.4846;0.0000;-0.7667 
72.21445270000004;-12.1702;0.0000;3.8922 
72.26254030000018;-11.0284;0.0000;-4.1164 
72.32630550000067;-12.1702;0.0000;-3.7360 
72.37452290000147;-12.1702;0.0000;-4.1164 
72.42246840000007;-11.2564;0.0000;-3.4863 
72.4865348000003;-11.2564;0.0000;0.7869 
72.5343967000008;-11.9414;0.0000;4.8819 
72.58254980000129;-5.1516;0.0000;16.7185 
72.64629700000114;-8.0793;0.0000;-3.0317 
72.6943183000003;-6.0507;0.0000;4.6917 
72.74234250000154;-3.1331;0.0000;-13.9646 
72.79055490000064;-2.2374;0.0000;7.5816 
72.85414459999993;-1.5660;0.0000;-10.5156 
72.90233090000038;2.4613;0.0000;2.8104 
72.95027389999996;3.5813;0.0000;-5.0331 
72.99824369999988;7.4021;0.0000;3.8714 
73.04628709999997;6.0507;0.0000;4.1484 
73.09432960000049;8.7577;0.0000;-5.4356 
73.14235060000101;5.3763;0.0000;10.5295 
73.19053730000087;10.5730;0.0000;-8.2479 
73.2542723000006;11.0284;0.0000;-8.0070 
73.30230160000065;10.8006;0.0000;-5.0806 
73.35047230000055;12.8576;0.0000;7.3149 
73.39853660000153;12.1702;0.0000;-0.7905 
73.44690190000074;11.4846;0.0000;0.4935 
73.51031760000114;12.1702;0.0000;6.0337 
73.5582542000011;12.8576;0.0000;4.1185 
73.60647080000126;12.1702;0.0000;3.3136 
73.65428109999993;12.1702;0.0000;0.1785 
73.70241500000157;12.8576;0.0000;0.4935 
73.75041770000098;12.8576;0.0000;5.5084 
73.8142742;12.6282;0.0000;0.4691 
73.86234350000086;11.4846;0.0000;1.8422 
73.91027380000014;11.7129;0.0000;2.0927 
73.95851510000102;11.7129;0.0000;5.1301 
74.00651300000027;12.6282;0.0000;3.5618 
74.05455380000058;11.7129;0.0000;1.6844 
74.10259660000156;11.9414;0.0000;1.0354 
74.16638300000159;12.1702;0.0000;1.8666 
74.21437960000003;12.8576;0.0000;2.0688 
74.26230870000109;12.6282;0.0000;2.2027 
74.31043600000157;12.3991;0.0000;0.7405 
74.35835130000123;12.1702;0.0000;3.8471 
74.40642670000125;12.3991;0.0000;2.2267 
74.45448130000113;12.3991;0.0000;2.5878 
74.51821000000018;12.1702;0.0000;0.6958 
74.56634760000088;12.8576;0.0000;3.0180 
74.61425930000041;13.0871;0.0000;1.4134 
74.66232510000009;12.1702;0.0000;1.4574 
74.71047450000151;11.4846;0.0000;0.4935 
74.75844470000084;12.1702;0.0000;3.8256 
74.8065974000001;11.2564;0.0000;-0.7663 
74.87049840000145;13.0871;0.0000;4.7291 
74.91823900000054;12.1702;0.0000;2.7173 
74.96636740000031;11.4846;0.0000;0.6513 
75.01504569999997;12.1702;0.0000;3.8256 
75.06254050000098;12.8576;0.0000;2.2267 
75.11058810000031;11.7129;0.0000;3.4621 
75.15845580000132;12.6282;0.0000;1.0354 
75.2222053000005;11.4846;0.0000;2.0000 
75.27033920000031;12.3991;0.0000;-0.5848 
75.31837970000015;12.3991;0.0000;3.5309 
75.3664387000008;11.7129;0.0000;1.9555 
75.41445410000051;11.7129;0.0000;2.7690 
75.4625300000007;10.8006;0.0000;5.4459 
75.52611280000019;11.7129;0.0000;1.6448 
75.5741495000002;12.3991;0.0000;1.9797 
75.62223679999988;11.4846;0.0000;2.9003 
75.67051440000068;11.4846;0.0000;-0.5848 
75.71848520000094;11.0284;0.0000;2.7239 
75.76649990000078;12.1702;0.0000;2.9496 
75.83020270000088;12.1702;0.0000;3.4863 
75.87822850000157;11.2564;0.0000;2.0688 
75.9262800000015;11.0284;0.0000;2.2056 
75.97445980000157;11.7129;0.0000;1.3741 
76.02226390000033;11.4846;0.0000;1.9797 
76.07043810000141;11.9414;0.0000;2.0927 
76.11858250000114;11.7129;0.0000;0.6067 
76.18214550000084;12.1702;0.0000;1.9797 
76.23025380000036;11.7129;0.0000;2.3847 
76.27822930000002;11.0284;0.0000;2.1373 
76.32638010000119;12.1702;0.0000;2.6337 
76.37443940000048;11.9414;0.0000;3.3286 
76.42248990000007;11.7129;0.0000;2.1820 
76.47060779999993;10.5730;0.0000;2.2951 
76.53464490000079;10.5730;0.0000;2.8591 
76.5822414000013;11.4846;0.0000;3.8038 
76.63024510000105;12.3991;0.0000;1.3064 
76.67834070000026;11.4846;0.0000;2.1134 
76.72644279999986;10.3455;0.0000;2.2503 
76.7743954000016;11.0284;0.0000;2.8139 
76.82258440000078;11.7129;0.0000;0.5860 
76.87053430000014;11.9414;0.0000;2.2951 
76.93417320000117;11.4846;0.0000;2.0242 
76.98224710000068;11.4846;0.0000;3.1954 
77.03041080000003;11.7129;0.0000;3.8256 
77.0783621999999;12.1702;0.0000;1.8223 
77.12642530000085;11.2564;0.0000;2.3847 
77.17426239999986;11.7129;0.0000;0.7881 
77.2225537000013;10.8006;0.0000;4.0285 
77.28623920000064;11.9414;0.0000;4.0063 
77.33426900000086;11.9414;0.0000;0.2916 
77.38253580000128;10.8006;0.0000;0.2916 
77.43037560000084;12.3991;0.0000;4.1640 
77.4782350000005;11.4846;0.0000;3.0577 
77.52689400000054;12.1702;0.0000;3.6678 
77.59015300000101;11.4846;0.0000;-1.0815 
77.6382365999998;10.3455;0.0000;2.0927 
77.68615860000136;11.4846;0.0000;4.0739 
77.73422990000108;11.9414;0.0000;2.5659 
77.78229980000106;12.6282;0.0000;0.6067 
77.83103840000149;11.2564;0.0000;2.7869 
77.87841730000036;11.7129;0.0000;2.6788 
77.92672630000015;12.1702;0.0000;1.0354 
77.9902017000004;11.2564;0.0000;3.6442 
78.03833440000017;11.4846;0.0000;2.6788 
78.0863702000006;11.9414;0.0000;-0.8998 
78.13440840000112;11.7129;0.0000;3.5995 
78.18244360000062;11.7129;0.0000;3.8705 
78.23106640000151;11.4846;0.0000;1.9797 
78.29413970000132;11.2564;0.0000;1.9352 
78.3422309000016;12.1702;0.0000;2.3632 
78.39020370000071;12.1702;0.0000;2.3847 
78.43844180000087;11.4846;0.0000;2.3847 
78.48638700000083;11.4846;0.0000;2.4080 
78.5343926000005;11.2564;0.0000;0.3603 
78.58265410000058;11.2564;0.0000;2.6788 
78.64617830000134;11.4846;0.0000;2.6788 
78.69455759999983;11.4846;0.0000;2.4080 
78.7423830000007;11.9414;0.0000;2.7239 
78.79041049999978;11.9414;0.0000;1.7092 
78.83861600000091;11.4846;0.0000;2.1820 
78.88651560000108;11.9414;0.0000;0.9905 
78.93448160000116;11.2564;0.0000;0.2916 
78.98273800000061;12.1702;0.0000;2.3632 
79.04624300000069;11.4846;0.0000;0.6513 
79.09439730000122;11.0284;0.0000;2.2503 
79.14229310000155;11.2564;0.0000;3.7360 
79.1903510000011;11.2564;0.0000;3.4657 
79.23854870000105;11.9414;0.0000;4.0963 
79.28642450000007;11.4846;0.0000;1.0803 
79.35042070000054;11.0284;0.0000;0.9905 
79.39818230000128;10.8006;0.0000;3.4211 
79.44633780000004;11.9414;0.0000;2.5887 
79.49432460000025;11.2564;0.0000;3.4418 
79.54236550000132;11.0284;0.0000;2.6788 
79.5904696000016;11.9414;0.0000;1.0585 
79.63860260000001;11.2564;0.0000;2.1820 
79.70214530000158;12.3991;0.0000;1.1034 
79.75024819999999;11.7129;0.0000;3.2153 
79.79823340000075;11.0284;0.0000;3.5549 
79.84616920000008;11.7129;0.0000;2.4760 
79.89427760000035;11.4846;0.0000;0.5622 
79.94244720000097;11.7129;0.0000;0.9905 
79.99072140000135;11.0284;0.0000;2.1373 
80.03862280000067;11.9414;0.0000;2.4760 
80.10222140000042;11.7129;0.0000;2.4978 
80.15022620000127;12.3991;0.0000;0.7198 
80.19861910000145;11.0284;0.0000;3.0577 
80.24643670000114;11.2564;0.0000;2.4760 
80.29439600000114;12.3991;0.0000;2.2056 
80.34250580000116;11.4846;0.0000;2.4295 
80.39078800000061;12.1702;0.0000;2.4080 
80.4541962000003;11.7129;0.0000;2.2267 
80.50231130000066;11.2564;0.0000;1.6649 
80.5506118000012;11.2564;0.0000;2.8368 
80.59841589999996;11.7129;0.0000;1.2613 
80.64639870000065;11.7129;0.0000;1.9797 
80.69454820000101;11.2564;0.0000;2.6109 
80.7423314000007;11.9414;0.0000;2.3632 
80.80625540000074;12.6282;0.0000;0.4491 
80.85439970000152;11.0284;0.0000;1.8422 
80.90229100000033;11.4846;0.0000;2.4760 
80.9504624000001;11.9414;0.0000;2.5659 
80.99836050000158;11.7129;0.0000;0.9223 
81.04676760000075;10.8006;0.0000;3.2398 
81.09442130000025;11.2564;0.0000;2.7465 
81.15819879999981;11.7129;0.0000;1.2613 
81.2061776999999;12.8576;0.0000;-0.5400 
81.25454189999982;9.6641;0.0000;-12.1304 
81.30243120000159;8.0793;0.0000;-28.0308 
81.3503225000004;4.9271;0.0000;2.6887 
81.41419940000014;2.6852;0.0000;-12.7442 
81.46223190000092;1.5660;0.0000;3.6965 
81.51019890000134;0.2237;0.0000;-3.3009 
81.55828520000068;-4.2539;0.0000;4.5031 
81.60615920000055;-3.5813;0.0000;0.2501 
81.65458089999993;-4.7026;0.0000;12.5201 
81.70240370000101;-6.9512;0.0000;-14.1145 
81.76610970000002;-6.7259;0.0000;2.8905 
81.81432880000102;-7.4021;0.0000;10.3487 
81.86238930000036;-8.3053;0.0000;-4.2854 
81.91060370000014;-9.4373;0.0000;-3.5137 
81.97423900000103;-8.9841;0.0000;1.1424 
82.02218450000146;-9.2106;0.0000;-8.6852 
82.07038900000043;-11.2564;0.0000;7.6478 
82.1185858000008;-9.2106;0.0000;-7.2465 
82.18233710000095;-11.7129;0.0000;4.6559 
82.23032740000053;-11.9414;0.0000;-7.1798 
82.27849210000022;-11.7129;0.0000;2.0705 
82.34225789999982;-11.2564;0.0000;3.5327 
82.39031410000098;-11.4846;0.0000;8.6613 
82.43841380000049;-3.1331;0.0000;32.8217 
82.48721690000093;-6.9512;0.0000;8.9991 
82.5502546000007;1.3422;0.0000;-42.1021 
82.59833930000059;5.6010;0.0000;4.4898 
82.64633260000119;5.6010;0.0000;1.0975 
82.69449340000028;10.5730;0.0000;8.1675 
82.74230720000014;13.0871;0.0000;-22.6537 
82.80614940000123;13.7770;0.0000;-4.0549 
82.8543539000002;9.8911;0.0000;11.2046 
82.90246930000103;14.4690;0.0000;-7.1989 
82.95038759999989;14.0074;0.0000;-1.2577 
82.99864350000098;15.1631;0.0000;2.1254 
83.0621867000009;15.3950;0.0000;0.4566 
83.11018409999997;16.3252;0.0000;4.7549 
83.15833190000012;15.3950;0.0000;1.4596 
83.20617570000104;17.4941;0.0000;-2.4932 
83.25458470000012;16.7919;0.0000;5.7777 
83.31809860000067;17.0257;0.0000;-2.2183 
83.36626250000154;16.7919;0.0000;5.4016 
83.41430770000079;17.9638;0.0000;3.4517 
83.46242170000005;17.2597;0.0000;3.9666 
83.51040360000115;17.4941;0.0000;5.8937 
83.55857620000097;16.7919;0.0000;5.1698 
83.62212550000004;17.4941;0.0000;1.4272 
83.67023680000057;17.9638;0.0000;5.6164 
83.71817680000095;17.4941;0.0000;0.1985 
83.76620040000125;17.9638;0.0000;5.0075 
83.81451780000134;17.9638;0.0000;1.9400 
83.86276680000083;17.4941;0.0000;2.4276 
83.91018040000017;17.2597;0.0000;3.1043 
83.95869930000117;17.2597;0.0000;1.8027 
84.02218530000027;18.4347;0.0000;3.0587 
84.07041610000124;17.4941;0.0000;3.2869 
84.11822610000127;17.0257;0.0000;4.2405 
84.1663337000009;17.9638;0.0000;7.2658 
84.2144070000013;17.4941;0.0000;3.8452 
84.26269000000138;17.7288;0.0000;4.8454 
84.31042850000085;17.4941;0.0000;3.7987 
84.37421140000151;18.6707;0.0000;3.4278 
84.42236140000023;17.7288;0.0000;5.0343 
84.47033960000044;18.9069;0.0000;1.4525 
84.51836860000003;17.2597;0.0000;3.7047 
84.56644410000081;17.9638;0.0000;3.0587 
84.61456290000024;18.1991;0.0000;3.5199 
84.66263680000156;17.4941;0.0000;3.4034 
84.72621120000076;18.4347;0.0000;5.6581 
84.77430940000158;17.7288;0.0000;5.0297 
84.82228540000142;17.0257;0.0000;3.3117 
84.87060999999994;17.2597;0.0000;3.9841 
84.91852740000104;18.1991;0.0000;5.7741 
84.96648700000151;17.7288;0.0000;-0.0797 
85.01468920000116;17.9638;0.0000;1.8942 
85.0783287000013;17.9638;0.0000;4.9374 
85.12629410000045;18.1991;0.0000;3.8452 
85.17431639999995;17.7288;0.0000;3.7287 
85.22238690000086;18.6707;0.0000;5.0537 
85.27045440000074;18.1991;0.0000;4.2632 
85.31852860000072;17.4941;0.0000;5.9141 
85.36671080000087;18.9069;0.0000;3.9148 
85.43025769999986;17.9638;0.0000;1.6357 
85.478249400001;18.1991;0.0000;2.5491 
85.52629350000097;17.9638;0.0000;4.8210 
85.57425599999988;18.6707;0.0000;3.8452 
85.62258600000132;17.7288;0.0000;4.2632 
85.67057000000023;17.9638;0.0000;2.5439 
85.71855010000036;18.4347;0.0000;3.3576 
85.78217960000075;17.9638;0.0000;2.6388 
85.83020800000122;18.4347;0.0000;3.0336 
85.87824230000115;17.7288;0.0000;3.2869 
85.92634570000155;17.9638;0.0000;2.0563 
85.97436820000075;18.4347;0.0000;3.1954 
86.02232340000046;17.7288;0.0000;4.5421 
86.07097140000042;17.4941;0.0000;2.2186 
86.13405730000159;18.4347;0.0000;2.4973 
86.18226340000001;18.4347;0.0000;4.0564 
86.2302735000012;18.1991;0.0000;3.2869 
86.27837350000118;18.6707;0.0000;2.1484 
86.32624680000117;17.7288;0.0000;3.1701 
86.37431920000017;17.7288;0.0000;1.8942 
86.42250080000122;18.4347;0.0000;2.0563 
86.48629520000031;17.7288;0.0000;4.8669 
86.53417530000115;18.1991;0.0000;4.1244 
86.58277749999979;17.7288;0.0000;1.6615 
86.63027670000156;18.4347;0.0000;3.9614 
86.67831320000005;18.1991;0.0000;1.5449 
86.72638619999998;17.4941;0.0000;3.0790 
86.77432550000049;18.1991;0.0000;5.4951 
86.83803210000042;18.4347;0.0000;1.3379 
86.88608540000132;17.7288;0.0000;3.1245 
86.93429340000148;17.4941;0.0000;3.7987 
86.9822949999998;17.2597;0.0000;3.1043 
87.03033950000099;17.4941;0.0000;5.7741 
87.07843830000093;18.1991;0.0000;3.2659 
87.12665580000066;17.4941;0.0000;3.8917 
87.19007070000043;17.2597;0.0000;3.1043 
87.2381529000013;18.4347;0.0000;2.6132 
87.28621170000042;16.5584;0.0000;7.1005 
87.33437630000117;17.0257;0.0000;4.2153 
87.38227880000159;17.4941;0.0000;3.6596 
87.43032219999986;17.4941;0.0000;4.8454 
87.47841490000064;17.4941;0.0000;2.0103 
87.52660610000021;17.2597;0.0000;2.9428 
87.59018170000127;17.4941;0.0000;3.3819 
87.63819690000128;17.7288;0.0000;1.8484 
87.6863658000002;18.4347;0.0000;-0.1696 
87.73452739999993;19.1435;0.0000;-1.7753 
87.78244910000103;16.3252;0.0000;0.5221 
87.84617179999987;14.0074;0.0000;-0.5990 
87.89442560000134;14.4690;0.0000;-10.9520 
87.94233030000032;13.3169;0.0000;12.9037 
87.99050380000153;9.6641;0.0000;-9.3647 
88.05421449999994;6.9512;0.0000;-23.7666 
88.10224620000008;5.3763;0.0000;13.3253 
88.15032630000132;2.6852;0.0000;8.4515 
88.19831180000074;2.6852;0.0000;12.3304 
88.24631850000151;1.3422;0.0000;-0.8651 
88.29448300000149;-0.4474;0.0000;4.8514 
88.34245720000035;-0.6711;0.0000;2.5928 
88.40598080000018;-2.4613;0.0000;-8.6365 
88.45432940000137;-3.1331;0.0000;13.6928 
88.50228340000103;-3.3572;0.0000;-2.3410 
88.55057450000095;-4.9271;0.0000;-5.8397 
88.61411720000069;-3.5813;0.0000;6.4322 
88.66228360000059;-5.6010;0.0000;-9.6504 
88.71091429999979;-6.0507;0.0000;-2.6703 
88.7584822000008;-6.5007;0.0000;4.0180 
88.80669520000083;-6.5007;0.0000;2.6676 
88.87016940000103;-6.9512;0.0000;-3.0024 
88.91830830000072;-7.4021;0.0000;-3.0910 
88.9669468000011;-7.8535;0.0000;-4.4413 
89.01438270000108;-8.3053;0.0000;0.9841 
89.07849280000119;-8.0793;0.0000;-2.8888 
89.12626840000121;-8.9841;0.0000;-0.4779 
89.17426920000071;-8.9841;0.0000;-1.7604 
89.22229479999987;-9.6641;0.0000;-0.9694 
89.2861739;-10.8006;0.0000;0.1500 
89.3344044000005;-11.2564;0.0000;-20.7067 
89.38243010000042;-11.9414;0.0000;7.0765 
89.44619050000074;-13.3169;0.0000;4.7382 
89.49454700000024;-12.8576;0.0000;-0.0922 
89.54242350000095;-13.0871;0.0000;4.5682 
89.60620850000123;-14.0074;0.0000;-4.6176 
89.65466910000032;-13.7770;0.0000;-5.1026 
89.71812460000001;-13.5468;0.0000;-3.3371 
89.76626840000063;-14.4690;0.0000;-6.2861 
89.81444230000125;-14.4690;0.0000;-1.2581 
89.87820590000047;-14.9315;0.0000;-2.8351 
89.92619809999997;-14.7001;0.0000;-3.0857 
89.97452010000052;-14.4690;0.0000;-4.2979 
90.03834700000152;-15.1631;0.0000;-1.5772 
90.08653709999999;-14.4690;0.0000;-5.8061 
90.15019660000144;-15.1631;0.0000;-2.9947 
90.19830499999989;-15.6271;0.0000;-4.2286 
90.24640379999983;-15.1631;0.0000;-4.1590 
90.31039380000038;-15.8595;0.0000;-0.2963 
90.35833730000013;-16.0922;0.0000;-4.0440 
90.4220948000002;-15.3950;0.0000;-4.2494 
90.4703141000009;-15.6271;0.0000;-5.0765 
90.51838480000151;-15.8595;0.0000;1.1905 
90.58205350000026;-15.8595;0.0000;-4.6858 
90.63027200000033;-15.6271;0.0000;-3.2683 
90.69415160000062;-15.1631;0.0000;-0.2270 
90.742395700001;-15.1631;0.0000;0.0239 
90.79027180000048;-14.2381;0.0000;-0.7778 
90.83841160000156;-13.3169;0.0000;5.0927 
90.902254300001;-7.6277;0.0000;18.5015 
90.95037020000018;-8.7577;0.0000;-29.2015 
91.0141891000003;-5.1516;0.0000;-4.8952 
91.0623228000004;-4.4782;0.0000;2.0001 
91.1105392999998;-2.4613;0.0000;-10.3353 
91.15848940000069;-1.5660;0.0000;2.9966 
91.22205540000141;-0.8948;0.0000;-1.7244 
91.27030310000009;-0.2237;0.0000;2.1693 
91.31828270000005;0.8948;0.0000;-6.5133 
91.36623580000014;0.8948;0.0000;1.1293 
91.41420930000095;3.3572;0.0000;-5.5208 
91.46219300000121;3.1331;0.0000;5.0652 
91.51046540000061;3.3572;0.0000;-1.2677 
91.55837840000095;4.9271;0.0000;-3.5947 
91.60648600000059;4.2539;0.0000;5.0629 
91.65442510000139;4.9271;0.0000;-1.5365 
91.70278300000064;5.1516;0.0000;-2.8216 
91.76606150000043;6.5007;0.0000;4.4654 
91.81415790000028;6.0507;0.0000;-0.4546 
91.86232480000035;6.2757;0.0000;2.4309 
91.91035040000133;8.5314;0.0000;2.9582 
91.95835430000079;7.4021;0.0000;6.5616 
92.00623220000125;8.7577;0.0000;2.3868 
92.05437070000153;9.4373;0.0000;-2.0671 
92.1023425000003;9.6641;0.0000;10.5109 
92.1506989999998;9.4373;0.0000;-5.6636 
92.19845660000101;11.0284;0.0000;4.6809 
92.2463957;11.7129;0.0000;4.6814 
92.31032080000114;11.7129;0.0000;11.1160 
92.35836500000005;14.7001;0.0000;11.1159 
92.40640359999998;14.0074;0.0000;-4.3669 
92.45466230000056;15.1631;0.0000;-8.2766 
92.5182302000012;15.1631;0.0000;2.6513 
92.56623350000154;14.4690;0.0000;5.3267 
92.61448440000095;14.2381;0.0000;18.2682 
92.66246430000137;15.6271;0.0000;-15.6137 
92.72607130000142;15.3950;0.0000;3.5442 
92.77414640000097;14.9315;0.0000;-0.4582 
92.82223789999989;12.6282;0.0000;-8.7461 
92.87078509999992;14.0074;0.0000;-11.7008 
92.93425060000118;11.4846;0.0000;11.2401 
92.98243040000125;7.1766;0.0000;-9.0747 
93.03048330000092;7.4021;0.0000;-12.4398 
93.07855130000098;3.8054;0.0000;27.1390 
93.12631230000079;3.1331;0.0000;14.7914 
93.19014270000116;1.1185;0.0000;-18.4571 
93.23805640000137;1.5660;0.0000;17.5129 
93.28634229999989;0.6711;0.0000;-4.5639 
93.33438910000041;-0.2237;0.0000;-16.3379 
93.38243710000097;4.0296;0.0000;-5.2503 
93.43055350000031;-0.2237;0.0000;-3.8749 
93.47839300000123;0.2237;0.0000;0.4197 
93.54217960000096;0.4474;0.0000;-0.9101 
93.59016599999995;0.4474;0.0000;1.3507 
93.63854210000136;-0.6711;0.0000;-0.2214 
93.68633190000037;0.2237;0.0000;-0.1315 
93.73420249999981;0.4474;0.0000;3.8060 
93.78242160000082;0.0000;0.0000;-0.0669 
93.83033630000136;0.4474;0.0000;0.1545 
93.87843240000075;0.2237;0.0000;-0.0669 
93.92660210000031;0.0000;0.0000;0.0438 
93.97440190000088;0.2237;0.0000;0.0000 
94.02232820000063;0.2237;0.0000;0.0438 
94.07086570000138;0.0000;0.0000;0.0438 
94.13411970000016;0.0000;0.0000;0.1545 
94.18223510000098;0.0000;0.0000;0.3090 
94.2302348000012;0.0000;0.0000;0.1545 
94.27827440000146;0.2237;0.0000;-0.1545 
94.32622880000054;0.2237;0.0000;0.1983 
94.37427639999987;0.0000;0.0000;0.0438 
94.42237220000061;0.2237;0.0000;0.1545 
94.47035300000061;0.0000;0.0000;-0.1107 
94.51836790000016;0.4474;0.0000;0.1545 
94.56644570000026;0.0000;0.0000;-0.0669 
94.61428740000156;0.4474;0.0000;1.5720 
94.66239649999989;0.0000;0.0000;1.3507 
94.71022550000089;0.2237;0.0000;-1.4175 
94.77414680000038;-1.3422;0.0000;0.0438 
94.82211840000127;-0.2237;0.0000;-6.2422 
94.87016640000002;0.4474;0.0000;-20.6885 
94.91840110000157;-0.6711;0.0000;-4.6019 
94.96634559999984;-6.0507;0.0000;1.8011 
95.0303068000012;-2.9091;0.0000;-0.4592 
95.07852640000056;-6.9512;0.0000;3.8612 
95.12626210000053;-5.6010;0.0000;0.9881 
95.1743445000011;-5.6010;0.0000;1.5823 
95.22232630000144;-5.8258;0.0000;1.9109 
95.27064640000026;-7.1766;0.0000;-1.7633 
95.3341803000003;-7.1766;0.0000;-1.4062 
95.3822465000012;-8.0793;0.0000;-4.2412 
95.43040699999983;-7.8535;0.0000;-2.8446 
95.49434500000098;-7.8535;0.0000;-0.1213 
95.54220230000101;-8.3053;0.0000;0.9841 
95.5903457000004;-8.3053;0.0000;-3.0449 
95.63826930000141;-8.9841;0.0000;-1.4713 
95.68653020000056;-8.3053;0.0000;0.1260 
95.75015280000116;-9.2106;0.0000;-3.2011 
95.7982591;-8.0793;0.0000;-1.0233 
95.84658990000025;-8.7577;0.0000;-3.1567 
95.8941990000003;-8.3053;0.0000;-1.4035 
95.95822570000018;-8.7577;0.0000;-1.7836 
96.00622300000032;-8.5314;0.0000;-3.1335 
96.05457220000062;-9.2106;0.0000;-3.5583 
96.1182217000005;-9.4373;0.0000;-3.5355 
96.16630799999984;-8.9841;0.0000;-1.8492 
96.21420110000145;-9.4373;0.0000;-6.1694 
96.26241889999983;-10.8006;0.0000;-0.7451 
96.32625650000045;-10.5730;0.0000;-3.8530 
96.37450720000015;-10.3455;0.0000;-0.4971 
96.42311370000061;-11.9414;0.0000;-6.5940 
96.48639770000045;-11.2564;0.0000;-0.2917 
96.53444170000148;-10.3455;0.0000;-0.3160 
96.59817000000112;-11.9414;0.0000;-0.9273 
96.64637330000005;-11.9414;0.0000;-2.9693 
96.6943949000015;-11.0284;0.0000;0.3372 
96.75820500000009;-11.7129;0.0000;-2.7916 
96.80650640000022;-11.7129;0.0000;-2.6109 
96.87001830000008;-11.7129;0.0000;-0.8775 
96.91827800000101;-11.7129;0.0000;-1.9797 
96.96637770000052;-9.6641;0.0000;-2.2951 
97.03012710000075;-12.6282;0.0000;-1.7336 
97.07824210000035;-12.3991;0.0000;-3.4175 
97.14213200000086;-13.7770;0.0000;-3.3730 
97.19024060000083;-13.3169;0.0000;-1.5896 
97.23850330000096;-11.9414;0.0000;-1.9754 
97.3022789000006;-12.3991;0.0000;-2.6560 
97.35031859999981;-12.3991;0.0000;-3.6889 
97.41403690000152;-11.9414;0.0000;-2.1134 
97.46212910000031;-13.0871;0.0000;-2.3398 
97.5104263000012;-12.1702;0.0000;-1.6151 
97.57491690000097;-12.1702;0.0000;-2.3847 
97.62224260000039;-12.3991;0.0000;-2.5428 
97.68608200000017;-12.3991;0.0000;-2.1134 
97.7341632000007;-11.9414;0.0000;0.2472 
97.78246740000031;-12.3991;0.0000;-4.0735 
97.84623270000156;-12.1702;0.0000;-2.2714 
97.89425720000145;-12.8576;0.0000;-3.9603 
97.94239710000147;-11.7129;0.0000;-4.5637 
98.00626300000113;-11.4846;0.0000;-1.5098 
98.05460560000029;-12.3991;0.0000;-2.8820 
98.11826699999983;-12.1702;0.0000;-2.4295 
98.1662479000006;-11.9414;0.0000;-2.8595 
98.21439180000016;-12.8576;0.0000;0.4952 
98.27828800000134;-12.8576;0.0000;-2.2027 
98.32662400000117;-12.1702;0.0000;-2.5193 
98.39010790000066;-12.8576;0.0000;-2.8595 
98.43826290000106;-12.8576;0.0000;-2.0445 
98.48647130000063;-12.1702;0.0000;-2.3609 
98.55019330000141;-12.3991;0.0000;-4.1186 
98.59830650000004;-12.6282;0.0000;-2.5878 
98.66217040000083;-12.6282;0.0000;-2.3161 
98.71028819999992;-12.3991;0.0000;-0.7405 
98.75839310000083;-12.3991;0.0000;-2.7462 
98.82202940000025;-10.3455;0.0000;-1.4872 
98.87043530000119;-12.3991;0.0000;-6.2806 
98.93412480000006;-12.3991;0.0000;-2.1134 
98.98231980000128;-13.0871;0.0000;-2.5878 
99.03035810000074;-12.6282;0.0000;-2.2474 
99.0941711000014;-12.8576;0.0000;-2.4744 
99.14232439999978;-12.8576;0.0000;-2.2027 
99.2060719000001;-13.0871;0.0000;-2.5193 
99.2541794000008;-12.3991;0.0000;-2.5643 
99.30239059999985;-12.3991;0.0000;-2.7462 
99.36629540000104;-12.3991;0.0000;-2.9047 
99.41424910000023;-12.8576;0.0000;-2.2823 
99.47812470000099;-13.3169;0.0000;-2.6779 
99.5262117000002;-13.0871;0.0000;0.5429 
99.57443260000036;-12.6282;0.0000;-2.4058 
99.63808040000004;-13.0871;0.0000;-2.6328 
99.68632419999994;-13.3169;0.0000;-2.5643 
99.73481900000115;-12.8576;0.0000;-1.8173 
99.79817900000126;-12.8576;0.0000;-2.5193 
99.84635180000078;-13.0871;0.0000;-2.3609 
99.91043619999982;-12.3991;0.0000;-2.4058 
99.95830879999994;-13.5468;0.0000;-1.3287 
100.00664790000155;-13.0871;0.0000;-0.9193 
100.07042150000052;-13.7770;0.0000;-3.5066 
100.11836200000107;-12.8576;0.0000;-2.2229 
100.18231910000031;-12.6282;0.0000;-2.2027 
100.23035970000092;-13.3169;0.0000;-1.6914 
100.27847389999988;-13.3169;0.0000;-2.2921 
100.34234690000085;-12.6282;0.0000;-4.1857 
100.39032039999984;-12.6282;0.0000;-4.6854 
100.45416880000084;-12.8576;0.0000;-1.2153 
100.50248270000156;-12.8576;0.0000;-1.2604 
100.55051590000039;-13.0871;0.0000;-2.8366 
100.61427170000024;-13.3169;0.0000;-1.9310 
100.66241470000023;-13.0871;0.0000;-2.6093 
100.72616180000114;-12.8576;0.0000;-2.8819 
100.77456789999997;-12.6282;0.0000;-2.6779 
100.8222405000015;-13.5468;0.0000;-2.9501 
100.8862893000005;-13.0871;0.0000;-2.3368 
100.93426350000118;-13.3169;0.0000;-2.5643 
100.99818080000114;-12.8576;0.0000;-2.6093 
101.04631010000048;-12.8576;0.0000;-1.4191 
101.094378400001;-13.5468;0.0000;-0.9434 
101.15825030000087;-13.7770;0.0000;-2.4955 
101.20649200000116;-13.7770;0.0000;-2.3816 
101.27062190000106;-12.8576;0.0000;-1.1230 
101.31840630000079;-12.8576;0.0000;-2.5193 
101.3662218999998;-13.0871;0.0000;-4.4130 
101.43024490000062;-12.8576;0.0000;-2.4058 
101.47834900000089;-12.6282;0.0000;-2.8366 
101.54231260000051;-13.5468;0.0000;-1.2153 
101.59029330000158;-13.5468;0.0000;-1.3959 
101.63859180000145;-12.6282;0.0000;-0.9193 
101.70219309999993;-14.4690;0.0000;-1.5326 
101.7503738000014;-13.7770;0.0000;-2.0393 
101.81417350000083;-13.5468;0.0000;-3.4819 
101.86234370000057;-13.0871;0.0000;-2.4955 
101.91040950000024;-13.0871;0.0000;-3.8233 
101.97410090000085;-12.8576;0.0000;-2.4058 
102.02238949999992;-12.8576;0.0000;-2.6779 
102.0861119000001;-13.0871;0.0000;-1.4191 
102.13424970000051;-13.5468;0.0000;-3.9818 
102.18238999999994;-13.5468;0.0000;-2.3368 
102.24627839999994;-13.5468;0.0000;-2.8134 
102.29427980000037;-13.7770;0.0000;-0.6024 
102.35820849999982;-13.3169;0.0000;-4.2762 
102.40624080000089;-13.0871;0.0000;-2.6093 
102.45426810000026;-13.5468;0.0000;-1.7825 
102.51816710000094;-13.5468;0.0000;-2.3368 
102.56638209999983;-13.3169;0.0000;-2.3368 
102.63012620000154;-13.0871;0.0000;-1.5097 
102.6783505000003;-13.0871;0.0000;-3.9818 
102.72658150000098;-14.0074;0.0000;-1.3055 
102.79016890000094;-13.3169;0.0000;-2.7447 
102.83823930000108;-13.3169;0.0000;-2.9272 
102.9021900000007;-13.7770;0.0000;-3.8681 
102.95064300000013;-13.3169;0.0000;-3.7992 
102.99844920000032;-13.3169;0.0000;-2.7682 
103.06227740000031;-13.0871;0.0000;-2.7682 
103.11055390000001;-13.5468;0.0000;-0.8298 
103.17419669999981;-14.0074;0.0000;-3.7544 
103.22232280000026;-13.5468;0.0000;-0.5329 
103.27058020000004;-13.3169;0.0000;-3.9131 
103.3342346999998;-13.7770;0.0000;-3.8681 
103.38243590000093;-13.3169;0.0000;-2.3816 
103.44618780000019;-12.8576;0.0000;0.0668 
103.49430340000072;-13.3169;0.0000;-3.1545 
103.54237980000107;-13.5468;0.0000;-1.1918 
103.60626800000136;-13.3169;0.0000;-2.3368 
103.65436410000075;-13.5468;0.0000;-5.6032 
103.71801480000067;-13.0871;0.0000;-2.9726 
103.7663147000003;-13.5468;0.0000;-2.7230 
103.81443470000158;-13.0871;0.0000;-2.6544 
103.8782239000011;-13.3169;0.0000;-2.8819 
103.9264604;-13.5468;0.0000;-0.8746 
103.99009110000043;-13.5468;0.0000;-2.8134 
104.03819960000146;-13.5468;0.0000;-2.4955 
104.08663230000093;-13.7770;0.0000;-2.6544 
104.15026200000102;-13.0871;0.0000;-2.3816 
104.19816560000072;-13.3169;0.0000;-2.7230 
104.26212430000123;-13.5468;0.0000;-4.0269 
104.31027690000155;-13.7770;0.0000;-2.8134 
104.35837340000035;-14.0074;0.0000;-1.1230 
104.42214349999995;-13.5468;0.0000;-0.6914 
104.47091259999979;-13.7770;0.0000;-1.8616 
104.53405560000101;-14.0074;0.0000;-3.9580 
104.58224690000134;-13.3169;0.0000;-2.5855 
104.63034760000119;-14.0074;0.0000;-2.6093 
104.69430250000005;-13.5468;0.0000;-2.1089 
104.74230660000103;-13.0871;0.0000;-1.2369 
104.80638350000117;-13.0871;0.0000;-3.9818 
104.8543707000008;-13.5468;0.0000;-2.8819 
104.90248020000035;-13.5468;0.0000;-3.9131 
104.96620830000029;-13.0871;0.0000;-2.1783 
105.01446390000092;-13.7770;0.0000;-3.0409 
105.07808680000016;-13.3169;0.0000;-2.6995 
105.12627950000024;-13.7770;0.0000;-4.6632 
105.17447790000006;-13.3169;0.0000;-3.7992 
105.23824779999995;-14.0074;0.0000;-4.5039 
105.28636470000129;-13.3169;0.0000;-1.6460 
105.35011649999979;-13.0871;0.0000;-2.6093 
105.39826540000104;-13.5468;0.0000;-1.3055 
105.44634770000084;-13.5468;0.0000;-1.7144 
105.51006720000078;-13.5468;0.0000;-4.0719 
105.55851310000071;-14.2381;0.0000;-3.5958 
105.62248259999978;-13.0871;0.0000;-2.9493 
105.67038460000003;-13.3169;0.0000;-3.3594 
105.7184038000014;-13.3169;0.0000;-2.4506 
105.78219340000032;-14.0074;0.0000;-4.5039 
105.8303947000004;-14.4690;0.0000;-2.4265 
105.89407040000151;-13.7770;0.0000;-2.1981 
105.94225850000112;-13.5468;0.0000;-0.9641 
105.99033920000147;-13.5468;0.0000;-3.9131 
106.05411989999993;-13.5468;0.0000;-2.3368 
106.1023083;-13.5468;0.0000;-2.8134 
106.16607509999994;-13.3169;0.0000;-2.4955 
106.21423480000158;-13.7770;0.0000;-4.3447 
106.26242160000038;-13.0871;0.0000;-1.2820 
106.32624440000109;-13.5468;0.0000;-2.8819 
106.37434639999992;-13.5468;0.0000;-4.2309 
106.43812020000041;-13.3169;0.0000;-1.8739 
106.4863533000007;-13.7770;0.0000;-3.2457 
106.53436000000147;-13.3169;0.0000;-0.9641 
106.5982311000007;-13.5468;0.0000;-4.1857 
106.64650480000091;-13.3169;0.0000;-4.5494 
106.71009659999982;-13.7770;0.0000;-2.9272 
106.75828710000133;-14.0074;0.0000;-2.6995 
106.80637990000105;-13.7770;0.0000;-1.1680 
106.87044610000157;-12.8576;0.0000;-2.2229 
106.91880760000095;-14.2381;0.0000;-1.4191 
106.98231720000149;-13.3169;0.0000;-1.9948 
107.03012710000075;-13.3169;0.0000;-5.7622 
107.07866220000142;-13.7770;0.0000;-2.4506 
107.14234570000008;-13.7770;0.0000;-2.2229 
107.19057040000007;-14.0074;0.0000;-4.1170 
107.25419200000033;-13.3169;0.0000;-0.8501 
107.30238740000095;-13.5468;0.0000;-2.6093 
107.35034090000045;-13.3169;0.0000;-2.6544 
107.41414100000111;-13.3169;0.0000;-3.8681 
107.46240990000115;-14.0074;0.0000;-4.5039 
107.52619910000067;-13.0871;0.0000;-2.2676 
107.57444470000155;-13.5468;0.0000;-0.9883 
107.62263880000137;-13.7770;0.0000;-1.5551 
107.68639059999987;-13.3169;0.0000;-2.3816 
107.73429600000054;-13.5468;0.0000;-3.5512 
107.79817110000113;-13.3169;0.0000;-2.6544 
107.84615070000109;-13.0871;0.0000;-2.9272 
107.8942533999998;-13.5468;0.0000;-5.0824 
107.95810950000123;-13.5468;0.0000;-3.7544 
108.00623550000091;-13.5468;0.0000;-2.6544 
108.07015150000007;-13.0871;0.0000;-1.2369 
108.11827340000127;-13.3169;0.0000;-2.7230 
108.16652050000084;-13.5468;0.0000;-4.0268 
108.23019940000086;-13.3169;0.0000;-4.2309 
108.27914310000051;-13.7770;0.0000;-2.7682 
108.34221059999982;-13.5468;0.0000;-2.0644 
108.3902119000013;-13.5468;0.0000;-2.6544 
108.43818300000021;-13.3169;0.0000;-0.9193 
108.50217500000144;-13.3169;0.0000;-1.0331 
108.55033730000105;-13.3169;0.0000;-2.7682 
108.61406180000085;-13.7770;0.0000;-2.7682 
108.66228709999996;-13.3169;0.0000;-3.7992 
108.71119640000143;-13.5468;0.0000;-2.7682 
108.77420250000068;-13.5468;0.0000;-1.0780 
108.8223037000007;-13.5468;0.0000;-4.0719 
108.88619040000049;-13.7770;0.0000;-3.9131 
108.9343202;-12.8576;0.0000;-2.3816 
108.98237110000082;-14.0074;0.0000;-1.2604 
109.04616990000068;-13.5468;0.0000;-2.1089 
109.09440870000071;-13.5468;0.0000;-2.6544 
109.15835280000101;-13.3169;0.0000;-2.3368 
109.20612200000141;-13.5468;0.0000;-1.1918 
109.2544667000002;-13.5468;0.0000;-1.3959 
109.31810170000062;-12.6282;0.0000;-0.9193 
109.36653490000026;-13.7770;0.0000;-4.3676 
109.43019370000002;-14.0074;0.0000;-2.3816 
109.47825410000041;-12.6282;0.0000;-0.8501 
109.52627410000059;-13.0871;0.0000;-5.9439 
109.59014220000063;-12.8576;0.0000;-2.8819 
109.63830229999985;-13.0871;0.0000;-4.5720 
109.70215550000103;-12.8576;0.0000;-2.5643 
109.75024769999982;-13.3169;0.0000;-4.0954 
109.79848630000015;-13.0871;0.0000;-2.6093 
109.86230890000115;-13.5468;0.0000;-2.4058 
109.91029330000129;-13.3169;0.0000;-2.3368 
109.97420500000044;-13.3169;0.0000;-2.1337 
110.02221620000091;-13.5468;0.0000;-1.3507 
110.07050230000095;-13.5468;0.0000;-2.1783 
110.13422770000034;-13.3169;0.0000;-4.3901 
110.18242030000147;-13.5468;0.0000;-2.6093 
110.24618210000153;-13.0871;0.0000;-2.8134 
110.29425010000159;-13.0871;0.0000;-1.1468 
110.34241100000145;-13.7770;0.0000;-4.1405 
110.40618330000143;-13.7770;0.0000;-2.3816 
110.45441960000062;-12.6282;0.0000;-5.0580 
110.51827779999985;-13.0871;0.0000;-1.3739 
110.56622750000133;-13.7770;0.0000;-1.1468 
110.6144232000006;-13.0871;0.0000;-4.1170 
110.67824220000148;-13.7770;0.0000;-1.1468 
110.72628320000149;-13.7770;0.0000;-1.2820 
110.79014060000009;-13.3169;0.0000;-2.6995 
110.83806569999979;-12.8576;0.0000;-2.6093 
110.88644890000069;-14.0074;0.0000;-2.8366 
110.95028280000042;-13.0871;0.0000;-2.4265 
110.9983624000015;-12.6282;0.0000;-2.7230 
111.06214460000047;-13.3169;0.0000;-2.9501 
111.11027840000133;-13.0871;0.0000;-3.0864 
111.15864540000075;-13.3169;0.0000;-0.8298 
111.22226360000059;-13.5468;0.0000;-1.0331 
111.27030150000064;-12.6282;0.0000;-1.3959 
111.33429230000002;-13.0871;0.0000;-1.5326 
111.3824235000011;-13.5468;0.0000;-2.7230 
111.43034140000054;-13.0871;0.0000;-2.3368 
111.49422800000139;-14.0074;0.0000;-2.8819 
111.5424163000007;-12.8576;0.0000;-2.2676 
111.60605960000066;-12.6282;0.0000;-4.0954 
111.65431770000032;-13.7770;0.0000;-2.9501 
111.70266290000109;-13.0871;0.0000;-2.5405 
111.76621720000003;-12.6282;0.0000;-2.5643 
111.8142740000003;-12.8576;0.0000;-2.6328 
111.87813480000113;-12.8576;0.0000;-2.5193 
111.92619100000047;-13.0871;0.0000;-2.8366 
111.97435200000109;-12.6282;0.0000;-0.9883 
112.03812950000065;-13.0871;0.0000;-4.2089 
112.08658450000075;-13.0871;0.0000;-2.4058 
112.15005550000024;-12.6282;0.0000;-0.9883 
112.19821720000073;-13.5468;0.0000;-1.0569 
112.24636090000058;-13.0871;0.0000;-2.4955 
112.31019650000053;-12.8576;0.0000;-3.8233 
112.35846450000099;-13.0871;0.0000;-4.5720 
112.42203930000142;-13.3169;0.0000;-1.3055 
112.47042000000147;-13.7770;0.0000;-3.7096 
112.51829350000116;-13.0871;0.0000;-2.2229 
112.58213350000005;-12.6282;0.0000;-1.3055 
112.6303837000014;-12.8576;0.0000;-4.0503 
112.6940392000015;-13.0871;0.0000;-1.2604 
112.74217600000156;-13.0871;0.0000;-4.2994 
112.79036000000087;-12.6282;0.0000;-1.3055 
112.8542354000001;-12.8576;0.0000;-1.2153 
112.90218040000036;-12.6282;0.0000;-3.1545 
112.96619629999987;-13.0871;0.0000;-2.9501 
113.01427220000005;-13.5468;0.0000;-2.4058 
113.06230020000112;-12.8576;0.0000;-4.0719 
113.12620650000099;-13.5468;0.0000;-1.1018 
113.17438630000106;-13.0871;0.0000;-2.6544 
113.23807269999998;-13.3169;0.0000;-4.1405 
113.28631160000077;-13.3169;0.0000;-2.2921 
113.3342862999998;-12.6282;0.0000;-1.0331 
113.39813520000098;-12.8576;0.0000;-1.5326 
113.44642480000039;-12.6282;0.0000;-2.9955 
113.51010330000099;-14.2381;0.0000;-4.2254 
113.55821430000105;-13.0871;0.0000;-1.2130 
113.60658970000077;-13.3169;0.0000;-2.7230 
113.67023070000141;-13.7770;0.0000;-0.8746 
113.71837420000156;-13.7770;0.0000;-1.7477 
113.78234220000013;-12.8576;0.0000;-2.6995 
113.83037730000069;-13.3169;0.0000;-3.9369 
113.87828489999993;-12.8576;0.0000;-1.3507 
113.94220830000086;-13.3169;0.0000;-3.1545 
113.99028120000003;-13.3169;0.0000;-2.2921 
114.05409730000065;-13.0871;0.0000;-3.7096 
114.10221600000114;-13.7770;0.0000;-4.4584 
114.15035450000141;-13.7770;0.0000;-4.1170 
114.21419190000051;-13.3169;0.0000;-0.6469 
114.26230990000113;-13.3169;0.0000;-2.2921 
114.32646870000099;-14.0074;0.0000;-2.2921 
114.37412010000116;-15.3950;0.0000;-0.8444 
114.42243560000134;-13.0871;0.0000;-3.4756 
114.48622860000069;-13.3169;0.0000;-2.7230 
114.53435490000084;-13.0871;0.0000;-1.9754 
114.59809420000056;-13.3169;0.0000;-2.8819 
114.64645520000158;-13.5468;0.0000;-4.3447 
114.69438530000116;-13.0871;0.0000;-2.4955 
114.75844219999999;-13.0871;0.0000;-2.8819 
114.80638809999982;-13.0871;0.0000;-1.3055 
114.87014640000052;-13.7770;0.0000;-2.5643 
114.91825830000016;-13.5468;0.0000;-3.7992 
114.96654070000113;-13.3169;0.0000;-2.6544 
115.03019860000131;-13.0871;0.0000;-3.8681 
115.0782534000009;-13.5468;0.0000;-2.7230 
115.14225340000121;-12.8576;0.0000;-1.0780 
115.19018330000108;-13.0871;0.0000;-4.4130 
115.2385630000008;-13.0871;0.0000;-3.9818 
115.30220370000097;-13.3169;0.0000;-3.0409 
115.35042489999978;-13.3169;0.0000;-0.7162 
115.41416010000103;-13.3169;0.0000;-1.9754 
115.46226190000016;-13.7770;0.0000;-2.7682 
115.51051580000058;-12.6282;0.0000;-2.2229 
115.57420450000063;-14.0074;0.0000;-3.1089 
115.62215450000076;-13.5468;0.0000;-2.2676 
115.68617090000043;-13.7770;0.0000;-2.8134 
115.73447540000052;-13.5468;0.0000;-2.6995 
115.78231250000135;-13.3169;0.0000;-0.7608 
115.84619759999987;-13.7770;0.0000;-3.0864 
115.89419830000043;-13.0871;0.0000;-2.3816 
115.95811719999983;-13.3169;0.0000;-3.0409 
116.00624550000066;-13.5468;0.0000;-2.7682 
116.05438040000081;-13.3169;0.0000;0.4982 
116.11815639999986;-13.5468;0.0000;-4.3447 
116.16621889999988;-13.5468;0.0000;-2.0199 
116.22995450000053;-13.5468;0.0000;-1.3959 
116.27826629999981;-12.8576;0.0000;-2.4955 
116.32616899999994;-13.3169;0.0000;-2.8366 
116.39017760000024;-12.1702;0.0000;-2.6093 
116.43814500000008;-14.7001;0.0000;-3.1767 
116.50214050000068;-12.6282;0.0000;-2.4019 
116.55020640000112;-12.6282;0.0000;-2.3161 
116.5982238000015;-14.0074;0.0000;-2.9501 
116.66204350000044;-14.2381;0.0000;-4.1622 
116.71060180000131;-14.4690;0.0000;-2.4714 
116.77405770000041;-13.5468;0.0000;-0.9396 
116.82219400000031;-13.5468;0.0000;-4.0914 
116.87032309999995;-13.0871;0.0000;-0.6024 
116.93407180000031;-14.2381;0.0000;-2.8819 
116.98218890000135;-13.3169;0.0000;-2.6305 
117.04608499999995;-12.8576;0.0000;-4.1857 
117.09449360000144;-14.0074;0.0000;-2.6779 
117.14241670000047;-14.4690;0.0000;-2.7447 
117.20604810000077;-13.3169;0.0000;-2.0393 
117.25413850000041;-14.0074;0.0000;-2.6093 
117.3180013000001;-12.8576;0.0000;-1.3271 
117.36615800000072;-14.4690;0.0000;-4.5720 
117.41447490000064;-12.3991;0.0000;-2.3571 
117.47826270000041;-14.0074;0.0000;-3.3813 
117.52638149999984;-14.0074;0.0000;-2.9040 
117.5900485000002;-13.7770;0.0000;-2.7447 
117.63806600000134;-14.4690;0.0000;-2.6995 
117.68629030000011;-12.8576;0.0000;-2.3571 
117.75009630000022;-13.7770;0.0000;-1.7370 
117.79826640000101;-13.7770;0.0000;-2.5405 
117.8622288000006;-14.7001;0.0000;-2.8587 
117.91030130000036;-12.6282;0.0000;-2.5612 
117.95817460000035;-14.2381;0.0000;-2.9501 
118.02203000000009;-13.3169;0.0000;0.6815 
118.07015769999998;-13.7770;0.0000;-3.7246 
118.11840590000065;-12.8576;0.0000;-0.9641 
118.18222800000149;-13.7770;0.0000;-1.7370 
118.23030460000155;-13.5468;0.0000;-1.2820 
118.29414960000031;-13.3169;0.0000;-4.2309 
118.34221790000083;-13.5468;0.0000;-1.3507 
118.3906506000003;-13.5468;0.0000;-2.9726 
118.45445660000041;-13.0871;0.0000;-2.4955 
118.50235969999994;-14.0074;0.0000;-2.5643 
118.56615190000048;-14.4690;0.0000;-2.7447 
118.61421239999981;-13.5468;0.0000;-0.6217 
118.66239310000128;-13.7770;0.0000;-2.1783 
118.72621020000042;-14.0074;0.0000;-4.5950 
118.77437629999986;-13.3169;0.0000;-2.2676 
118.8381575000003;-13.3169;0.0000;-2.7682 
118.88660620000155;-14.0074;0.0000;-1.6689 
118.94999280000047;-13.7770;0.0000;-0.8501 
118.99831070000073;-14.4690;0.0000;-3.7992 
119.0463475000015;-13.7770;0.0000;-2.1981 
119.11007240000072;-13.5468;0.0000;-2.5405 
119.15815750000002;-14.0074;0.0000;-2.8134 
119.2220926000009;-13.3169;0.0000;-4.0030 
119.2703474000009;-14.0074;0.0000;-3.4052 
119.31833270000061;-13.3169;0.0000;-4.0030 
119.38230440000007;-14.4690;0.0000;-1.3507 
119.43015139999989;-13.5468;0.0000;-2.5163 
119.49399940000148;-14.2381;0.0000;-3.7544 
119.54219680000097;-14.2381;0.0000;-2.6305 
119.59028930000022;-13.7770;0.0000;-0.7360 
119.65417950000119;-13.7770;0.0000;-2.8587 
119.70226140000159;-13.5468;0.0000;-3.0180 
119.7662304000005;-14.4690;0.0000;-2.8134 
119.81424030000017;-13.7770;0.0000;-2.5163 
119.86229420000018;-13.5468;0.0000;-2.5405 
119.92612790000021;-14.2381;0.0000;-4.5494 
119.9742694000015;-13.7770;0.0000;-3.8889 
120.03796730000067;-14.0074;0.0000;-4.2762 
120.08619410000028;-14.2381;0.0000;-4.0030 
120.13423280000097;-14.0074;0.0000;-2.6305 
120.1980567999999;-13.5468;0.0000;-4.1622 
120.24640370000088;-14.0074;0.0000;-3.9131 
120.31002369999987;-14.4690;0.0000;-3.0635 
120.35820650000096;-13.7770;0.0000;-2.5163 
120.40633049999997;-14.0074;0.0000;-4.2762 
120.47003870000117;-14.0074;0.0000;-2.4265 
120.51827530000082;-14.0074;0.0000;-3.2231 
120.58198910000101;-13.5468;0.0000;-1.1680 
120.63023280000016;-14.2381;0.0000;-4.2309 
120.67839249999997;-14.2381;0.0000;-1.2130 
120.74202390000028;-13.7770;0.0000;-2.4714 
120.79027470000074;-13.7770;0.0000;-4.1170 
120.85394280000037;-14.4690;0.0000;-4.4355 
120.90230119999978;-14.4690;0.0000;-2.5163 
120.95060190000004;-13.5468;0.0000;-2.3571 
121.01436090000061;-13.5468;0.0000;-3.1319 
121.06235689999994;-13.5468;0.0000;-3.1319 
121.12593490000108;-14.0074;0.0000;-1.7144 
121.17419090000112;-12.8576;0.0000;-2.5855 
121.22227540000131;-14.0074;0.0000;-2.9955 
121.28609580000011;-13.7770;0.0000;-3.0635 
121.3342833000006;-12.8576;0.0000;-3.3371 
121.39799390000007;-14.2381;0.0000;-3.6324 
121.4462164000015;-14.0074;0.0000;-4.0480 
121.49415880000015;-12.3991;0.0000;-1.9654 
121.55806970000049;-14.4690;0.0000;-1.0243 
121.60627120000026;-14.9315;0.0000;-5.6701 
121.67005640000025;-15.3950;0.0000;-5.6009 
121.71814559999984;-13.3169;0.0000;3.4526 
121.76637250000022;-14.7001;0.0000;-6.2402 
121.83048770000096;-14.7001;0.0000;-0.2052 
121.87816010000097;-14.7001;0.0000;-3.0402 
121.9262675000009;-15.8595;0.0000;-1.7827 
121.99027730000125;-14.7001;0.0000;-4.0440 
122.03836899999988;-14.4690;0.0000;-2.7207 
122.10229020000043;-15.8595;0.0000;-4.8922 
122.1502744999998;-14.2381;0.0000;-1.0490 
122.19831000000158;-14.7001;0.0000;-3.1090 
122.26216250000107;-15.3950;0.0000;-3.2002 
122.31031030000122;-15.3950;0.0000;-3.4981 
122.37406480000027;-14.4690;0.0000;1.8756 
122.4220580000001;-14.9315;0.0000;-5.8298 
122.47038600000087;-15.8595;0.0000;-3.0857 
122.53417090000039;-14.4690;0.0000;-4.0440 
122.58251540000128;-13.3169;0.0000;-2.6756 
122.63047030000052;-13.5468;0.0000;4.7955 
122.69415079999999;-9.2106;0.0000;16.2493 
122.74315270000079;-8.3053;0.0000;15.9960 
122.79019540000081;-3.3572;0.0000;5.1138 
122.85402690000046;-4.4782;0.0000;-3.5454 
122.90211679999993;-0.4474;0.0000;0.7983 
122.9502975000014;0.8948;0.0000;-75.1893 
122.99829690000115;0.2237;0.0000;-0.2882 
123.04619080000157;0.2237;0.0000;-0.2652 
123.09412460000021;0.0000;0.0000;0.0438 
123.1422863000007;0.2237;0.0000;0.4635 
123.19026699999995;0.4474;0.0000;0.1983 
123.2381656000016;-0.4474;0.0000;0.2422 
123.30210420000003;-2.6852;0.0000;-0.2422 
123.3500866000013;0.2237;0.0000;3.4928 
123.3982388000004;0.0000;0.0000;-0.1107 
123.44646199999988;-0.2237;0.0000;0.0000 
123.49447970000074;0.0000;0.0000;-1.3069 
123.54223960000127;0.4474;0.0000;-1.4175 
123.5903771000012;0.4474;0.0000;-0.2214 
123.63848839999991;0.0000;0.0000;-1.4844 
123.68672890000016;0.4474;0.0000;1.5720 
123.73516710000149;0.2237;0.0000;1.1962 
123.79807810000057;0.2237;0.0000;0.0438 
123.84597270000086;0.2237;0.0000;0.0438 
123.89411699999982;0.2237;0.0000;-0.1107 
123.94214160000047;0.2237;0.0000;-0.1107 
123.9900460000008;0.2237;0.0000;-0.1107 
124.03819430000112;0.0000;0.0000;-0.2652 
124.08648780000112;0.4474;0.0000;0.3090 
124.13419750000139;0.2237;0.0000;-1.4844 
124.18211380000139;0.4474;0.0000;-0.1107 
124.23064560000057;0.2237;0.0000;-0.0669 
124.27838239999983;0.0000;0.0000;0.1983 
124.32630640000025;0.0000;0.0000;1.4175 
124.37431740000102;0.4474;0.0000;0.1545 
124.42237280000154;0.0000;0.0000;-0.0669 
124.47049630000038;0.4474;0.0000;0.1545 
124.53397310000037;0.0000;0.0000;-1.6389 
124.58195429999978;0.4474;0.0000;1.4175 
124.63013240000146;0.2237;0.0000;-0.0669 
124.6781729000013;0.0000;0.0000;0.1983 
124.72614630000135;0.2237;0.0000;0.1545 
124.77413960000013;-0.2237;0.0000;0.0438 
124.82207710000148;0.2237;0.0000;0.2652 
124.87049040000056;0.2237;0.0000;-0.1107 
124.918187700001;0.0000;0.0000;-0.1107 
124.96661470000072;0.2237;0.0000;0.0000 
125.0142248000011;0.0000;0.0000;-0.1107 
125.06225290000111;0.2237;0.0000;0.1545 
125.11012250000022;0.2237;0.0000;-1.5282 
125.15825290000066;0.0000;0.0000;-0.2652 
125.20637590000115;0.2237;0.0000;1.1085 
125.27010130000053;-0.2237;0.0000;1.4614 
125.3180468999999;0.2237;0.0000;0.2652 
125.36627140000019;0.2237;0.0000;-0.2652 
125.41410160000123;0.0000;0.0000;0.1983 
125.46235370000068;0.0000;0.0000;0.0000 
125.51018310000109;0.2237;0.0000;0.1545 
125.5581742000013;0.4474;0.0000;0.0438 
125.6061879000008;0.4474;0.0000;-0.2214 
125.65405040000041;-0.2237;0.0000;-0.2214 
125.7022831000013;0.0000;0.0000;-1.3069 
125.7510499;0.6711;0.0000;0.1545 
125.7981249000004;0.4474;0.0000;-1.9041 
125.84647450000011;0.2237;0.0000;-0.0669 
125.89433890000146;0.2237;0.0000;-0.1107 
125.95819060000031;0.4474;0.0000;-0.1107 
126.00615160000052;0.6711;0.0000;-0.2214 
126.05401510000047;0.4474;0.0000;1.2400 
126.102109200001;0.2237;0.0000;-1.7934 
126.15032760000031;0.2237;0.0000;-0.1107 
126.19829530000061;0.6711;0.0000;-1.3737 
126.24620830000094;0.0000;0.0000;-0.1775 
126.29412410000077;0.0000;0.0000;0.1545 
126.34230200000093;0.2237;0.0000;0.1545 
126.39009900000019;0.0000;0.0000;0.0438 
126.43821100000059;0.0000;0.0000;0.1545 
126.4863116000015;0.2237;0.0000;0.0000 
126.5343509000013;-0.2237;0.0000;0.0438 
126.58240490000026;0.0000;0.0000;0.2652 
126.64597710000089;0.2237;0.0000;0.0000 
126.69400620000124;0.2237;0.0000;0.1983 
126.7420818999999;0.2237;0.0000;-0.1107 
126.79005860000143;0.0000;0.0000;-1.2192 
126.83817260000069;0.0000;0.0000;0.1545 
126.8861123000006;0.0000;0.0000;0.0000 
126.93418680000104;0.6711;0.0000;0.0000 
126.98227510000106;0.0000;0.0000;-0.3320 
127.03003800000079;0.2237;0.0000;-1.2630 
127.07826470000145;0.0000;0.0000;1.6159 
127.12636600000042;0.0000;0.0000;0.1545 
127.17422799999986;0.0000;0.0000;0.1545 
127.22232520000034;0.0000;0.0000;-0.1545 
127.27051610000126;0.4474;0.0000;0.0000 
127.31841900000109;0.4474;0.0000;-1.4844 
127.38188790000095;0.0000;0.0000;-0.0669 
127.4301030000006;0.2237;0.0000;0.1545 
127.47852390000116;0.2237;0.0000;-0.1107 
127.52613520000159;0.0000;0.0000;0.0438 
127.57416689999991;0.4474;0.0000;0.0000 
127.62225829999988;0.2237;0.0000;-0.0669 
127.67025230000036;0.2237;0.0000;-1.2192 
127.7183326000013;-0.8948;0.0000;1.3069 
127.76624559999982;0.2237;0.0000;1.8603 
127.8142966000014;0.0000;0.0000;-0.1107 
127.86229160000039;0.2237;0.0000;0.1545 
127.9101079000011;0.2237;0.0000;-0.1107 
127.95823030000065;0.2237;0.0000;0.0438 
128.00639850000152;0.2237;0.0000;0.1983 
128.06999330000144;0.0000;0.0000;-0.1107 
128.11807880000015;0.0000;0.0000;0.0000 
128.16608690000066;0.0000;0.0000;0.3090 
128.21414340000047;0.2237;0.0000;0.1545 
128.2620622000013;0.2237;0.0000;0.3529 
128.31014270000014;0.2237;0.0000;-0.1107 
128.3582135000015;-0.2237;0.0000;1.3069 
128.40622630000144;0.0000;0.0000;0.4197 
128.45441510000092;-0.2237;0.0000;-0.1545 
128.50227350000023;0.0000;0.0000;0.2652 
128.55032500000016;0.0000;0.0000;0.3090 
128.59829890000037;0.4474;0.0000;0.0000 
128.64643770000112;0.0000;0.0000;-1.3299 
128.7103379;0.6711;0.0000;0.0000 
128.75798550000036;0.2237;0.0000;0.4405 
128.80614330000026;0.6711;0.0000;0.3529 
128.85406909999983;0.2237;0.0000;-0.1775 
128.90211220000128;0.2237;0.0000;-0.1107 
128.95020420000037;0.2237;0.0000;-0.1107 
128.9981416999999;0.2237;0.0000;-0.1107 
129.0461890000006;0.0000;0.0000;0.0438 
129.09422770000128;0.0000;0.0000;1.8811 
129.14219920000141;0.0000;0.0000;0.1545 
129.1903972;0.0000;0.0000;-1.4175 
129.23836980000124;0.0000;0.0000;0.0000 
129.28628030000073;0.0000;0.0000;0.0000 
129.3342173000001;0.2237;0.0000;0.1545 
129.38256280000132;0.2237;0.0000;-0.1107 
129.43034420000004;0.2237;0.0000;-0.1107 
129.47821720000138;0.0000;0.0000;0.1983 
129.52632840000115;0.2237;0.0000;0.1545 
129.5743462999999;0.2237;0.0000;0.1983 
129.63815200000136;0.0000;0.0000;-0.1107 
129.68607950000114;0.0000;0.0000;0.0000 
129.73401850000118;0.6711;0.0000;0.3090 
129.78211940000074;0.2237;0.0000;-0.1775 
129.83009630000015;0.0000;0.0000;0.0438 
129.87815950000004;0.6711;0.0000;1.5721 
129.9262959000007;0.0000;0.0000;-0.0230 
129.97434760000033;0.0000;0.0000;0.1545 
130.0222655000016;0.0000;0.0000;0.0000 
130.07007650000014;0.0000;0.0000;0.3090 
130.11827860000085;0.2237;0.0000;0.3090 
130.16625470000145;0.0000;0.0000;0.0438 
130.21429100000023;0.0000;0.0000;0.1545 
130.2624426000002;0.2237;0.0000;-0.1545 
130.31027970000105;0.2237;0.0000;0.0438 
130.37438060000022;0.2237;0.0000;1.4614 
130.42197450000094;0.2237;0.0000;-0.2652 
130.47007870000016;0.2237;0.0000;-1.6827 
130.5182730000015;0.0000;0.0000;0.0438 
130.5660822000009;0.2237;0.0000;0.1545 
130.6142421000004;0.0000;0.0000;0.0438 
130.66219310000088;0.4474;0.0000;0.1545 
130.7103130000014;0.0000;0.0000;-0.0669 
130.75827820000086;0.0000;0.0000;0.1545 
130.8061533;0.0000;0.0000;0.0000 
130.85421830000087;0.2237;0.0000;0.0000 
130.90229030000046;-0.4474;0.0000;-1.5282 
130.9660195000015;-0.2237;0.0000;0.3759 
131.01405090000117;0.2237;0.0000;0.1107 
131.06212659999983;0.6711;0.0000;0.0438 
131.11011110000072;0.0000;0.0000;-0.3320 
131.15831780000008;0.2237;0.0000;0.0000 
131.20616990000053;0.4474;0.0000;-0.2652 
131.25422360000084;0.0000;0.0000;-0.2214 
131.30220050000025;0.2237;0.0000;0.3090 
131.35025280000082;-0.2237;0.0000;-0.1107 
131.39827620000142;0.4474;0.0000;0.4197 
131.44638380000106;0.4474;0.0000;-0.3759 
131.4942957000003;0.2237;0.0000;-0.3759 
131.5579695000015;0.2237;0.0000;-0.2652 
131.60597000000053;0.2237;0.0000;-0.1107 
131.65405819999978;0.0000;0.0000;-0.1107 
131.7021803000007;0.6711;0.0000;0.0000 
131.75016750000032;-0.2237;0.0000;-0.0230 
131.798180400001;0.0000;0.0000;0.2652 
131.8461421000011;0.2237;0.0000;1.4175 
131.89401950000138;-0.2237;0.0000;0.0438 
131.94250170000123;-0.2237;0.0000;1.6827 
131.99033170000075;0.2237;0.0000;0.2652 
132.03813960000116;0.2237;0.0000;0.0438 
132.08646860000044;0.2237;0.0000;0.0438 
132.13430120000157;0.6711;0.0000;0.1983 
132.19801870000083;0.4474;0.0000;-1.7496 
132.24634380000134;0.0000;0.0000;-0.2214 
132.29410749999988;0.2237;0.0000;0.1545 
132.3421816000009;0.0000;0.0000;0.0438 
132.39003270000103;0.0000;0.0000;0.0000 
132.43819660000008;0.2237;0.0000;0.1545 
132.4861232000003;0.0000;0.0000;-0.1107 
132.53439720000097;0.2237;0.0000;0.0000 
132.58202300000085;0.2237;0.0000;0.5074 
132.63009800000145;0.2237;0.0000;-0.1107 
132.67813580000075;0.2237;0.0000;1.4614 
132.72619920000034;0.4474;0.0000;0.0438 
132.77422260000094;0.0000;0.0000;-0.0669 
132.82226290000108;0.4474;0.0000;0.1545 
132.87048610000056;0.0000;0.0000;-0.2214 
132.9186062000008;-0.2237;0.0000;0.0000 
132.96668860000136;0.2237;0.0000;0.2652 
133.02999770000133;0.4474;0.0000;-0.2652 
133.07842070000152;0.2237;0.0000;-0.2214 
133.1260809000014;0.0000;0.0000;-1.5282 
133.17407249999997;0.0000;0.0000;1.4175 
133.22202590000052;0.0000;0.0000;0.3090 
133.27018719999978;0.0000;0.0000;0.1545 
133.31822009999996;0.2237;0.0000;0.0000 
133.36634980000053;0.0000;0.0000;-0.2652 
133.4141612000003;0.2237;0.0000;0.1545 
133.46218380000028;0.2237;0.0000;1.4614 
133.51072139999997;0.2237;0.0000;-0.1107 
133.55814120000105;-0.2237;0.0000;-0.1107 
133.60608280000088;0.0000;0.0000;-1.1524 
133.65413700000136;0.4474;0.0000;0.0000 
133.71812820000014;0.6711;0.0000;-0.2214 
133.76601540000047;0.2237;0.0000;1.2400 
133.81409920000078;0.4474;0.0000;-0.1107 
133.86213950000092;0.4474;0.0000;-1.6389 
133.91015960000004;0.2237;0.0000;-1.4844 
133.95802530000037;0.4474;0.0000;-0.1107 
134.00649150000027;0.4474;0.0000;-0.0669 
134.05424760000096;0.0000;0.0000;1.3507 
134.10232110000106;0.2237;0.0000;0.0000 
134.15027480000026;0.0000;0.0000;0.1983 
134.19829720000052;0.0000;0.0000;-1.2630 
134.24640700000054;0.2237;0.0000;1.4175 
134.2942434000015;0.0000;0.0000;1.4614 
134.3423343000013;0.2237;0.0000;1.5721 
134.39023420000012;0.0000;0.0000;-1.5282 
134.45393260000128;0.2237;0.0000;-1.1085 
134.50216309999996;0.0000;0.0000;1.4614 
134.55013800000052;0.0000;0.0000;1.2630 
134.59849759999997;-0.2237;0.0000;0.1545 
134.64615279999998;0.2237;0.0000;0.1107 
134.69431160000022;0.0000;0.0000;-0.1107 
134.74214080000093;0.2237;0.0000;0.1545 
134.7902339000011;0.0000;0.0000;-0.1107 
134.83828790000007;0.2237;0.0000;0.1545 
134.8865080000014;0.2237;0.0000;0.0438 
134.9343243000003;0.0000;0.0000;-0.1107 
134.98246300000028;0.2237;0.0000;0.1545 
135.03022360000068;0.0000;0.0000;-0.1107 
135.07878290000008;0.0000;0.0000;0.1545 
135.14196650000122;0.4474;0.0000;-0.3090 
135.19009610000103;0.0000;0.0000;-0.2214 
135.23797580000064;0.2237;0.0000;0.0000 
135.28610690000096;0.4474;0.0000;0.0438 
135.33407810000062;0.0000;0.0000;-1.3299 
135.38209439999991;-0.2237;0.0000;0.0000 
135.4302273000012;0.2237;0.0000;0.2652 
135.47817130000112;0.4474;0.0000;-1.3737 
135.5262272;0.2237;0.0000;-0.0669 
135.5743237000006;0.2237;0.0000;0.0438 
135.6222396000012;0.2237;0.0000;0.0438 
135.6702492000004;0.0000;0.0000;0.0438 
135.7182260999998;0.2237;0.0000;-0.1545 
135.7663336000005;0.0000;0.0000;0.1983 
135.8142181000003;0.0000;0.0000;0.0000 
135.87792960000115;0.0000;0.0000;-0.1545 
135.92603680000138;0.0000;0.0000;0.3090 
135.9740010000005;0.2237;0.0000;0.1545 
136.0220700000009;0.0000;0.0000;0.1983 
136.07030029999987;-0.8948;0.0000;0.0000 
136.11814610000147;0.0000;0.0000;0.2882 
136.16617550000046;0.4474;0.0000;-1.4175 
136.21413440000106;0.0000;0.0000;-0.0669 
136.2622181000006;0.0000;0.0000;0.0000 
136.31007780000073;0.2237;0.0000;0.1545 
136.35829490000106;0.0000;0.0000;1.1524 
136.40627099999983;0.0000;0.0000;0.1545 
136.45415800000046;0.2237;0.0000;0.3090 
136.51798659999986;-0.2237;0.0000;0.0438 
136.56612339999992;-0.2237;0.0000;0.1107 
136.6139750000002;0.2237;0.0000;0.4197 
136.6620507000007;0.2237;0.0000;-0.1107 
136.71007199999985;0.0000;0.0000;0.1983 
136.75827740000022;0.4474;0.0000;1.7266 
136.80624090000128;0.2237;0.0000;-0.0669 
136.8541709000001;0.0000;0.0000;-1.5282 
136.90234880000025;0.4474;0.0000;1.4175 
136.95088770000075;0.2237;0.0000;-1.4844 
136.99843280000096;0.2237;0.0000;-0.1107 
137.04621690000022;0.2237;0.0000;0.1983 
137.0942371000001;0.0000;0.0000;0.0438 
137.14227980000032;0.0000;0.0000;1.4175 
137.2059921;0.2237;0.0000;0.0000 
137.25397040000098;0.2237;0.0000;-1.5282 
137.30245880000075;0.0000;0.0000;-1.3737 
137.35011920000034;0.0000;0.0000;0.0000 
137.3981399000004;0.2237;0.0000;0.0000 
137.44606160000149;0.0000;0.0000;0.0438 
137.4941085999999;0.4474;0.0000;0.3090 
137.54213140000138;0.0000;0.0000;-0.0669 
137.5902240000014;0.4474;0.0000;0.0000 
137.63811180000084;0.4474;0.0000;-1.4844 
137.6862239000002;0.0000;0.0000;-0.2214 
137.73427470000024;0.2237;0.0000;0.0000 
137.78236860000106;0.0000;0.0000;-1.2192 
137.83024190000106;0.4474;0.0000;0.0000 
137.87840080000024;0.6711;0.0000;-0.2214 
137.92625560000124;0.0000;0.0000;-0.1775 
137.99015190000136;0.0000;0.0000;0.1545 
138.03795400000126;0.2237;0.0000;0.0000 
138.08610100000078;0.4474;0.0000;-1.3737 
138.13405820000116;0.2237;0.0000;-1.6389 
138.18218789999992;0.2237;0.0000;0.1983 
138.23011829999996;0.0000;0.0000;1.3069 
138.27812620000077;0.4474;0.0000;-0.1545 
138.32622830000037;0.2237;0.0000;-0.2214 
138.3740783000012;0.0000;0.0000;1.4614 
138.42227120000098;-0.2237;0.0000;-0.1545 
138.47033720000036;0.0000;0.0000;0.1107 
138.51840430000084;0.0000;0.0000;0.1545 
138.58201950000148;0.0000;0.0000;-0.1545 
138.63001900000017;0.2237;0.0000;0.1545 
138.67804360000082;0.0000;0.0000;-1.3737 
138.72610630000054;0.2237;0.0000;1.2630 
138.7741952000015;0.6711;0.0000;-0.1107 
138.82221180000124;0.2237;0.0000;-0.0230 
138.87015229999997;0.2237;0.0000;-0.1107 
138.91840090000005;0.2237;0.0000;-1.3737 
138.96626040000046;0.0000;0.0000;0.0438 
139.01425970000128;0.0000;0.0000;0.0000 
139.0622710000007;0.4474;0.0000;0.0000 
139.12600080000084;0.2237;0.0000;-0.0669 
139.17399699999987;0.0000;0.0000;0.0438 
139.22201790000145;0.2237;0.0000;0.3090 
139.26996839999993;0.2237;0.0000;-0.1107 
139.31850280000072;0.0000;0.0000;-0.2652 
139.36612330000025;0.0000;0.0000;-1.2630 
139.41420090000065;0.4474;0.0000;0.0000 
139.4623055000011;0.0000;0.0000;-0.2214 
139.51016540000091;0.2237;0.0000;0.3090 
139.5583252000015;0.2237;0.0000;0.0438 
139.60639160000028;0.0000;0.0000;1.6159 
139.6542296000007;0.2237;0.0000;0.0000 
139.7024347000006;0.0000;0.0000;0.0438 
139.75110850000056;0.2237;0.0000;0.1545 
139.79819080000016;0.4474;0.0000;-0.1107 
139.86194200000136;-0.2237;0.0000;-0.2214 
139.91008610000063;-0.2237;0.0000;0.1107 
139.9580987999998;0.0000;0.0000;0.4197 
140.00607630000013;0.0000;0.0000;-1.2630 
140.0542260000002;0.2237;0.0000;-0.1545 
140.10239720000027;0.2237;0.0000;0.0438 
140.15000020000116;0.2237;0.0000;0.0438 
140.19832700000006;0.0000;0.0000;0.1983 
140.2461555000009;0.2237;0.0000;-1.1085 
140.29435580000063;0.0000;0.0000;-0.1107 
140.3422040000005;0.2237;0.0000;0.1545 
140.39025560000118;0.4474;0.0000;0.0438 
140.43828590000157;0.4474;0.0000;-1.6389 
140.48644680000143;0.2237;0.0000;-1.3299 
140.54989000000023;0.0000;0.0000;0.1983 
140.59797340000114;0.0000;0.0000;0.0000 
140.64608540000154;0.2237;0.0000;0.1545 
140.69407330000104;0.2237;0.0000;0.0438 
140.74220330000026;-0.2237;0.0000;-0.4197 
140.79008740000063;0.2237;0.0000;-1.1524 
140.83809460000157;-0.2237;0.0000;1.6159 
140.8868607000004;0.0000;0.0000;0.2652 
140.9344471000004;0.0000;0.0000;0.1545 
140.98226710000017;0.2237;0.0000;0.3090 
141.03049190000092;0.0000;0.0000;0.0438 
141.0783702000008;0.0000;0.0000;0.0000 
141.1263060000001;-0.4474;0.0000;0.1545 
141.18996650000008;0.2237;0.0000;0.2214 
141.2379331000011;0.0000;0.0000;0.0438 
141.28602350000074;-0.6711;0.0000;0.3090 
141.33406790000117;0.8948;0.0000;0.4866 
141.3822407000007;0.2237;0.0000;-1.5513 
141.4301372000009;0.0000;0.0000;0.0438 
141.47826830000122;0.0000;0.0000;0.0000 
141.52614800000083;0.0000;0.0000;0.3090 
141.57426160000068;0.0000;0.0000;0.0000 
141.6222443000006;0.4474;0.0000;0.0000 
141.6704461999998;0.2237;0.0000;1.3507 
141.71827680000024;0.0000;0.0000;1.4614 
141.76628530000016;0.2237;0.0000;1.4175 
141.8144568000007;0.0000;0.0000;-1.3737 
141.8778714;-0.2237;0.0000;-1.2630 
141.92601790000117;0.0000;0.0000;0.1107 
141.9740051000008;0.0000;0.0000;0.3090 
142.02230090000012;0.2237;0.0000;0.0000 
142.07011539999985;0.0000;0.0000;-0.2652 
142.11807430000044;0.0000;0.0000;0.3090 
142.16610310000033;0.0000;0.0000;0.0000 
142.21420500000022;0.0000;0.0000;0.1545 
142.26210720000017;0.0000;0.0000;0.0000 
142.31061130000126;-0.8948;0.0000;-1.4175 
142.35807970000133;0.0000;0.0000;0.4427 
142.40632510000069;-0.2237;0.0000;1.5721 
142.45413630000075;-0.2237;0.0000;0.1107 
142.5024583000013;0.0000;0.0000;1.8372 
142.56601240000055;-0.2237;0.0000;0.3090 
142.6140333000003;0.2237;0.0000;0.1107 
142.66203140000107;0.4474;0.0000;-0.2652 
142.71010900000147;0.4474;0.0000;1.3507 
142.75812250000126;0.2237;0.0000;-1.7934 
142.80625760000112;0.0000;0.0000;-0.1107 
142.85419030000048;0.0000;0.0000;0.3090 
142.90257720000045;0.2237;0.0000;0.1545 
142.95055030000003;-0.4474;0.0000;-1.3737 
142.99812380000003;0.2237;0.0000;1.7934 
143.04652520000127;0.2237;0.0000;0.1983 
143.11037570000008;-0.2237;0.0000;-0.1107 
143.1579651000011;0.0000;0.0000;0.1107 
143.2062689000013;0.4474;0.0000;0.3090 
143.25402160000158;0.2237;0.0000;0.2422 
143.30231530000128;0.2237;0.0000;-0.1107 
143.35041420000016;-0.2237;0.0000;1.3069 
143.3981119;0.4474;0.0000;0.1107 
143.4469020000015;0.0000;0.0000;-0.3759 
143.4941187000004;-0.2237;0.0000;-1.4175 
143.54238270000133;-0.2237;0.0000;0.4197 
143.60592730000099;0.0000;0.0000;0.2652 
143.6539724000013;-0.2237;0.0000;0.1545 
143.70223890000125;0.4474;0.0000;-0.0438 
143.75021200000083;-0.2237;0.0000;-0.2214 
143.79822860000058;-0.2237;0.0000;-1.1524 
143.84626840000055;0.0000;0.0000;1.6827 
143.89431240000158;0.0000;0.0000;0.1545 
143.94228730000032;0.2237;0.0000;0.1545 
143.99020270000074;0.2237;0.0000;0.0438 
144.0381078999999;0.6711;0.0000;0.0438 
144.08649049999985;0.0000;0.0000;-0.3320 
144.14988620000076;-0.2237;0.0000;0.1545 
144.19797430000108;0.2237;0.0000;1.9918 
144.2460729000013;0.2237;0.0000;0.0438 
144.29401440000038;0.2237;0.0000;0.0438 
144.34207890000107;0.0000;0.0000;-0.2652 
144.3901601000016;0.0000;0.0000;1.1085 
144.43798720000086;0.2237;0.0000;0.1545 
144.48622680000153;0.0000;0.0000;0.0438 
144.53423079999993;0.2237;0.0000;-1.4175 
144.5821216000004;0.0000;0.0000;-0.1107 
144.6302179000013;-0.2237;0.0000;0.0000 
144.67820949999987;0.0000;0.0000;1.5282 
144.72615190000033;0.2237;0.0000;0.1545 
144.7742976999998;0.2237;0.0000;1.4614 
144.82212820000132;0.0000;0.0000;-0.1107 
144.8858979000015;0.2237;0.0000;0.0000 
144.9341228000012;0.0000;0.0000;-0.2652 
144.98205620000044;0.2237;0.0000;0.1545 
145.0300447999998;0.0000;0.0000;0.0438 
145.07808710000063;0.0000;0.0000;0.3090 
145.1260688000002;0.2237;0.0000;1.5721 
145.17407170000115;0.2237;0.0000;-0.1107 
145.22214180000083;0.0000;0.0000;0.0438 
145.27018280000084;0.2237;0.0000;-1.2630 
145.31823609999992;0.0000;0.0000;-0.2652 
145.36638380000113;0.2237;0.0000;0.1545 
145.41418140000133;0.0000;0.0000;-0.1107 
145.4621715000012;0.2237;0.0000;1.7266 
145.51037220000035;0.0000;0.0000;1.3069 
145.5583037000015;0.2237;0.0000;0.1545 
145.6063301000013;0.2237;0.0000;-0.1107 
145.67005860000063;0.2237;0.0000;-0.1107 
145.71816900000158;-0.2237;0.0000;1.1524 
145.76612040000145;0.2237;0.0000;0.1107 
145.81411260000095;0.0000;0.0000;-0.1107 
145.8620886000008;0.0000;0.0000;-0.1545 
145.910388100001;0.2237;0.0000;0.0000 
145.95816569999988;0.0000;0.0000;-0.1107 
146.0060637000006;0.4474;0.0000;0.1545 
146.0541161000001;0.0000;0.0000;1.1962 
146.10272950000035;0.0000;0.0000;0.0000 
146.1502818000008;0.2237;0.0000;0.4635 
146.19828720000078;0.2237;0.0000;-0.4197 
146.24620630000027;0.0000;0.0000;0.0438 
146.29436680000072;0.0000;0.0000;0.0000 
146.35797120000097;-0.2237;0.0000;0.3090 
146.40598050000153;0.0000;0.0000;0.1107 
146.4540405000007;0.0000;0.0000;1.4175 
146.50215500000013;0.2237;0.0000;0.1545 
146.54999900000075;0.2237;0.0000;1.6159 
146.59793870000067;0.0000;0.0000;0.0438 
146.64601089999996;0.4474;0.0000;0.3090 
146.69414440000037;-0.2237;0.0000;-0.2214 
146.74209789999986;0.0000;0.0000;0.1107 
146.79016520000005;0.0000;0.0000;0.1545 
146.83809950000068;0.2237;0.0000;0.3090 
146.88633880000089;-0.2237;0.0000;-0.1107 
146.93440910000027;0.2237;0.0000;0.4197 
146.99797220000073;0.2237;0.0000;0.0438 
147.0459676999999;0.2237;0.0000;0.0438 
147.0939328000004;0.0000;0.0000;0.0438 
147.14198700000088;0.0000;0.0000;0.0000 
147.18988290000016;0.6711;0.0000;0.1545 
147.23801439999988;0.2237;0.0000;1.2400 
147.2860113000006;-0.2237;0.0000;-1.3737 
147.33409790000042;-0.2237;0.0000;-0.9978 
147.38205410000046;0.2237;0.0000;0.4197 
147.4300832000008;0.0000;0.0000;-1.3737 
147.47813700000006;0.0000;0.0000;0.0000 
147.5261980000014;0.0000;0.0000;-1.2630 
147.57425150000017;0.2237;0.0000;0.1545 
147.6222429999998;0.2237;0.0000;-0.1107 
147.67007329999979;0.2237;0.0000;0.0438 
147.71827370000028;0.0000;0.0000;0.0438 
147.7668661000007;0.0000;0.0000;0.1545 
147.83001270000022;0.0000;0.0000;0.1545 
147.8779411000014;0.0000;0.0000;0.0000 
147.92594240000108;0.2237;0.0000;0.0000 
147.97403170000143;0.0000;0.0000;-0.1107 
148.0221216000009;0.0000;0.0000;0.1545 
148.07019390000096;0.4474;0.0000;0.1545 
148.11809189999985;0.2237;0.0000;-1.3299 
148.16609400000016;-0.2237;0.0000;0.0438 
148.21407350000118;-0.2237;0.0000;-1.3069 
148.26220550000107;0.4474;0.0000;0.2652 
148.3101755000007;-0.2237;0.0000;-0.0669 
148.35826110000016;0.2237;0.0000;0.2652 
148.4062130000002;0.0000;0.0000;0.3529 
148.4541265000007;0.4474;0.0000;0.0000 
148.51799550000032;0.4474;0.0000;-0.2214 
148.56602329999987;0.0000;0.0000;-0.0669 
148.61406050000005;0.2237;0.0000;0.1545 
148.66206750000129;0.0000;0.0000;0.1983 
148.7100702000007;0.2237;0.0000;0.0000 
148.75790830000005;0.4474;0.0000;1.6159 
148.80610090000118;0.2237;0.0000;-0.0669 
148.85404759999983;0.0000;0.0000;-0.1107 
148.9021668000005;0.4474;0.0000;0.1545 
148.95016770000075;0.0000;0.0000;-0.0669 
148.99819949999983;-0.8948;0.0000;0.1545 
149.04627919999984;-0.2237;0.0000;0.5972 
149.09436920000007;0.2237;0.0000;0.1107 
149.15785940000023;0.0000;0.0000;-1.2192 
149.20597700000144;0.2237;0.0000;0.4635 
149.25401800000145;0.0000;0.0000;-0.1107 
149.30238460000146;0.2237;0.0000;0.1545 
149.35010770000008;0.4474;0.0000;-0.1107 
149.3983973000013;0.0000;0.0000;-0.3759 
149.44617629999993;0.2237;0.0000;1.5721 
149.49414400000023;0.0000;0.0000;0.0438 
149.54218350000156;0.6711;0.0000;0.1545 
149.59028780000153;0.0000;0.0000;-0.0230 
149.63828270000158;0.0000;0.0000;0.1545 
149.68611490000148;0.2237;0.0000;0.1545 
149.75006500000018;0.0000;0.0000;-1.5282 
149.79790719999983;0.0000;0.0000;0.1545 
149.84600040000078;-0.2237;0.0000;-1.4175 
149.89466530000027;0.0000;0.0000;1.8372 
149.94212289999996;0.2237;0.0000;0.0000 
149.9901202000001;0.4474;0.0000;1.1524 
150.03817979999985;0.2237;0.0000;-0.2214 
150.0861101999999;0.0000;0.0000;-0.1107 
150.1341132000016;0.2237;0.0000;0.0000 
150.18217069999992;0.2237;0.0000;0.0438 
150.230458;0.0000;0.0000;1.4614 
150.27818600000137;0.0000;0.0000;0.1545 
150.32620900000074;-0.2237;0.0000;0.3090 
150.3743435000015;0.2237;0.0000;0.4197 
150.42227060000005;0.2237;0.0000;0.0438 
150.48625400000128;0.4474;0.0000;1.1524 
150.53399210000134;0.0000;0.0000;0.0877 
150.58233500000097;0.2237;0.0000;0.1545 
150.63008919999993;0.2237;0.0000;-0.1107 
150.67809900000066;0.0000;0.0000;0.0438 
150.72604339999998;0.2237;0.0000;1.5721 
150.7740829000013;0.0000;0.0000;0.0438 
150.8221394000011;0.0000;0.0000;0.0000 
150.87005040000076;0.2237;0.0000;0.0000 
150.91830140000093;0.2237;0.0000;0.1983 
150.96630320000077;0.0000;0.0000;0.0438 
151.01416120000067;0.0000;0.0000;0.3090 
151.06240500000058;0.2237;0.0000;0.0000 
151.11023660000137;0.2237;0.0000;0.0438 
151.15840970000136;-0.8948;0.0000;-0.2652 
151.221937100001;0.0000;0.0000;0.4427 
151.2699313000012;0.0000;0.0000;0.1545 
151.3180678000008;0.2237;0.0000;0.3090 
151.3660243000013;0.0000;0.0000;0.0438 
151.41418110000086;0.0000;0.0000;0.0000 
151.46215790000133;-0.2237;0.0000;1.4175 
151.51021970000147;0.2237;0.0000;0.2652 
151.55812330000117;0.0000;0.0000;0.0438 
151.60619620000034;0.0000;0.0000;0.1545 
151.6542272000006;0.2237;0.0000;0.0000 
151.70230380000066;0.2237;0.0000;-0.2652 
151.75020750000112;0.0000;0.0000;-1.0647 
151.79836000000068;0.2237;0.0000;0.0000 
151.84624690000055;0.2237;0.0000;0.9978 
151.91004130000147;0.4474;0.0000;0.0438 
151.95796490000066;0.2237;0.0000;0.0877 
152.00596080000105;0.0000;0.0000;-0.1107 
152.05434330000026;0.2237;0.0000;0.3090 
152.10202620000018;-0.4474;0.0000;-0.1107 
152.14995530000124;0.2237;0.0000;0.3759 
152.1982681999998;0.0000;0.0000;1.6159 
152.24607800000013;-0.2237;0.0000;0.3090 
152.2941695999998;0.2237;0.0000;0.1107 
152.34220070000083;0.2237;0.0000;-0.1107 
152.39020730000084;0.2237;0.0000;0.1983 
152.43832170000132;0.4474;0.0000;0.0438 
152.48637120000058;0.4474;0.0000;-1.6389 
152.53415140000106;0.2237;0.0000;-0.2214 
152.5980995000009;0.2237;0.0000;-0.1107 
152.64600900000005;0.0000;0.0000;-0.1107 
152.69402830000035;0.2237;0.0000;0.0000 
152.74201520000133;0.0000;0.0000;0.0438 
152.79004690000147;-0.2237;0.0000;-1.7266 
152.83813809999992;0.0000;0.0000;-0.0438 
152.8860450000011;0.0000;0.0000;0.0000 
152.9343157000003;0.4474;0.0000;0.0000 
152.98212100000092;-0.2237;0.0000;-0.2214 
153.03183119999994;0.0000;0.0000;1.8372 
153.07812019999983;0.6711;0.0000;1.5721 
153.12623920000078;0.2237;0.0000;0.1315 
153.1898794000008;0.0000;0.0000;-1.5282 
153.2380217000009;0.0000;0.0000;1.4175 
153.28594870000052;0.0000;0.0000;0.1545 
153.3340388000015;0.2237;0.0000;0.0000 
153.38218640000014;0.2237;0.0000;-1.6827 
153.43013070000052;0.2237;0.0000;-0.1107 
153.47804970000107;0.4474;0.0000;-0.1107 
153.52617210000062;0.2237;0.0000;1.1962 
153.5742220000011;0.2237;0.0000;-0.1107 
153.6222214999998;0.2237;0.0000;0.1983 
153.67038780000075;0.0000;0.0000;-0.1107 
153.71830030000092;0.0000;0.0000;0.0000 
153.76633010000114;0.0000;0.0000;0.0000 
153.81406620000052;0.0000;0.0000;0.1545 
153.87791580000157;0.4474;0.0000;-0.1545 
153.92617960000098;0.4474;0.0000;-0.3759 
153.9740305000014;0.0000;0.0000;0.0877 
154.02210580000065;0.0000;0.0000;0.1545 
154.0700426000003;0.0000;0.0000;1.8811 
154.11819819999982;0.2237;0.0000;0.1545 
154.1660638000012;0.2237;0.0000;-0.1107 
154.21416990000034;0.2237;0.0000;0.0438 
154.26215870000124;0.2237;0.0000;-0.1107 
154.3101338000015;0.0000;0.0000;0.0438 
154.3581417000005;0.0000;0.0000;0.0000 
154.40621790000114;-0.2237;0.0000;0.0000 
154.45424360000106;0.0000;0.0000;0.4197 
154.50245770000038;0.2237;0.0000;1.7266 
154.55045229999996;0.2237;0.0000;0.0438 
154.59838500000114;0.0000;0.0000;-0.1107 
154.6626167000013;0.2237;0.0000;1.5721 
154.7099018000008;0.2237;0.0000;0.0438 
154.75812010000118;-0.2237;0.0000;-0.1107 
154.8060261999999;0.4474;0.0000;0.1107 
154.85399280000092;0.0000;0.0000;-0.0669 
154.9019739000014;0.0000;0.0000;0.0000 
154.95025460000033;0.4474;0.0000;-1.4175 
154.99827630000073;-0.2237;0.0000;-0.0669 
155.04615970000123;0.2237;0.0000;-1.1524 
155.09424770000078;0.4474;0.0000;-0.1107 
155.14230000000134;0.0000;0.0000;0.0877 
155.19022730000142;0.2237;0.0000;0.0000 
155.23829530000148;0.0000;0.0000;-1.0647 
155.30204950000007;-0.2237;0.0000;0.1545 
155.35001680000096;0.0000;0.0000;1.6827 
155.39796519999982;0.2237;0.0000;-1.2630 
155.44606480000039;0.2237;0.0000;-0.1107 
155.49413050000112;0.0000;0.0000;-1.2192 
155.54212430000007;0.2237;0.0000;-1.2630 
155.5901169000008;0.2237;0.0000;0.0438 
155.6381204999998;0.2237;0.0000;0.0438 
155.6861269000001;0.2237;0.0000;0.1983 
155.73408970000128;0.0000;0.0000;0.0438 
155.78253720000066;0.4474;0.0000;0.1545 
155.8302175000008;0.4474;0.0000;-0.3759 
155.8781823999998;0.0000;0.0000;-0.2214 
155.92621409999992;0.0000;0.0000;0.0000 
155.98980240000128;0.2237;0.0000;-1.2630 
156.03790950000075;0.2237;0.0000;0.1983 
156.0859646000008;0.0000;0.0000;-0.1107 
156.13406120000036;0.0000;0.0000;1.5721 
156.18215990000135;0.0000;0.0000;0.1545 
156.23032800000146;0.0000;0.0000;0.3090 
156.27811210000073;0.2237;0.0000;0.3090 
156.3261308000001;0.2237;0.0000;-0.1107 
156.3743865000015;0.2237;0.0000;0.0438 
156.42216960000042;0.0000;0.0000;-0.2652 
156.4701223000011;0.2237;0.0000;0.1545 
156.51821390000077;0.0000;0.0000;-1.3737 
156.56615930000044;0.0000;0.0000;0.0000 
156.6144299000007;-0.2237;0.0000;0.3090 
156.6779901000009;0.2237;0.0000;-0.0438 
156.72607720000087;0.2237;0.0000;-1.3737 
156.77402650000113;0.0000;0.0000;0.0438 
156.82205609999983;0.4474;0.0000;0.3090 
156.86996640000143;0.6711;0.0000;-0.6849 
156.91840000000047;-0.2237;0.0000;-0.1775 
156.96627030000127;-0.2237;0.0000;0.1107 
157.01428750000014;0.4474;0.0000;0.4197 
157.06215350000093;0.2237;0.0000;0.0877 
157.11015550000047;0.2237;0.0000;-0.1107 
157.15817720000086;0.0000;0.0000;0.1983 
157.22194520000085;0.0000;0.0000;1.4175 
157.27001810000002;-0.2237;0.0000;0.1545 
157.31814600000143;0.2237;0.0000;0.2652 
157.36590510000133;0.0000;0.0000;-1.5282 
157.4139808;0.2237;0.0000;0.0000 
157.461947400001;0.0000;0.0000;-1.5282 
157.51001600000018;0.2237;0.0000;-1.4175 
157.55811020000147;0.2237;0.0000;-0.1107 
157.60626370000136;0.0000;0.0000;-0.1107 
157.65424960000018;0.2237;0.0000;0.0000 
157.70217690000027;0.2237;0.0000;0.0438 
157.75058230000104;0.2237;0.0000;1.6159 
157.79823170000054;0.0000;0.0000;-0.1107 
157.84624330000042;0.0000;0.0000;-1.1085 
157.8942308000005;0.2237;0.0000;0.1545 
157.95807680000144;0.2237;0.0000;-0.1107 
158.0059149000008;0.0000;0.0000;-1.3737 
158.0541161000001;0.0000;0.0000;-0.3090 
158.1023608000014;0.2237;0.0000;0.1545 
158.15001220000158;0.2237;0.0000;0.0438 
158.19898180000018;0.4474;0.0000;0.0438 
158.24604340000042;0.2237;0.0000;-0.0669 
158.2940563000011;0.2237;0.0000;1.4614 
158.34206249999988;0.0000;0.0000;-1.6827 
158.39016620000075;0.2237;0.0000;0.0000 
158.43810380000104;0.2237;0.0000;-0.1107 
158.48603290000028;0.0000;0.0000;-0.1107 
158.53409900000042;0.2237;0.0000;-1.2630 
158.58216580000044;0.0000;0.0000;0.0438 
158.63034359999983;0.0000;0.0000;0.0000 
158.6782641000009;0.2237;0.0000;-1.1085 
158.74197640000057;0.2237;0.0000;-0.2652 
158.78994330000023;0.2237;0.0000;0.0438 
158.83798410000054;0.4474;0.0000;0.0438 
158.8859293000005;0.2237;0.0000;-0.3759 
158.93405510000048;0.0000;0.0000;-0.2652 
158.98202320000019;0.2237;0.0000;1.2630 
159.03031360000023;-0.2237;0.0000;0.0438 
159.0782865000001;0.4474;0.0000;0.2652 
159.12619930000074;0.4474;0.0000;0.0877 
159.1741903000002;0.4474;0.0000;-0.2214 
159.22238610000022;0.2237;0.0000;-0.0669 
159.2702188000003;0.0000;0.0000;-0.1107 
159.31850200000008;0.2237;0.0000;1.5721 
159.3819196000004;0.0000;0.0000;-1.9918 
159.4299796000014;0.0000;0.0000;0.0000 
159.47801580000123;0.0000;0.0000;-1.4175 
159.52586770000016;0.0000;0.0000;1.5721 
159.57402900000125;0.4474;0.0000;0.1545 
159.6220185000002;0.2237;0.0000;-1.6389 
159.67091860000073;0.4474;0.0000;-0.2652 
159.71804789999987;0.0000;0.0000;-0.0669 
159.76631799999996;0.2237;0.0000;0.1545 
159.81409340000027;-0.2237;0.0000;0.0438 
159.8621535000002;0.4474;0.0000;0.1107 
159.91025679999984;0.2237;0.0000;-0.0669 
159.95813660000022;0.0000;0.0000;1.6159 
160.02193200000147;0.4474;0.0000;-1.4175 
160.06991000000016;0.0000;0.0000;1.0417 
160.11809800000083;-0.2237;0.0000;0.0000 
160.1661789000009;0.2237;0.0000;0.2652 
160.21396890000142;0.2237;0.0000;0.0438 
160.26204909999979;0.2237;0.0000;0.0438 
160.3100675000005;-0.2237;0.0000;-0.2652 
160.35826860000088;0.2237;0.0000;0.4197 
160.40611549999994;0.0000;0.0000;1.3069 
160.45435130000078;0.4474;0.0000;0.0000 
160.50227260000065;0.0000;0.0000;-0.3759 
160.55037240000092;0.2237;0.0000;0.1545 
160.5981599000006;0.0000;0.0000;0.0438 
160.6465388000015;0.2237;0.0000;0.1545 
160.70988949999992;0.0000;0.0000;-0.1107 
160.7579239000006;0.2237;0.0000;0.1545 
160.80604070000118;0.0000;0.0000;-0.1107 
160.8539768999999;0.6711;0.0000;-0.1545 
160.90216300000066;0.0000;0.0000;-0.4866 
160.9502203000011;0.4474;0.0000;0.1545 
160.99828080000043;-0.2237;0.0000;-0.0669 
161.04621170000064;0.0000;0.0000;-0.9978 
161.09415790000094;0.2237;0.0000;0.0000 
161.1422437000001;0.2237;0.0000;0.0438 
161.19027210000058;0.2237;0.0000;0.0438 
161.23821000000135;0.0000;0.0000;1.4614 
161.28622040000118;0.0000;0.0000;0.0000 
161.33418650000021;-0.2237;0.0000;0.0000 
161.39796280000155;-0.2237;0.0000;0.4197 
161.44603760000064;0.0000;0.0000;0.2652 
161.49404570000115;-0.2237;0.0000;1.4175 
161.54201530000137;0.2237;0.0000;0.4197 
161.5899774999998;0.2237;0.0000;0.0438 
161.63799440000003;0.4474;0.0000;0.1983 
161.68592530000024;0.2237;0.0000;-1.3299 
161.73414000000048;0.6711;0.0000;-0.1107 
161.78215230000023;0.0000;0.0000;1.0855 
161.8301005000012;0.0000;0.0000;0.0000 
161.87812360000135;0.2237;0.0000;-1.4175 
161.92621599999984;0.2237;0.0000;1.4614 
161.97430160000113;0.0000;0.0000;0.1983 
162.03790240000126;0.2237;0.0000;-0.1545 
162.08584880000126;0.2237;0.0000;-1.2192 
162.13400540000112;0.2237;0.0000;0.0438 
162.18206420000024;0.4474;0.0000;-1.3737 
162.23016720000123;0.0000;0.0000;-0.2214 
162.2779459000012;0.2237;0.0000;0.1545 
162.32607720000124;0.2237;0.0000;-1.5282 
162.37412320000112;0.2237;0.0000;0.0438 
162.42208680000113;-0.2237;0.0000;0.0438 
162.4699967000015;0.0000;0.0000;1.5282 
162.51810920000025;-0.2237;0.0000;-1.4175 
162.56638580000072;0.0000;0.0000;-0.0438 
162.6141865999998;0.0000;0.0000;0.0000 
162.6778305000007;0.2237;0.0000;-1.1085 
162.7259414;0.6711;0.0000;0.1983 
162.7740169000008;-0.2237;0.0000;-0.3320 
162.8219904000016;0.0000;0.0000;0.2652 
162.8699996000014;0.2237;0.0000;0.3090 
162.91822750000028;-0.2237;0.0000;-0.1107 
162.96615060000113;0.2237;0.0000;-1.3069 
163.0142031000014;0.2237;0.0000;-1.3737 
163.0622817000003;0.0000;0.0000;-0.1107 
163.11041540000042;0.2237;0.0000;0.1545 
163.1581274;0.4474;0.0000;-0.1107 
163.22189460000118;0.2237;0.0000;-0.2214 
163.26998420000018;0.0000;0.0000;-1.3737 
163.31803519999994;0.2237;0.0000;1.4175 
163.36631790000138;0.4474;0.0000;1.1524 
163.41408520000005;0.2237;0.0000;-0.2214 
163.46209400000043;0.0000;0.0000;-0.1107 
163.51004860000103;0.0000;0.0000;0.0000 
163.55808609999985;0.0000;0.0000;0.0000 
163.60612840000067;0.0000;0.0000;0.0000 
163.65397830000074;0.0000;0.0000;0.1545 
163.7020733999998;0.4474;0.0000;0.1545 
163.75017880000087;0.2237;0.0000;-0.0669 
163.79826990000038;0.2237;0.0000;-0.1107 
163.84612759999982;0.0000;0.0000;-0.1107 
163.8939730000002;0.0000;0.0000;0.0000 
163.94221910000124;0.2237;0.0000;0.1545 
163.9902387000002;0.2237;0.0000;-1.5282 
164.03839190000144;0.4474;0.0000;0.0438 
164.1020236000004;-0.2237;0.0000;-0.2214 
164.15002820000154;0.0000;0.0000;-1.4614 
164.19807039999978;0.2237;0.0000;-1.5721 
164.24604499999987;-0.2237;0.0000;0.0438 
164.2941221000001;-0.2237;0.0000;0.2652 
164.34215930000028;0.0000;0.0000;0.4197 
164.3903181000005;0.0000;0.0000;0.1545 
164.4382800000003;0.0000;0.0000;0.1545 
164.48608480000075;0.4474;0.0000;0.0000 
164.5500348000005;-0.2237;0.0000;-0.2214 
164.5980021000014;0.2237;0.0000;0.1107 
164.64590300000054;0.4474;0.0000;0.0438 
164.69401720000133;0.2237;0.0000;-1.3299 
164.74211040000046;0.4474;0.0000;-0.1107 
164.7901524000008;0.0000;0.0000;-0.0669 
164.83806069999991;0.2237;0.0000;0.1545 
164.8860325000005;0.2237;0.0000;-0.1107 
164.93438590000005;0.2237;0.0000;-0.1107 
164.98214569999982;-0.2237;0.0000;-0.1107 
165.03021040000021;0.0000;0.0000;-0.9978 
165.0938724000007;-0.2237;0.0000;0.1545 
165.14198750000105;0.4474;0.0000;0.2652 
165.18997600000148;0.0000;0.0000;-0.0669 
165.23797950000153;0.2237;0.0000;-0.1545 
165.28602390000015;0.2237;0.0000;-0.1107 
165.33418780000102;0.6711;0.0000;-0.2652 
165.38217410000107;0.0000;0.0000;-0.1775 
165.43017620000137;0.2237;0.0000;0.1545 
165.47821590000058;0.0000;0.0000;-1.3737 
165.54189150000093;0.0000;0.0000;-0.1545 
165.58986069999992;0.4474;0.0000;0.4635 
165.6379409000001;0.0000;0.0000;0.0877 
165.6859387000004;-0.2237;0.0000;0.0000 
165.73409360000005;0.2237;0.0000;-1.1524 
165.78192720000152;0.4474;0.0000;1.3069 
165.82999480000035;0.0000;0.0000;-0.0669 
165.87826720000157;0.0000;0.0000;-0.1545 
165.92615520000072;0.0000;0.0000;-1.4175 
165.97446520000085;0.0000;0.0000;0.1545 
166.0220887000014;0.4474;0.0000;-0.1545 
166.08576640000138;0.2237;0.0000;-0.0669 
166.13386280000122;0.0000;0.0000;0.0438 
166.18182920000072;0.0000;0.0000;0.1545 
166.22996710000007;0.2237;0.0000;0.1545 
166.27803649999987;-0.4474;0.0000;1.3069 
166.32602340000085;0.2237;0.0000;0.3759 
166.37405370000124;0.4474;0.0000;-0.1107 
166.42216569999982;0.2237;0.0000;-0.2214 
166.47035190000133;0.0000;0.0000;-0.1107 
166.51795610000045;0.2237;0.0000;0.0000 
166.5660751000014;0.2237;0.0000;-0.1107 
166.61422910000147;0.0000;0.0000;1.4614 
166.66225430000122;0.2237;0.0000;-1.4175 
166.71018760000152;0.2237;0.0000;0.0438 
166.7588555000002;0.2237;0.0000;0.0438 
166.80603280000105;-0.2237;0.0000;-0.1107 
166.8699247000004;0.0000;0.0000;1.6827 
166.9180045000012;0.4474;0.0000;0.0000 
166.96601200000077;0.4474;0.0000;-0.3759 
167.01402080000116;0.2237;0.0000;-0.2214 
167.06201500000134;-0.2237;0.0000;0.0438 
167.11012149999988;0.2237;0.0000;0.4197 
167.15828049999982;0.2237;0.0000;1.6159 
167.20666510000046;0.4474;0.0000;-0.1107 
167.25410440000087;0.2237;0.0000;-0.0669 
167.30213809999987;0.0000;0.0000;-0.1107 
167.35023880000153;0.0000;0.0000;-1.2630 
167.39819500000158;0.2237;0.0000;1.5721 
167.46194520000063;0.0000;0.0000;-0.1107 
167.50992340000084;0.4474;0.0000;0.1545 
167.5579695000015;-0.2237;0.0000;-1.6389 
167.60605390000092;0.0000;0.0000;0.1107 
167.65404860000126;0.0000;0.0000;-0.1545 
167.70220980000158;0.0000;0.0000;-0.6181 
167.75018679999994;0.0000;0.0000;0.0000 
167.79795340000055;0.2237;0.0000;-1.2630 
167.84608350000053;0.2237;0.0000;1.4614 
167.89409239999986;0.2237;0.0000;-0.1107 
167.94227370000044;0.2237;0.0000;-0.1107 
167.99031880000075;0.2237;0.0000;0.0438 
168.0381679000002;0.0000;0.0000;0.0438 
168.10189830000127;0.0000;0.0000;0.1545 
168.14986700000009;0.4474;0.0000;0.3090 
168.19787910000014;0.0000;0.0000;-0.0669 
168.2459987000002;0.2237;0.0000;0.0000 
168.2941922000009;0.0000;0.0000;-1.3737 
168.34209210000154;0.0000;0.0000;0.1545 
168.39004040000145;0.2237;0.0000;0.0000 
168.43818180000017;0.2237;0.0000;1.3069 
168.4859637999998;0.0000;0.0000;0.0438 
168.53407230000084;-0.2237;0.0000;1.4175 
168.5820521000005;0.2237;0.0000;0.1107 
168.6302314000004;0.2237;0.0000;-0.1107 
168.67816080000011;0.2237;0.0000;-0.1107 
168.7260696000012;0.2237;0.0000;-0.1107 
168.78990430000158;0.4474;0.0000;-0.1107 
168.8379025000013;0.0000;0.0000;1.1962 
168.88594410000042;0.4474;0.0000;0.1545 
168.93397450000157;0.2237;0.0000;1.1962 
168.98212100000092;0.2237;0.0000;0.0438 
169.02999770000133;0.0000;0.0000;-0.1107 
169.07798700000058;0.4474;0.0000;0.1545 
169.12610760000098;0.0000;0.0000;-0.0669 
169.17398810000122;0.0000;0.0000;0.1545 
169.2221333000016;0.2237;0.0000;0.1545 
169.27010710000104;0.4474;0.0000;1.4614 
169.3183542000006;0.2237;0.0000;-0.0669 
169.36614830000144;0.2237;0.0000;-0.1107 
169.4142550000015;0.4474;0.0000;-1.3737 
169.4625371000002;0.2237;0.0000;-0.2214 
169.51022019999982;0.2237;0.0000;0.0438 
169.55819650000012;0.2237;0.0000;0.0438 
169.62227750000056;0.2237;0.0000;-0.1107 
169.6698430000015;0.0000;0.0000;0.0438 
169.7180169000003;-0.4474;0.0000;0.1545 
169.76596940000127;0.2237;0.0000;-0.8872 
169.81396050000149;0.0000;0.0000;-0.1107 
169.86201560000154;-0.2237;0.0000;0.1545 
169.91014880000148;-0.2237;0.0000;0.2652 
169.95805030000156;0.2237;0.0000;0.2652 
170.0060938000006;0.2237;0.0000;0.0438 
170.05403070000102;-0.2237;0.0000;0.1983 
170.10223990000122;0.0000;0.0000;0.5742 
170.15025120000064;0.2237;0.0000;-1.4175 
170.19834740000078;0.0000;0.0000;-0.1107 
170.2463955000003;0.2237;0.0000;0.0000 
170.29418010000154;0.0000;0.0000;0.0438 
170.35803660000056;0.0000;0.0000;0.0000 
170.40590880000127;0.0000;0.0000;0.3090 
170.4538776999998;0.2237;0.0000;1.5721 
170.50190830000065;0.2237;0.0000;1.3069 
170.55007000000114;0.0000;0.0000;1.3069 
170.5980268000003;0.0000;0.0000;0.3090 
170.646271900001;0.2237;0.0000;-0.1545 
170.69410790000074;-0.2237;0.0000;-0.2652 
170.74230669999997;0.0000;0.0000;0.1107 
170.79025060000095;0.0000;0.0000;0.1545 
170.83839530000114;0.2237;0.0000;0.0000 
170.88607860000047;0.4474;0.0000;1.3069 
170.94987240000046;0.0000;0.0000;-0.2214 
170.99783770000067;0.0000;0.0000;0.1545 
171.04607310000029;0.4474;0.0000;0.1545 
171.09387360000073;0.0000;0.0000;-0.3759 
171.14189760000045;0.0000;0.0000;0.0000 
171.19003540000085;0.4474;0.0000;0.3090 
171.23808950000057;0.0000;0.0000;-0.2214 
171.28599120000035;0.2237;0.0000;0.1545 
171.33409420000135;0.2237;0.0000;-0.1107 
171.38199800000075;0.4474;0.0000;1.4614 
171.43034520000037;0.4474;0.0000;-0.0669 
171.47808710000027;0.4474;0.0000;1.0417 
171.5261919000004;0.2237;0.0000;1.3507 
171.5742138000005;0.2237;0.0000;0.0438 
171.6221798000006;0.2237;0.0000;0.0438 
171.6709120000014;0.2237;0.0000;0.0438 
171.7181756000009;0.0000;0.0000;0.0438 
171.76632340000106;0.2237;0.0000;0.0000 
171.8142439000003;0.2237;0.0000;0.0438 
171.87779480000063;0.2237;0.0000;-0.1107 
171.9259731000002;0.2237;0.0000;-0.1107 
171.9739150000005;0.2237;0.0000;0.0438 
172.02193240000088;0.2237;0.0000;0.0438 
172.0699366000008;0.2237;0.0000;-0.1107 
172.1182399999998;0.2237;0.0000;0.0438 
172.16672650000146;0.2237;0.0000;-0.2652 
172.2139984000005;0.0000;0.0000;-0.1107 
172.2620282000007;0.2237;0.0000;0.0000 
172.31019809999998;0.0000;0.0000;-0.4197 
172.35802680000052;0.0000;0.0000;0.0000 
172.40592930000093;0.2237;0.0000;0.1545 
172.4539644000015;0.0000;0.0000;1.3069 
172.50212380000085;0.0000;0.0000;0.0000 
172.55047430000013;0.0000;0.0000;0.1545 
172.59812469999997;0.2237;0.0000;0.0000 
172.6462921000002;0.0000;0.0000;-0.1107 
172.69416790000105;0.2237;0.0000;0.1545 
172.742151800001;0.2237;0.0000;-0.1107 
172.7901632000012;0.0000;0.0000;1.3069 
172.85392500000125;-0.2237;0.0000;0.1545 
172.9021083000007;0.0000;0.0000;0.1107 
172.94994300000144;0.0000;0.0000;0.3090 
172.99793540000064;0.4474;0.0000;-1.1085 
173.04598050000095;0.2237;0.0000;-0.3759 
173.09409620000042;0.0000;0.0000;0.1983 
173.14209330000085;0.0000;0.0000;0.0000 
173.19008700000086;0.2237;0.0000;-0.1545 
173.238067100001;0.2237;0.0000;1.3069 
173.2860180000007;0.0000;0.0000;0.0438 
173.3341436999999;0.2237;0.0000;0.1545 
173.38224310000078;0.2237;0.0000;-0.2652 
173.43011920000026;0.0000;0.0000;0.0438 
173.47824720000062;0.6711;0.0000;0.0000 
173.54219550000016;0.0000;0.0000;-0.1775 
173.59006640000007;0.2237;0.0000;0.0000 
173.6386538000006;0.0000;0.0000;-0.2652 
173.68615880000107;0.2237;0.0000;1.5721 
173.73419980000108;0.2237;0.0000;-0.1107 
173.78195550000055;0.4474;0.0000;0.0438 
173.8301664999999;0.0000;0.0000;-0.2214 
173.87806679999994;0.4474;0.0000;0.1545 
173.9262935000006;0.2237;0.0000;0.2422 
173.97404820000156;0.0000;0.0000;-1.5282 
174.0221087000009;-0.2237;0.0000;0.1545 
174.07001730000047;0.2237;0.0000;0.2652 
174.1180398000015;0.0000;0.0000;0.0438 
174.16613060000054;0.0000;0.0000;0.1545 
174.22991700000057;0.4474;0.0000;-0.1545 
174.27781900000082;0.0000;0.0000;-0.0669 
174.32591570000113;0.0000;0.0000;0.3090 
174.37394870000026;0.2237;0.0000;0.3090 
174.42206200000146;0.0000;0.0000;-1.6827 
174.4699481000007;0.2237;0.0000;0.1545 
174.51813980000043;0.4474;0.0000;0.0438 
174.56594290000066;0.0000;0.0000;-0.3759 
174.61413350000112;0.2237;0.0000;0.0000 
174.66215040000134;0.2237;0.0000;-0.2652 
174.71052659999987;0.0000;0.0000;-0.1107 
174.75818120000076;0.0000;0.0000;1.4175 
174.80622870000116;0.2237;0.0000;0.1545 
174.8541968999998;0.2237;0.0000;-1.3737 
174.91777090000141;0.0000;0.0000;-1.3737 
174.9661216000004;-0.2237;0.0000;0.0000 
175.0140037000001;0.4474;0.0000;-0.9978 
175.06199780000134;0.0000;0.0000;-0.2214 
175.11010180000085;0.4474;0.0000;0.1545 
175.15812950000145;-0.2237;0.0000;-0.2214 
175.20615870000074;-0.2237;0.0000;-1.1524 
175.25430250000136;-0.2237;0.0000;0.4197 
175.3020714000013;0.2237;0.0000;1.6827 
175.3501425000013;0.0000;0.0000;-0.1107 
175.39847069999996;0.0000;0.0000;0.1545 
175.46186170000146;0.2237;0.0000;0.0000 
175.5098807000013;0.0000;0.0000;-0.1107 
175.5581017000004;0.2237;0.0000;0.1545 
175.6059734999999;0.2237;0.0000;0.0438 
175.65388260000145;0.2237;0.0000;-0.1107 
175.7018863000012;0.0000;0.0000;-0.1107 
175.74994550000156;0.0000;0.0000;0.1545 
175.79804240000158;0.2237;0.0000;0.1545 
175.8460696000002;0.0000;0.0000;0.0438 
175.89393460000065;0.0000;0.0000;-0.1545 
175.94195240000045;0.2237;0.0000;0.0000 
175.989974600001;0.4474;0.0000;-0.1107 
176.03820070000074;0.2237;0.0000;-0.2214 
176.0860958000012;0.2237;0.0000;-0.1107 
176.13421990000097;0.2237;0.0000;0.0438 
176.1821273000005;0.4474;0.0000;0.0438 
176.2458813000012;-0.2237;0.0000;-0.2214 
176.29423690000112;0.2237;0.0000;0.2652 
176.3419274000007;0.2237;0.0000;1.3069 
176.39004920000116;0.0000;0.0000;-0.2652 
176.4383598000004;1.1185;0.0000;-1.5721 
176.48595510000087;0.6711;0.0000;1.6367 
176.53412329999992;-0.4474;0.0000;-1.4406 
176.58213370000158;0.0000;0.0000;1.6389 
176.63022270000147;0.2237;0.0000;0.1545 
176.67821800000092;-0.2237;0.0000;0.1983 
176.74188099999992;-0.2237;0.0000;-0.0438 
176.78999600000134;0.2237;0.0000;0.1107 
176.8380176999999;0.2237;0.0000;1.3069 
176.88598810000076;0.0000;0.0000;0.0438 
176.93402890000107;0.0000;0.0000;0.0000 
176.98206610000125;0.0000;0.0000;1.5721 
177.03023089999988;0.0000;0.0000;0.1545 
177.07815389999996;0.0000;0.0000;-0.1545 
177.1260923000009;0.0000;0.0000;0.1545 
177.17435690000093;0.0000;0.0000;0.0000 
177.22212820000095;0.0000;0.0000;0.1545 
177.2703306000003;-0.2237;0.0000;0.0000 
177.3337917000008;0.2237;0.0000;1.6827 
177.3818721000007;0.4474;0.0000;0.1983 
177.42992870000126;0.0000;0.0000;-0.0669 
177.47795000000042;0.0000;0.0000;0.1545 
177.52593570000136;-0.2237;0.0000;1.7266 
177.5740439000001;0.4474;0.0000;-1.1524 
177.62210530000084;0.2237;0.0000;-0.0669 
177.67028050000044;0.2237;0.0000;-0.1107 
177.7181223000007;0.4474;0.0000;-0.1107 
177.76602940000157;-0.2237;0.0000;-0.2214 
177.8141699000007;0.0000;0.0000;-1.3069 
177.86217399999987;0.2237;0.0000;0.1545 
177.92580090000047;0.0000;0.0000;-0.1107 
177.97384050000073;0.0000;0.0000;0.1545 
178.0219300000008;-0.2237;0.0000;0.4635 
178.06998990000102;0.4474;0.0000;0.5742 
178.11793970000144;0.0000;0.0000;-0.2214 
178.1659866000009;0.0000;0.0000;0.4635 
178.21404620000067;0.0000;0.0000;1.5721 
178.26207990000148;0.2237;0.0000;1.4175 
178.31012180000107;-0.2237;0.0000;-0.1107 
178.35814070000015;0.2237;0.0000;0.2652 
178.4061651000011;0.2237;0.0000;-1.5282 
178.45415950000097;0.2237;0.0000;1.7704 
178.51784899999984;0.4474;0.0000;-0.1107 
178.56582940000044;0.2237;0.0000;0.0877 
178.61396480000076;0.0000;0.0000;0.0438 
178.66191780000008;-0.2237;0.0000;-0.1545 
178.71002190000036;0.0000;0.0000;0.1107 
178.75802040000053;0.0000;0.0000;0.1545 
178.80608500000017;0.0000;0.0000;0.0000 
178.85431040000003;0.0000;0.0000;0.0000 
178.90213120000044;0.2237;0.0000;0.0000 
178.9500435000009;0.0000;0.0000;0.0438 
178.99813260000155;0.0000;0.0000;0.0000 
179.0462760999999;0.2237;0.0000;-1.4175 
179.0941373000005;0.2237;0.0000;-0.1107 
179.1423845999998;0.0000;0.0000;-0.1107 
179.19020140000066;0.2237;0.0000;1.4175 
179.23814330000096;0.0000;0.0000;0.0438 
179.30188799999996;0.0000;0.0000;1.4175 
179.34996500000125;0.2237;0.0000;0.3090 
179.39796250000109;0.2237;0.0000;-1.3737 
179.44592790000024;0.4474;0.0000;-0.2652 
179.49399690000064;0.0000;0.0000;-0.2214 
179.54202220000116;0.4474;0.0000;0.1545 
179.5900255000015;0.0000;0.0000;0.0877 
179.63816120000047;0.2237;0.0000;-0.1545 
179.68615050000153;0.2237;0.0000;-0.1107 
179.73421150000104;0.2237;0.0000;1.3069 
179.78221590000066;0.0000;0.0000;-0.1107 
179.83016980000139;0.0000;0.0000;1.5721 
179.87816770000063;0.0000;0.0000;0.3090 
179.94175890000042;0.2237;0.0000;0.1545 
179.9898692000006;0.0000;0.0000;-1.5282 
180.03787470000134;0.2237;0.0000;0.1545 
180.08575890000066;0.0000;0.0000;0.0438 
180.13403310000103;0.2237;0.0000;-1.2630 
180.18193950000023;0.2237;0.0000;-0.1107 
180.23012030000064;0.0000;0.0000;-0.1107 
180.27795590000096;0.2237;0.0000;0.3090 
180.3258876;0.4474;0.0000;1.4614 
180.3742383000008;0.4474;0.0000;-0.3759 
180.42212650000147;0.0000;0.0000;-0.2214 
180.47023810000064;0.8948;0.0000;0.0000 
180.51799850000134;1.1185;0.0000;-1.2422 
180.56634780000059;-0.4474;0.0000;-0.0899 
180.62998060000064;0.0000;0.0000;0.0669 
180.6778377999999;0.0000;0.0000;0.3090 
180.72586180000144;0.2237;0.0000;0.0000 
180.77397759999985;0.0000;0.0000;1.4614 
180.82215300000098;-0.2237;0.0000;0.1545 
180.87001170000076;0.2237;0.0000;0.2652 
180.91808500000116;0.2237;0.0000;-0.2652 
180.9660853000005;0.0000;0.0000;-0.2652 
181.01400730000023;0.4474;0.0000;0.1545 
181.0620293000011;-0.2237;0.0000;-0.2214 
181.1100189000008;0.2237;0.0000;0.1107 
181.15819960000044;0.0000;0.0000;0.0438 
181.2218057000009;-0.2237;0.0000;1.5721 
181.26992280000013;0.2237;0.0000;-0.0438 
181.31801650000125;0.0000;0.0000;-0.1107 
181.36602140000105;0.4474;0.0000;-1.2630 
181.41422220000095;0.2237;0.0000;-0.2214 
181.46208149999984;0.0000;0.0000;0.1983 
181.5100553000011;0.0000;0.0000;0.1545 
181.55805320000036;-0.4474;0.0000;0.0000 
181.60611980000067;0.0000;0.0000;0.3759 
181.65418820000014;0.2237;0.0000;0.3090 
181.70196420000138;0.4474;0.0000;-1.2192 
181.75035070000013;0.2237;0.0000;-0.0669 
181.79833839999992;0.2237;0.0000;0.0438 
181.84602799999993;0.2237;0.0000;0.0438 
181.90983730000153;0.0000;0.0000;-0.2652 
181.95806210000046;0.0000;0.0000;1.2630 
182.00594439999986;0.4474;0.0000;0.1545 
182.05398070000047;0.4474;0.0000;-0.2214 
182.1021303000016;-0.2237;0.0000;-0.2214 
182.15008370000032;0.4474;0.0000;0.2652 
182.19802210000125;0.0000;0.0000;-0.0669 
182.24610209999992;0.4474;0.0000;0.1545 
182.29409240000132;0.4474;0.0000;-0.2214 
182.34215159999985;0.0000;0.0000;-0.0669 
182.39016880000054;0.4474;0.0000;0.1545 
182.43809500000134;0.2237;0.0000;-0.0669 
182.5018549000015;0.2237;0.0000;-0.1107 
182.54992480000146;0.2237;0.0000;-0.2652 
182.5979135000016;0.2237;0.0000;-0.1107 
182.64609490000112;0.0000;0.0000;-1.3737 
182.6940121000007;0.2237;0.0000;0.1545 
182.74199640000006;0.0000;0.0000;-1.5282 
182.79002200000104;0.2237;0.0000;0.1545 
182.83796320000147;0.0000;0.0000;0.0438 
182.88597950000076;0.0000;0.0000;0.1545 
182.93417030000091;-0.2237;0.0000;0.0000 
182.98207090000142;0.4474;0.0000;0.1107 
183.0304784;0.2237;0.0000;-0.2214 
183.0780977000013;-0.2237;0.0000;0.0438 
183.14181410000128;0.6711;0.0000;-0.0438 
183.18981870000061;0.0000;0.0000;-0.0230 
183.23798370000077;0.2237;0.0000;0.0000 
183.2860199000006;0.0000;0.0000;0.0438 
183.33412300000055;-0.2237;0.0000;-0.1545 
183.3820126999999;0.2237;0.0000;0.2652 
183.43011300000035;0.2237;0.0000;0.1983 
183.47793790000105;0.0000;0.0000;0.3529 
183.5262014;0.0000;0.0000;0.0000 
183.57405749999998;0.2237;0.0000;0.1545 
183.6222615000006;0.0000;0.0000;0.1983 
183.67006220000076;-0.2237;0.0000;1.4175 
183.73386990000108;0.4474;0.0000;-1.3069 
183.7823597000006;0.0000;0.0000;-0.2214 
183.83012140000028;0.0000;0.0000;0.0000 
183.87794770000073;0.0000;0.0000;0.0000 
183.9260264000004;0.2237;0.0000;0.3090 
183.9739470000004;0.4474;0.0000;-0.2652 
184.02204700000038;0.0000;0.0000;-1.3299 
184.07000980000157;0.0000;0.0000;-0.1545 
184.118124300001;0.0000;0.0000;-0.1545 
184.16622160000043;0.0000;0.0000;0.1545 
184.21413250000114;0.0000;0.0000;-1.2630 
184.26211970000077;0.0000;0.0000;-1.4175 
184.30996010000126;0.0000;0.0000;0.1545 
184.37390490000143;0.0000;0.0000;0.0000 
184.42195690000153;0.2237;0.0000;-1.1085 
184.47009570000046;0.2237;0.0000;0.0438 
184.51794789999985;0.4474;0.0000;0.0438 
184.56592600000113;0.0000;0.0000;-0.0669 
184.6139858000006;0.0000;0.0000;0.0000 
184.6620829000003;-0.2237;0.0000;0.0000 
184.71022080000148;0.0000;0.0000;0.1107 
184.7579765999999;0.0000;0.0000;0.3090 
184.8060443000013;0.2237;0.0000;0.1545 
184.85414010000022;-0.2237;0.0000;0.0438 
184.90204660000018;0.2237;0.0000;1.5282 
184.9502749000003;0.2237;0.0000;0.0438 
184.9981002000004;0.0000;0.0000;0.0438 
185.06195509999998;0.4474;0.0000;-0.1545 
185.1098946000002;0.2237;0.0000;-0.0669 
185.15787640000053;0.0000;0.0000;-0.1107 
185.20582620000096;0.0000;0.0000;0.1545 
185.25393910000093;0.0000;0.0000;0.1545 
185.30179820000012;-0.2237;0.0000;0.1545 
185.34997360000125;0.0000;0.0000;1.3737 
185.39798330000121;0.0000;0.0000;0.0000 
185.44606380000005;0.4474;0.0000;0.3090 
185.49415220000083;0.0000;0.0000;-0.0669 
185.5420954000001;0.2237;0.0000;0.3090 
185.59016340000016;0.0000;0.0000;1.4614 
185.65380619999996;0.4474;0.0000;-1.2630 
185.70183130000078;0.4474;0.0000;-0.2214 
185.7499803999999;0.2237;0.0000;-0.2214 
185.7979692000008;0.2237;0.0000;-0.1107 
185.84609940000155;0.0000;0.0000;0.0438 
185.8939220000011;0.0000;0.0000;0.0000 
185.94197930000155;0.4474;0.0000;0.0000 
185.9901690000006;0.4474;0.0000;-0.0669 
186.03813940000146;0.0000;0.0000;-1.6389 
186.08602910000081;0.2237;0.0000;0.1545 
186.13408320000053;0.0000;0.0000;-0.2652 
186.18220440000005;0.0000;0.0000;0.1545 
186.2300439999999;0.0000;0.0000;0.0000 
186.27816970000094;0.2237;0.0000;0.0000 
186.32636679999996;0.2237;0.0000;-0.1107 
186.3741684000015;0.0000;0.0000;0.1983 
186.4221548000005;0.0000;0.0000;0.1545 
186.47015660000034;0.2237;0.0000;0.0000 
186.51820260000022;0.0000;0.0000;0.0438 
186.5817489000001;0.2237;0.0000;0.1545 
186.6297854000004;0.2237;0.0000;0.1983 
186.67791089999992;0.2237;0.0000;0.0438 
186.7258952000011;0.2237;0.0000;-0.2652 
186.77394360000108;0.0000;0.0000;-0.1107 
186.82221560000107;0.2237;0.0000;0.1545 
186.86992270000155;0.2237;0.0000;0.1983 
186.91807789999984;0.0000;0.0000;-0.1107 
186.96605310000086;0.2237;0.0000;-1.2630 
187.01401420000002;0.2237;0.0000;0.0438 
187.06208190000143;0.0000;0.0000;-0.1107 
187.1100881000002;0.4474;0.0000;0.1545 
187.1582664000016;0.0000;0.0000;-1.7934 
187.2063532000011;0.2237;0.0000;0.1545 
187.25394960000085;-0.2237;0.0000;-1.3737 
187.31776580000042;0.0000;0.0000;0.2652 
187.36576590000004;0.4474;0.0000;0.0000 
187.41389290000006;0.0000;0.0000;-0.0669 
187.46189700000104;0.0000;0.0000;0.1545 
187.50992940000106;0.2237;0.0000;0.1545 
187.55826180000076;0.2237;0.0000;0.0438 
187.60627639999984;0.2237;0.0000;0.0438 
187.6541857000011;0.0000;0.0000;-0.1107 
187.70210580000094;0.0000;0.0000;-0.3090 
187.74996330000067;0.0000;0.0000;0.0000 
187.79802960000052;-0.6711;0.0000;1.5721 
187.84604470000158;0.0000;0.0000;-1.3945 
187.89426559999993;-0.2237;0.0000;0.1545 
187.9578061000011;-0.2237;0.0000;0.1107 
188.00597759999982;0.2237;0.0000;0.2652 
188.05391180000152;0.2237;0.0000;-0.1107 
188.10239600000023;0.0000;0.0000;0.1983 
188.14986110000063;0.0000;0.0000;-1.4175 
188.19798430000083;0.2237;0.0000;0.1545 
188.2459233999998;0.0000;0.0000;0.0438 
188.29377879999993;0.2237;0.0000;0.3090 
188.3420901999998;0.0000;0.0000;-0.1107 
188.39014270000007;0.0000;0.0000;0.1545 
188.4380377000016;0.0000;0.0000;-1.4175 
188.48612460000004;0.2237;0.0000;-1.4175 
188.53487870000026;0.4474;0.0000;0.0438 
188.5820319000013;0.2237;0.0000;0.0877 
188.6300940000001;0.2237;0.0000;-0.1107 
188.67817000000105;0.0000;0.0000;0.3529 
188.72612010000012;0.0000;0.0000;0.1545 
188.7897989000012;0.0000;0.0000;0.3090 
188.8379111000013;0.0000;0.0000;0.3090 
188.8858790000013;0.0000;0.0000;0.3090 
188.9339673000013;0.0000;0.0000;0.1545 
188.98192000000017;0.0000;0.0000;-0.1545 
189.0299842000004;0.0000;0.0000;0.0000 
189.07792490000065;0.0000;0.0000;0.1545 
189.12600340000063;0.0000;0.0000;1.4175 
189.17416720000074;0.2237;0.0000;0.1545 
189.2220354000001;0.0000;0.0000;-0.1107 
189.27014840000083;0.0000;0.0000;1.7266 
189.3181024000005;0.2237;0.0000;0.0000 
189.36613399999987;0.0000;0.0000;0.3529 
189.41435190000084;0.2237;0.0000;0.1545 
189.4620831000011;0.4474;0.0000;1.4614 
189.5111624000001;0.2237;0.0000;-0.2214 
189.57385450000038;0.2237;0.0000;-0.1107 
189.6218568000004;0.0000;0.0000;0.0438 
189.670030700001;0.0000;0.0000;0.1545 
189.71789760000138;0.2237;0.0000;0.0000 
189.7661265000006;0.0000;0.0000;-1.3737 
189.8139650000012;0.2237;0.0000;0.0000 
189.8619118000006;0.2237;0.0000;0.0438 
189.9100784000002;-0.4474;0.0000;-0.1107 
189.9583412000011;0.0000;0.0000;-0.2422 
190.0061437000004;0.6711;0.0000;0.0000 
190.0540742000012;0.4474;0.0000;-0.3320 
190.10193400000026;0.6711;0.0000;-0.3759 
190.15027160000136;0.0000;0.0000;1.0855 
190.21392449999985;-0.2237;0.0000;0.0000 
190.26208709999992;0.2237;0.0000;-0.9978 
190.30991859999995;0.2237;0.0000;-0.1107 
190.35797670000102;0.2237;0.0000;-0.1107 
190.40599550000115;0.2237;0.0000;1.4614 
190.4538620000003;0.0000;0.0000;-0.1107 
190.50205460000143;0.0000;0.0000;0.1545 
190.55015960000128;0.2237;0.0000;0.1545 
190.59783900000002;0.2237;0.0000;0.0438 
190.64596859999983;0.2237;0.0000;1.4614 
190.69401520000065;0.0000;0.0000;0.0438 
190.7420861999999;-0.2237;0.0000;0.0000 
190.79019550000157;0.2237;0.0000;0.1107 
190.83817340000132;0.0000;0.0000;0.0438 
190.90177380000023;0.4474;0.0000;0.1545 
190.9499534000006;0.0000;0.0000;-0.3759 
190.99786140000106;0.2237;0.0000;1.5721 
191.0459566999998;0.2237;0.0000;-0.1107 
191.09398060000058;0.2237;0.0000;0.0438 
191.1418816000005;0.2237;0.0000;-0.1107 
191.18995560000076;0.2237;0.0000;0.0438 
191.23802710000018;0.4474;0.0000;0.0438 
191.28586929999983;0.2237;0.0000;1.1962 
191.33411720000004;0.0000;0.0000;0.1983 
191.38213260000157;0.2237;0.0000;0.0000 
191.43007770000077;0.4474;0.0000;0.0438 
191.47804050000013;0.4474;0.0000;0.0877 
191.52586920000067;0.0000;0.0000;-1.6389 
191.57403909999994;0.0000;0.0000;0.3090 
191.6222576;0.2237;0.0000;0.1545 
191.67008820000046;0.0000;0.0000;0.0438 
191.71803960000034;0.4474;0.0000;0.3090 
191.7659491000013;0.0000;0.0000;0.0877 
191.81411040000057;0.0000;0.0000;-1.4175 
191.86198520000107;0.2237;0.0000;0.1545 
191.91011050000088;0.0000;0.0000;0.0438 
191.97373940000034;0.2237;0.0000;0.0000 
192.02187790000062;0.0000;0.0000;-1.2192 
192.06990790000054;0.2237;0.0000;1.4175 
192.11786260000008;0.2237;0.0000;0.1983 
192.1659577999999;-0.2237;0.0000;1.3069 
192.21390810000048;0.4474;0.0000;0.2652 
192.26210770000034;0.4474;0.0000;-0.0669 
192.31012360000022;0.4474;0.0000;-0.3759 
192.35814740000023;0.2237;0.0000;-0.3759 
192.4062369000003;0.0000;0.0000;0.0438 
192.45392360000005;0.2237;0.0000;0.1545 
192.50218180000047;-0.2237;0.0000;0.0438 
192.56587800000125;0.0000;0.0000;0.1107 
192.6137472999999;0.2237;0.0000;0.3090 
192.66179750000083;-0.2237;0.0000;0.0438 
192.7099003000003;0.0000;0.0000;0.2652 
192.75816260000101;-0.2237;0.0000;0.1545 
192.80588870000065;-0.2237;0.0000;0.1107 
192.85391920000075;0.6711;0.0000;0.2652 
192.90195660000063;0.2237;0.0000;-0.1775 
192.95021390000147;0.2237;0.0000;1.3069 
192.99800160000086;0.2237;0.0000;-1.6827 
193.04605210000045;0.2237;0.0000;-0.1107 
193.0943126000002;-0.2237;0.0000;0.1983 
193.14211690000047;0.0000;0.0000;0.2652 
193.20592110000143;0.0000;0.0000;-0.1545 
193.25394020000022;0.0000;0.0000;0.0000 
193.30191879999984;0.2237;0.0000;-1.4175 
193.3501114999999;0.2237;0.0000;-0.1107 
193.39797010000075;0.0000;0.0000;0.0438 
193.4461478000012;0.0000;0.0000;1.5721 
193.49401399999988;0.2237;0.0000;0.1545 
193.54206010000053;0.4474;0.0000;-1.3737 
193.5900300000012;0.2237;0.0000;-1.6389 
193.63789370000086;0.2237;0.0000;0.0438 
193.68613900000128;0.4474;0.0000;-1.5282 
193.73404480000136;0.4474;0.0000;-1.6389 
193.78210000000036;0.2237;0.0000;-0.2214 
193.8301433000015;0.2237;0.0000;-0.1107 
193.8938429000009;-0.2237;0.0000;0.1983 
193.94215200000144;0.4474;0.0000;-0.0438 
193.9897987000004;0.2237;0.0000;-0.2214 
194.03810440000052;-0.2237;0.0000;-1.3737 
194.08596650000072;0.2237;0.0000;1.5282 
194.13419740000063;0.2237;0.0000;1.3069 
194.18216230000144;0.4474;0.0000;-0.2652 
194.23008110000046;0.2237;0.0000;-0.2214 
194.27830990000075;0.0000;0.0000;0.0438 
194.32621120000113;0.2237;0.0000;0.0000 
194.37398850000136;0.2237;0.0000;0.0438 
194.42212310000104;0.0000;0.0000;0.0438 
194.4858666;0.0000;0.0000;1.4175 
194.53397870000117;0.2237;0.0000;0.0000 
194.58186490000116;0.4474;0.0000;0.0438 
194.629909700001;-0.2237;0.0000;0.2422 
194.6778271000003;0.2237;0.0000;0.2652 
194.72587900000144;0.0000;0.0000;-0.1107 
194.7740485000013;0.0000;0.0000;-1.1085 
194.8232251999998;0.2237;0.0000;-0.1545 
194.86998409999978;0.0000;0.0000;1.4614 
194.91793710000093;0.0000;0.0000;-1.4175 
194.96613010000146;0.0000;0.0000;0.1545 
195.01401390000137;0.2237;0.0000;1.5721 
195.07793149999998;0.2237;0.0000;-0.1107 
195.1258839000002;-0.2237;0.0000;-0.2652 
195.17399600000135;-0.2237;0.0000;0.2652 
195.22198930000013;0.2237;0.0000;0.4197 
195.26986430000034;0.0000;0.0000;0.0438 
195.31792640000094;0.2237;0.0000;0.3090 
195.36600210000142;0.4474;0.0000;0.3529 
195.41421770000125;0.2237;0.0000;-0.2214 
195.46213070000158;0.2237;0.0000;-0.1107 
195.51008830000137;0.2237;0.0000;-0.1107 
195.5580858000012;0.2237;0.0000;0.0438 
195.60624540000026;0.2237;0.0000;0.0438 
195.66977340000085;0.4474;0.0000;-0.1107 
195.71773740000026;0.0000;0.0000;1.1962 
195.7659560000011;0.2237;0.0000;0.1545 
195.81387360000008;0.0000;0.0000;-0.1107 
195.86187980000068;0.2237;0.0000;-1.5721 
195.90991050000048;0.2237;0.0000;0.0438 
195.95806210000046;-0.2237;0.0000;-0.1107 
196.0060097000005;0.0000;0.0000;0.2652 
196.0538873000005;0.0000;0.0000;0.1545 
196.10197000000153;0.2237;0.0000;1.7266 
196.15023920000021;0.4474;0.0000;-0.1107 
196.1982175000012;0.0000;0.0000;1.3507 
196.24630350000007;0.4474;0.0000;0.1545 
196.3097729000001;0.0000;0.0000;-0.0669 
196.35788120000143;0.0000;0.0000;0.1545 
196.40583460000016;0.0000;0.0000;0.4635 
196.45401350000066;0.2237;0.0000;-0.1545 
196.50199990000146;0.0000;0.0000;-0.1107 
196.55000780000046;-0.2237;0.0000;0.1545 
196.59812500000044;0.2237;0.0000;0.2652 
196.64603270000043;0.0000;0.0000;1.4614 
196.6940078000007;0.2237;0.0000;0.0000 
196.74198510000133;0.2237;0.0000;1.6159 
196.7899379999999;0.0000;0.0000;-0.1107 
196.8380816000008;0.0000;0.0000;0.1545 
196.8859938000005;0.4474;0.0000;0.1545 
196.93421880000096;0.2237;0.0000;-0.2214 
196.99797480000052;0.2237;0.0000;1.3069 
197.04590500000086;0.0000;0.0000;-0.1107 
197.09393490000002;0.2237;0.0000;0.0000 
197.14178990000073;0.2237;0.0000;0.1983 
197.18993600000067;0.2237;0.0000;0.1983 
197.23795990000144;0.0000;0.0000;1.4614 
197.2859249000012;0.4474;0.0000;0.1545 
197.33400020000045;0.6711;0.0000;-0.0669 
197.38210140000047;0.0000;0.0000;-0.4866 
197.42993780000143;0.0000;0.0000;-0.1545 
197.47801750000144;0.0000;0.0000;0.3090 
197.52606390000074;0.0000;0.0000;0.4635 
197.5740923000012;-0.2237;0.0000;0.1545 
197.6377822000013;0.2237;0.0000;0.5742 
197.6859368000005;0.2237;0.0000;1.4614 
197.7338907000012;0.2237;0.0000;0.1983 
197.78186490000007;0.2237;0.0000;0.1983 
197.8299093000005;0.4474;0.0000;-0.1107 
197.8779384999998;0.4474;0.0000;-0.2214 
197.92593699999998;0.2237;0.0000;-0.0669 
197.97394970000096;0.2237;0.0000;0.0438 
198.02202399999987;0.0000;0.0000;0.0438 
198.07016730000032;0.0000;0.0000;1.4175 
198.11800530000073;0.0000;0.0000;0.0000 
198.16600460000154;0.0000;0.0000;0.1545 
198.21402680000028;0.2237;0.0000;0.0000 
198.26198260000092;0.4474;0.0000;-1.5282 
198.3100822000015;0.2237;0.0000;0.0877 
198.37381360000109;0.2237;0.0000;-0.1107 
198.42177430000083;0.0000;0.0000;0.0438 
198.46979380000084;0.4474;0.0000;0.3090 
198.51801250000062;0.0000;0.0000;-0.0669 
198.56606860000102;0.0000;0.0000;0.0000 
198.6146172000008;0.0000;0.0000;0.1545 
198.66188570000122;0.2237;0.0000;-0.1545 
198.71004520000133;-0.2237;0.0000;1.3069 
198.75802020000083;0.0000;0.0000;0.5742 
198.80619710000065;0.2237;0.0000;0.3090 
198.85401620000084;0.0000;0.0000;0.0438 
198.9020016000013;0.0000;0.0000;1.5721 
198.95034530000157;0.0000;0.0000;0.1545 
198.99797080000099;0.2237;0.0000;0.1545 
199.06176420000156;0.2237;0.0000;0.0438 
199.11024440000074;0.0000;0.0000;0.0438 
199.15798069999983;0.4474;0.0000;-1.4175 
199.20584220000092;0.2237;0.0000;-0.0669 
199.25395019999996;0.0000;0.0000;-1.3737 
199.30201100000158;0.2237;0.0000;0.0000 
199.34999349999998;0.2237;0.0000;-0.1107 
199.39789800000108;0.0000;0.0000;0.0438 
199.44589690000066;0.2237;0.0000;0.1545 
199.49390010000025;0.2237;0.0000;0.0438 
199.54199479999988;0.0000;0.0000;-1.5282 
199.58985759999996;0.2237;0.0000;0.1545 
199.63804320000054;0.2237;0.0000;-1.5282 
199.6860981000009;0.2237;0.0000;0.0438 
199.7342122000009;0.0000;0.0000;0.1983 
199.78213810000125;-0.2237;0.0000;0.3090 
199.830167600001;0.2237;0.0000;0.2652 
199.8780798000007;0.2237;0.0000;0.0438 
199.92611140000008;0.2237;0.0000;-0.1107 
199.97418970000035;0.2237;0.0000;0.1983 
200.03779970000141;0.0000;0.0000;0.0438 
200.0857802999999;0.4474;0.0000;0.1545 
200.1338665000003;0.4474;0.0000;-0.2214 
200.18198850000044;0.0000;0.0000;-0.0669 
200.22991940000065;0.2237;0.0000;0.0000 
200.27818540000044;0.4474;0.0000;1.4614 
200.32588600000054;0.2237;0.0000;-0.2214 
200.37399180000102;0.2237;0.0000;1.3069 
200.4218363;0.0000;0.0000;1.3069 
200.47021959999984;0.2237;0.0000;0.1545 
200.5181741000015;0.6711;0.0000;-0.2652 
200.56620460000158;0.2237;0.0000;-0.3320 
200.6297508000007;-0.2237;0.0000;-0.1107 
200.67778180000096;0.2237;0.0000;0.2652 
200.7257922000008;0.0000;0.0000;-0.1107 
200.77376750000076;0.0000;0.0000;1.4175 
200.82185630000095;0.2237;0.0000;1.7266 
200.86995670000033;0.2237;0.0000;-0.1107 
200.91780130000006;0.0000;0.0000;0.0438 
200.96603770000002;0.2237;0.0000;1.5721 
201.0139865000001;0.2237;0.0000;0.0438 
201.06200220000028;0.2237;0.0000;-0.2652 
201.11020730000018;0.0000;0.0000;1.1524 
201.15807880000102;0.0000;0.0000;0.1545 
201.20599279999988;-0.2237;0.0000;0.0000 
201.2698063000007;0.2237;0.0000;-1.1524 
201.3176824000002;0.2237;0.0000;-0.1107 
201.3657905;0.4474;0.0000;0.1983 
201.4138765000007;0.0000;0.0000;1.1962 
201.46208660000048;0.2237;0.0000;0.3090 
201.50988980000147;0.4474;0.0000;0.0438 
201.55787060000148;0.2237;0.0000;-0.2214 
201.60616110000046;0.0000;0.0000;-1.6827 
201.65419490000022;-0.2237;0.0000;-1.2630 
201.70212540000102;0.4474;0.0000;0.2652 
201.75020490000134;0.2237;0.0000;-0.0669 
201.7980989000007;-0.2237;0.0000;-1.3737 
201.84622280000076;0.2237;0.0000;0.2652 
201.9097397000005;0.4474;0.0000;0.1983 
201.95784500000082;0.4474;0.0000;-0.2214 
202.0058880000015;0.4474;0.0000;-1.3299 
202.05387580000024;0.0000;0.0000;1.3507 
202.101792200001;0.0000;0.0000;1.4175 
202.15003270000125;-0.2237;0.0000;1.5721 
202.19792490000145;0.2237;0.0000;0.2652 
202.24590830000125;0.0000;0.0000;1.4614 
202.29400440000063;0.0000;0.0000;0.0000 
202.34181750000062;0.0000;0.0000;1.4175 
202.3900596000003;0.0000;0.0000;0.1545 
202.43804340000133;0.0000;0.0000;0.1545 
202.48630410000078;0.4474;0.0000;0.1545 
202.5338595000012;0.0000;0.0000;1.6597 
202.58190550000108;0.2237;0.0000;0.0000 
202.6300009000006;0.4474;0.0000;0.0438 
202.67807900000116;0.0000;0.0000;-1.6389 
202.7260925999999;0.2237;0.0000;0.1545 
202.78984480000145;0.0000;0.0000;-0.2652 
202.8378174999998;0.4474;0.0000;0.3090 
202.88593580000088;0.0000;0.0000;-0.3759 
202.93437810000069;0.0000;0.0000;-0.1545 
202.9819294000008;0.0000;0.0000;0.0000 
203.029945100001;0.0000;0.0000;0.0000 
203.07790290000048;0.2237;0.0000;0.0000 
203.12581649999993;0.0000;0.0000;0.0438 
203.17399280000063;0.0000;0.0000;-0.1545 
203.2219782000011;0.0000;0.0000;-1.4175 
203.27017990000058;0.0000;0.0000;0.1545 
203.31795440000133;0.2237;0.0000;0.0000 
203.3665191;0.2237;0.0000;0.0438 
203.41385080000146;0.0000;0.0000;1.4614 
203.4620974999998;0.0000;0.0000;0.1545 
203.52583220000088;0.0000;0.0000;-0.1545 
203.57421840000097;0.4474;0.0000;1.7266 
203.6219383000007;0.4474;0.0000;1.3507 
203.67000120000012;0.2237;0.0000;-0.0669 
203.71780190000027;0.0000;0.0000;1.4614 
203.76612390000082;0.0000;0.0000;0.0000 
203.81395190000148;0.2237;0.0000;0.0000 
203.8622223000002;0.6711;0.0000;0.0438 
203.91028390000065;0.2237;0.0000;-0.0230 
203.95797830000083;0.2237;0.0000;-0.1107 
204.005981100001;0.2237;0.0000;0.0438 
204.05400590000136;0.2237;0.0000;-1.5282 
204.10204320000048;0.2237;0.0000;-1.3737 
204.15026829999988;0.2237;0.0000;-0.1107 
204.1980349000005;0.2237;0.0000;0.0438 
204.26177820000157;-0.2237;0.0000;-0.2652 
204.3098710000013;0.0000;0.0000;0.4197 
204.35792780000156;-0.2237;0.0000;0.0000 
204.4058960000002;0.2237;0.0000;0.4197 
204.45456150000064;0.0000;0.0000;0.0438 
204.50229600000057;0.0000;0.0000;-0.1545 
204.55021120000129;0.0000;0.0000;0.0000 
204.59807619999992;0.2237;0.0000;-0.1545 
204.64628129999983;0.2237;0.0000;0.0438 
204.69390300000123;0.0000;0.0000;0.0438 
204.74213969999983;0.0000;0.0000;0.0000 
204.78998750000028;-0.2237;0.0000;1.4175 
204.85383660000116;0.2237;0.0000;1.8372 
204.90168170000106;0.2237;0.0000;1.6159 
204.94981630000075;0.2237;0.0000;-0.1107 
204.997791400001;0.0000;0.0000;1.6159 
205.04598570000053;-0.2237;0.0000;0.1545 
205.09396710000146;0.0000;0.0000;1.6827 
205.14286020000145;-0.2237;0.0000;0.1545 
205.19002100000034;0.2237;0.0000;0.2652 
205.23800400000073;0.4474;0.0000;-0.1107 
205.2859195000001;0.0000;0.0000;1.3507 
205.33382640000127;0.2237;0.0000;0.1545 
205.38220720000027;0.0000;0.0000;-0.2652 
205.43017380000128;0.2237;0.0000;0.1545 
205.49372010000116;-0.2237;0.0000;0.0438 
205.54189450000013;0.0000;0.0000;0.1107 
205.5899301999998;0.2237;0.0000;1.5721 
205.6379563999999;0.2237;0.0000;0.1983 
205.68580900000052;0.2237;0.0000;0.0438 
205.7339374000003;0.2237;0.0000;0.0438 
205.78175499999998;0.0000;0.0000;-0.1107 
205.8298519;0.0000;0.0000;0.0000 
205.87803020000138;0.0000;0.0000;0.3090 
205.92589800000133;0.0000;0.0000;0.3090 
205.97384730000158;-0.2237;0.0000;1.5721 
206.02200410000114;0.2237;0.0000;-1.1524 
206.07004870000128;0.2237;0.0000;-0.1107 
206.11794310000005;0.2237;0.0000;-0.1107 
206.18180100000063;-0.2237;0.0000;-1.3737 
206.22999960000016;0.4474;0.0000;0.1107 
206.27787940000053;0.2237;0.0000;-0.2214 
206.32579390000137;0.0000;0.0000;-0.1107 
206.37386669999978;0.2237;0.0000;1.5721 
206.42187100000046;0.4474;0.0000;-0.2652 
206.46989700000086;0.0000;0.0000;-0.0669 
206.51786520000132;0.2237;0.0000;1.5721 
206.56611090000115;0.2237;0.0000;-0.1107 
206.61401819999992;-0.2237;0.0000;-0.1107 
206.66208030000053;0.2237;0.0000;0.4197 
206.72580190000008;0.0000;0.0000;0.0438 
206.77389870000115;0.2237;0.0000;0.4635 
206.82182410000132;0.2237;0.0000;0.0438 
206.8697331000003;0.0000;0.0000;-0.1107 
206.9179507000008;0.0000;0.0000;1.5721 
206.9659614000011;0.2237;0.0000;0.3090 
207.01388960000077;0.2237;0.0000;1.3069 
207.06211070000063;0.2237;0.0000;0.0438 
207.11016090000157;0.0000;0.0000;-0.1107 
207.15813049999997;-0.2237;0.0000;1.2630 
207.20628120000038;0.0000;0.0000;1.6827 
207.25407240000095;0.0000;0.0000;-1.2630 
207.31777390000025;0.2237;0.0000;-0.1545 
207.3658589000006;0.0000;0.0000;-0.1107 
207.41394070000024;0.2237;0.0000;0.1545 
207.4619111000011;-0.2237;0.0000;1.6159 
207.50989010000012;0.0000;0.0000;1.6827 
207.55797200000052;0.0000;0.0000;-1.4175 
207.6062578000001;-0.2237;0.0000;1.5721 
207.65407790000063;0.2237;0.0000;0.2652 
207.70207730000038;0.4474;0.0000;-0.1107 
207.75032160000046;-0.2237;0.0000;-0.2214 
207.7980434000001;0.4474;0.0000;0.1107 
207.86181260000012;0.4474;0.0000;-0.0669 
207.9098653000001;-0.6711;0.0000;-0.2214 
207.95788710000124;0.2237;0.0000;0.6411 
208.0058485999998;0.2237;0.0000;-0.1107 
208.0544148000008;0.2237;0.0000;0.0438 
208.10190420000072;0.0000;0.0000;0.0438 
208.14988770000127;-0.2237;0.0000;1.5721 
208.19801330000155;0.2237;0.0000;-1.3069 
208.24602740000046;0.0000;0.0000;0.0438 
208.29399710000143;0.4474;0.0000;0.0000 
208.34183490000032;0.0000;0.0000;-0.0669 
208.38993550000123;0.4474;0.0000;1.5721 
208.45431390000158;0.4474;0.0000;-0.3759 
208.5020749000014;0.2237;0.0000;-1.6389 
208.54995530000087;0.0000;0.0000;0.0438 
208.59783210000023;0.4474;0.0000;0.0000 
208.64584430000104;0.0000;0.0000;1.1962 
208.69392380000136;0.4474;0.0000;1.4175 
208.7418945999998;0.0000;0.0000;-0.2214 
208.7899664000015;0.2237;0.0000;0.0000 
208.83806390000063;0.2237;0.0000;1.3069 
208.88632940000025;0.0000;0.0000;0.0438 
208.93402650000098;0.2237;0.0000;-1.2630 
208.98194540000077;-0.2237;0.0000;-1.5282 
209.0298788;0.2237;0.0000;0.1107 
209.07792500000141;0.0000;0.0000;1.3069 
209.12606460000097;0.0000;0.0000;0.3090 
209.18976430000112;0.2237;0.0000;0.1545 
209.23779869999998;0.2237;0.0000;-0.1107 
209.28588579999996;-0.2237;0.0000;0.0438 
209.33390990000044;0.2237;0.0000;-1.4614 
209.3819381000012;0.2237;0.0000;0.0438 
209.4298247000006;0.2237;0.0000;0.0438 
209.4778565000015;0.2237;0.0000;-0.1107 
209.5259643999998;0.0000;0.0000;-0.2652 
209.5739508000006;0.4474;0.0000;0.3090 
209.6219531000006;0.2237;0.0000;0.2422 
209.67038990000037;0.4474;0.0000;-0.1107 
209.71784660000048;0.6711;0.0000;-0.3759 
209.76636430000144;0.0000;0.0000;-0.1775 
209.82980440000028;-0.2237;0.0000;0.1545 
209.87782380000135;0.2237;0.0000;0.4197 
209.92592289999993;0.0000;0.0000;0.0438 
209.97387870000057;0.2237;0.0000;1.5721 
210.02193810000063;0.0000;0.0000;1.3069 
210.07002310000098;0.4474;0.0000;0.0000 
210.1178112000016;0.2237;0.0000;1.1962 
210.16600040000048;0.0000;0.0000;-0.2652 
210.21400090000134;0.0000;0.0000;1.2630 
210.2622416000013;0.2237;0.0000;0.0000 
210.31002919999992;0.0000;0.0000;0.0438 
210.35817020000104;0.2237;0.0000;-1.4175 
210.40610190000007;0.2237;0.0000;0.0438 
210.45409950000067;0.4474;0.0000;0.1983 
210.5024143999999;0.2237;0.0000;1.3507 
210.56582660000095;0.4474;0.0000;-0.1107 
210.61379860000125;0.0000;0.0000;0.0877 
210.66189459999987;0.0000;0.0000;0.1545 
210.7098829000006;-0.2237;0.0000;0.3090 
210.7578609000011;0.0000;0.0000;0.2652 
210.8059495000016;0.2237;0.0000;0.3090 
210.8540774000012;-0.2237;0.0000;-0.1107 
210.90204890000132;0.0000;0.0000;-1.1524 
210.9501291000015;0.2237;0.0000;0.1545 
210.99798340000052;0.2237;0.0000;0.0438 
211.04617230000076;0.0000;0.0000;0.0438 
211.0940765000014;0.2237;0.0000;0.0000 
211.1576642;0.2237;0.0000;-0.2652 
211.20569950000026;0.0000;0.0000;-0.1107 
211.2537710000015;0.4474;0.0000;0.1545 
211.30175280000003;0.4474;0.0000;-0.2214 
211.34990780000044;0.0000;0.0000;1.1962 
211.39788399999998;0.2237;0.0000;1.8811 
211.4459181000002;0.2237;0.0000;-0.1107 
211.49384370000007;0.0000;0.0000;0.0438 
211.5420193000009;0.0000;0.0000;1.4175 
211.59000100000048;0.4474;0.0000;0.0000 
211.6377905999998;0.2237;0.0000;-0.2214 
211.6860852000009;0.4474;0.0000;-1.5282 
211.73384550000083;0.2237;0.0000;1.5052 
211.78209740000057;0.4474;0.0000;0.0438 
211.82999290000043;0.0000;0.0000;-0.0669 
211.87800270000116;0.0000;0.0000;-1.4175 
211.9416858000004;0.2237;0.0000;-1.4175 
211.98987370000032;0.2237;0.0000;-0.2652 
212.03782900000078;0.2237;0.0000;0.1983 
212.0859345000008;0.0000;0.0000;-0.1107 
212.133957;0.2237;0.0000;-1.4175 
212.18194260000018;0.0000;0.0000;-0.2652 
212.2300017000016;0.4474;0.0000;0.0000 
212.27800380000008;0.4474;0.0000;-0.0669 
212.32587430000058;0.6711;0.0000;-0.2214 
212.37392830000135;0.0000;0.0000;-0.3320 
212.42211490000045;0.2237;0.0000;0.0000 
212.4700096000015;0.0000;0.0000;0.0438 
212.5179906000012;0.2237;0.0000;0.3090 
212.56662640000104;0.0000;0.0000;0.0438 
212.62976620000154;0.0000;0.0000;0.0000 
212.67767830000048;0.0000;0.0000;0.1545 
212.7257685000004;0.2237;0.0000;0.1545 
212.77377380000144;0.2237;0.0000;0.1983 
212.82175720000123;0.2237;0.0000;0.0438 
212.87002220000068;0.4474;0.0000;0.0438 
212.9179064;0.2237;0.0000;-0.0669 
212.96618099999978;0.0000;0.0000;0.1983 
213.01394690000052;0.2237;0.0000;0.0000 
213.06188920000022;0.4474;0.0000;0.0438 
213.1099834000015;0.2237;0.0000;-0.0669 
213.15785080000023;0.0000;0.0000;0.0438 
213.20593080000071;0.0000;0.0000;0.4635 
213.25396270000056;0.4474;0.0000;1.4175 
213.30198000000019;0.0000;0.0000;-0.8394 
213.3500240000012;0.0000;0.0000;0.1545 
213.3979044000007;-0.2237;0.0000;0.1545 
213.46162950000144;0.0000;0.0000;0.1107 
213.509717500001;0.2237;0.0000;0.0000 
213.55797200000052;0.2237;0.0000;0.1983 
213.60575880000033;0.0000;0.0000;-0.1107 
213.6538915000001;0.0000;0.0000;0.3090 
213.70189610000125;0.2237;0.0000;-0.1545 
213.74996210000063;-0.2237;0.0000;0.0438 
213.79793770000106;0.4474;0.0000;1.6827 
213.84584340000038;0.0000;0.0000;-0.0669 
213.89398280000023;0.2237;0.0000;0.3090 
213.94208810000055;0.0000;0.0000;-0.1107 
213.99005840000063;0.0000;0.0000;0.0000 
214.03797339999983;0.0000;0.0000;1.5721 
214.08601030000136;0.0000;0.0000;0.1545 
214.1499128000014;0.2237;0.0000;0.1545 
214.19778159999987;0.0000;0.0000;0.0438 
214.2458499000004;0.2237;0.0000;0.0000 
214.29373940000005;-0.2237;0.0000;-0.1107 
214.34193070000038;0.0000;0.0000;0.4197 
214.38999400000102;0.2237;0.0000;1.5721 
214.43796470000052;0.0000;0.0000;0.1983 
214.48591110000052;0.2237;0.0000;0.0000 
214.53401269999995;0.0000;0.0000;-1.3737 
214.5821100000012;0.2237;0.0000;0.1545 
214.63000840000132;0.0000;0.0000;-1.3737 
214.67809680000028;0.2237;0.0000;0.1545 
214.72593300000153;0.0000;0.0000;-0.1107 
214.77403910000066;0.0000;0.0000;0.1545 
214.8378171000004;0.0000;0.0000;0.0000 
214.8857605000012;0.0000;0.0000;0.1545 
214.93365820000145;-0.2237;0.0000;0.0000 
214.98192480000034;0.2237;0.0000;0.5742 
215.03012090000084;0.0000;0.0000;-0.1107 
215.07783010000094;0.2237;0.0000;0.1545 
215.12583910000103;0.0000;0.0000;0.1983 
215.17391880000105;0.6711;0.0000;1.4175 
215.22195319999992;-0.2237;0.0000;-0.4866 
215.27004100000158;0.2237;0.0000;0.1107 
215.31798030000027;0.2237;0.0000;-1.5282 
215.3658933000006;0.4474;0.0000;0.1983 
215.42995660000088;0.0000;0.0000;-0.2214 
215.4777062000012;0.2237;0.0000;0.0000 
215.52572580000015;0.0000;0.0000;-0.1107 
215.57382580000012;0.0000;0.0000;0.1545 
215.6218718;0.2237;0.0000;0.0000 
215.6699004000002;0.4474;0.0000;-0.1107 
215.71773550000034;0.0000;0.0000;1.1962 
215.76617960000112;0.0000;0.0000;0.1545 
215.81396740000127;0.0000;0.0000;1.5721 
215.8619585000015;0.0000;0.0000;-1.1085 
215.90996740000082;0.4474;0.0000;0.1545 
215.95807109999987;0.2237;0.0000;-0.0669 
216.0059283999999;0.4474;0.0000;-1.5282 
216.05414290000044;0.2237;0.0000;-0.0669 
216.1020822999999;0.2237;0.0000;1.4614 
216.1500487000012;0.2237;0.0000;0.0438 
216.21375980000084;0.2237;0.0000;1.3069 
216.26188580000053;0.2237;0.0000;-0.1107 
216.3098456000007;0.0000;0.0000;-0.1107 
216.35789100000147;0.2237;0.0000;0.0000 
216.40589680000085;0.4474;0.0000;-0.1107 
216.45386900000085;0.6711;0.0000;-0.0669 
216.5018385000003;0.2237;0.0000;-0.1775 
216.55021699999998;0.0000;0.0000;-1.5282 
216.59808479999992;0.0000;0.0000;0.0000 
216.6459831000011;0.0000;0.0000;0.1545 
216.69405950000146;0.0000;0.0000;-1.2630 
216.74204530000134;0.4474;0.0000;0.1545 
216.78996050000023;0.0000;0.0000;-0.2214 
216.83807200000047;0.0000;0.0000;1.4175 
216.88602680000076;0.2237;0.0000;0.1545 
216.93402160000005;0.2237;0.0000;0.0438 
216.98202260000107;0.2237;0.0000;0.0438 
217.0299810000015;-0.2237;0.0000;0.0438 
217.09369200000037;0.2237;0.0000;0.2652 
217.1417631000004;0.0000;0.0000;0.9978 
217.1896880000004;0.4474;0.0000;0.1545 
217.23785990000033;0.2237;0.0000;-1.4844 
217.28590030000123;0.6711;0.0000;-0.1107 
217.33385140000064;0.0000;0.0000;-0.3320 
217.38202450000063;-0.2237;0.0000;0.1545 
217.4299719999999;0.2237;0.0000;0.1107 
217.47792370000025;0.0000;0.0000;-0.1107 
217.52604830000018;0.0000;0.0000;0.0000 
217.5741332000016;0.2237;0.0000;-0.1545 
217.62204830000155;0.0000;0.0000;-0.1107 
217.67047150000144;0.0000;0.0000;0.1545 
217.7180685000003;0.2237;0.0000;0.0000 
217.76626140000008;0.0000;0.0000;1.4614 
217.82971480000015;0.2237;0.0000;0.1545 
217.8781056000007;-0.2237;0.0000;0.0438 
217.9257757000014;0.2237;0.0000;0.2652 
217.97385060000124;0.4474;0.0000;0.0438 
218.02182680000078;0.2237;0.0000;1.1962 
218.0700291000012;0.2237;0.0000;-0.2652 
218.11769060000006;0.2237;0.0000;0.0438 
218.16576990000067;-0.2237;0.0000;0.0438 
218.21378619999996;0.0000;0.0000;-0.9978 
218.2621479999998;0.2237;0.0000;0.1545 
218.31000330000097;0.6711;0.0000;-0.1107 
218.3582624999999;-0.2237;0.0000;-0.1775 
218.42167990000053;0.2237;0.0000;-0.0438 
218.4697535000014;0.0000;0.0000;0.1983 
218.51780520000102;0.0000;0.0000;0.0000 
218.56582830000116;0.4474;0.0000;1.7266 
218.61385940000036;0.0000;0.0000;-0.0669 
218.66193660000135;0.2237;0.0000;-1.4175 
218.7098635000002;0.2237;0.0000;-1.6827 
218.75780790000135;0.2237;0.0000;-0.1107 
218.80580330000157;0.2237;0.0000;0.0438 
218.85400750000008;0.2237;0.0000;0.0438 
218.901885700001;0.2237;0.0000;-0.2652 
218.95019310000134;0.4474;0.0000;0.0438 
218.99800959999993;0.2237;0.0000;-1.3299 
219.04598670000087;0.0000;0.0000;1.3069 
219.10971810000046;0.2237;0.0000;1.4175 
219.15776520000145;0.2237;0.0000;0.0438 
219.20573700000023;0.0000;0.0000;0.0438 
219.25384769999982;0.0000;0.0000;0.0000 
219.3018473000011;0.0000;0.0000;0.3090 
219.34980450000148;0.4474;0.0000;-1.4175 
219.3979632999999;0.0000;0.0000;-0.0669 
219.44590150000113;0.0000;0.0000;0.3090 
219.4939785000006;0.2237;0.0000;0.1545 
219.54194950000056;0.2237;0.0000;0.1983 
219.5900676000001;0.2237;0.0000;0.0438 
219.63791570000103;0.2237;0.0000;-1.5282 
219.68608920000042;0.2237;0.0000;-0.2652 
219.7342195000001;0.4474;0.0000;1.4614 
219.78194350000012;0.0000;0.0000;-1.4844 
219.8456756000014;-0.2237;0.0000;0.1545 
219.89370390000113;0.0000;0.0000;1.5282 
219.9418329;0.0000;0.0000;0.4635 
219.98984720000044;-0.2237;0.0000;0.1545 
220.03779440000108;0.2237;0.0000;0.4197 
220.08590640000148;0.0000;0.0000;0.0438 
220.13388250000025;0.2237;0.0000;0.1545 
220.18218800000068;-0.2237;0.0000;0.0438 
220.22999119999986;0.2237;0.0000;0.2652 
220.27803090000089;0.0000;0.0000;0.1983 
220.32599570000093;0.2237;0.0000;0.0000 
220.37396910000098;0.4474;0.0000;-0.1107 
220.42200910000065;0.2237;0.0000;-0.2214 
220.48580660000152;0.0000;0.0000;-0.2652 
220.5336145000001;0.2237;0.0000;0.1545 
220.58219570000074;0.0000;0.0000;0.0438 
220.63019300000087;0.0000;0.0000;-1.4175 
220.67785640000147;0.2237;0.0000;0.1545 
220.72587990000102;0.0000;0.0000;-0.2652 
220.77401070000087;0.2237;0.0000;-0.1545 
220.82178999999996;0.0000;0.0000;0.1983 
220.87024470000142;0.0000;0.0000;0.3090 
220.91798590000144;0.0000;0.0000;0.1545 
220.96603700000014;0.2237;0.0000;0.1545 
221.01403670000036;0.2237;0.0000;0.0438 
221.0619827999999;-0.2237;0.0000;-0.1107 
221.11007600000084;0.2237;0.0000;0.4197 
221.1580431000002;0.0000;0.0000;-1.5282 
221.20603149999988;0.2237;0.0000;0.0000 
221.25403069999993;0.0000;0.0000;1.4614 
221.31763920000049;0.4474;0.0000;0.0000 
221.36568220000117;0.2237;0.0000;1.1962 
221.41366130000097;0.2237;0.0000;0.1983 
221.46179889999985;0.4474;0.0000;-1.3737 
221.5098299000001;0.2237;0.0000;1.1962 
221.5578037000014;0.2237;0.0000;1.4614 
221.60576350000156;0.4474;0.0000;-0.1107 
221.65397140000096;0.0000;0.0000;-0.0669 
221.7019975000003;-0.4474;0.0000;0.1545 
221.7498981000008;0.2237;0.0000;0.2214 
221.7980090000001;0.4474;0.0000;-0.2652 
221.84598040000128;0.0000;0.0000;-0.2214 
221.90996160000032;0.0000;0.0000;-1.1085 
221.95774450000135;0.0000;0.0000;-1.1085 
222.00575150000077;0.2237;0.0000;0.1545 
222.0536630000006;0.2237;0.0000;-0.1107 
222.1017709000007;0.0000;0.0000;1.3069 
222.14986600000157;0.0000;0.0000;0.0000 
222.19783439999992;0.0000;0.0000;0.0000 
222.24590630000057;0.0000;0.0000;1.4175 
222.29387990000032;0.0000;0.0000;1.4175 
222.34184989999994;0.2237;0.0000;0.0000 
222.38990660000127;0.2237;0.0000;0.0438 
222.43784620000042;0.0000;0.0000;1.4614 
222.48590719999993;0.0000;0.0000;0.0000 
222.53388950000044;0.0000;0.0000;-1.2630 
222.58197930000097;0.2237;0.0000;0.0000 
222.63011110000116;-0.2237;0.0000;-1.5282 
222.6786929000009;0.2237;0.0000;0.1107 
222.72598220000145;0.0000;0.0000;0.0438 
222.78963470000053;0.4474;0.0000;0.0000 
222.83778500000153;0.4474;0.0000;-0.0669 
222.88574270000026;0.0000;0.0000;-0.2214 
222.93373780000002;0.0000;0.0000;0.3090 
222.98186580000038;0.2237;0.0000;0.3090 
223.02988670000013;0.2237;0.0000;-0.1107 
223.07787730000018;-0.2237;0.0000;0.1983 
223.12595049999982;0.2237;0.0000;0.2652 
223.17393660000016;0.2237;0.0000;0.0438 
223.22201790000145;0.2237;0.0000;0.0438 
223.27000110000154;0.2237;0.0000;0.0438 
223.3179966000007;0.4474;0.0000;1.3069 
223.3660198000016;0.4474;0.0000;-0.2214 
223.41399150000143;0.2237;0.0000;-0.0669 
223.46212190000006;0.4474;0.0000;0.0438 
223.5102869000002;0.2237;0.0000;-0.0669 
223.55805240000154;0.4474;0.0000;-1.5282 
223.60605540000142;0.0000;0.0000;1.1962 
223.6697576000006;0.2237;0.0000;1.2630 
223.71820560000015;0.0000;0.0000;-0.1107 
223.76603650000106;0.2237;0.0000;0.1545 
223.81397020000077;0.0000;0.0000;-0.1107 
223.86185810000097;0.0000;0.0000;0.3090 
223.90970320000088;0.2237;0.0000;1.4175 
223.9577162000005;0.2237;0.0000;0.0438 
224.0058794000015;0.2237;0.0000;1.4614 
224.0538884000016;0.0000;0.0000;0.0438 
224.10191940000004;-0.2237;0.0000;1.5721 
224.14999870000065;0.2237;0.0000;0.2652 
224.19805460000134;0.0000;0.0000;-1.5282 
224.2462298999999;0.0000;0.0000;0.3090 
224.29416459999993;0.2237;0.0000;0.0000 
224.34213460000137;0.2237;0.0000;0.0438 
224.39019879999978;0.2237;0.0000;0.0438 
224.45372080000016;0.2237;0.0000;-0.1107 
224.50175649999983;0.2237;0.0000;-1.6827 
224.54974650000077;0.4474;0.0000;-0.1107 
224.59778090000145;0.0000;0.0000;-0.2214 
224.64582239999982;0.2237;0.0000;0.1545 
224.6940407000002;0.0000;0.0000;0.0438 
224.7418290000005;0.2237;0.0000;1.4175 
224.78986740000073;0.2237;0.0000;-0.1107 
224.83795509999982;0.0000;0.0000;0.1983 
224.88603500000136;0.2237;0.0000;0.3090 
224.93379390000155;0.0000;0.0000;0.1983 
224.98224530000152;-0.2237;0.0000;0.0000 
225.03018940000038;0.0000;0.0000;0.1107 
225.07823559999997;0.2237;0.0000;1.7266 
225.14185410000027;0.2237;0.0000;-0.2652 
225.18981040000108;0.0000;0.0000;-0.1107 
225.23771540000052;0.0000;0.0000;0.0000 
225.2858842000005;0.4474;0.0000;-1.2630 
225.33371120000083;-0.2237;0.0000;-0.0669 
225.38201410000147;0.4474;0.0000;0.1107 
225.4300331000013;-0.2237;0.0000;-0.0669 
225.4778404000008;0.0000;0.0000;0.1107 
225.52592760000152;0.0000;0.0000;1.4175 
225.57398180000018;0.0000;0.0000;0.1545 
225.62202270000125;-0.2237;0.0000;0.0000 
225.68571880000127;0.2237;0.0000;0.1107 
225.73362550000093;0.0000;0.0000;0.0438 
225.78168160000132;0.4474;0.0000;0.1545 
225.82971260000159;0.0000;0.0000;-0.0669 
225.87786460000098;0.2237;0.0000;0.1545 
225.92586850000043;0.4474;0.0000;-1.2192 
225.9738352000004;0.6711;0.0000;-0.0669 
226.02204810000148;0.4474;0.0000;-0.1775 
226.06985990000067;0.2237;0.0000;-0.0669 
226.1194532999998;0.0000;0.0000;-0.1107 
226.1661393000013;0.4474;0.0000;0.1545 
226.21410150000156;0.0000;0.0000;-0.0669 
226.2620239000007;0.0000;0.0000;0.1545 
226.3257332000012;0.0000;0.0000;1.4175 
226.37382600000092;0.0000;0.0000;0.1545 
226.42176330000075;0.4474;0.0000;0.1545 
226.4697326000005;0.2237;0.0000;1.3507 
226.51775760000055;0.2237;0.0000;-0.2652 
226.56594760000007;0.0000;0.0000;-0.1107 
226.6138976000002;0.2237;0.0000;0.0000 
226.66185290000067;0.0000;0.0000;0.1983 
226.70990990000064;0.0000;0.0000;0.1545 
226.75802850000036;0.2237;0.0000;0.0000 
226.8060727000011;0.2237;0.0000;1.1524 
226.85395600000084;0.0000;0.0000;1.3069 
226.9017402999998;0.2237;0.0000;0.0000 
226.9498652000002;0.0000;0.0000;0.1983 
226.99797470000158;0.2237;0.0000;0.1545 
227.04607880000003;0.4474;0.0000;0.3529 
227.10990400000082;0.0000;0.0000;-0.0669 
227.15767330000017;0.0000;0.0000;0.4635 
227.20574950000082;0.0000;0.0000;0.0000 
227.25379220000104;0.2237;0.0000;0.0000 
227.30177390000063;-0.2237;0.0000;0.1983 
227.34975380000105;0.2237;0.0000;0.4197 
227.3979588000002;0.2237;0.0000;0.0438 
227.4459218000011;0.0000;0.0000;0.0438 
227.49387560000105;0.0000;0.0000;0.1545 
227.54198820000056;0.4474;0.0000;-1.1085 
227.59013659999982;0.6711;0.0000;-1.4844 
227.63810430000012;0.2237;0.0000;-0.1775 
227.68574400000034;0.2237;0.0000;-0.1107 
227.7339436000002;0.2237;0.0000;0.3529 
227.78218000000015;0.2237;0.0000;0.0438 
227.83014150000054;0.2237;0.0000;0.0438 
227.87801180000133;0.2237;0.0000;-1.5282 
227.94172720000097;0.2237;0.0000;0.0438 
227.9901757000007;0.0000;0.0000;-0.1107 
228.0379791000014;0.0000;0.0000;-0.1545 
228.08587720000105;0.2237;0.0000;0.1545 
228.13386320000063;0.0000;0.0000;-0.1107 
228.18194180000137;0.4474;0.0000;-0.1545 
228.2299288000013;0.2237;0.0000;-1.3299 
228.27819810000074;-0.2237;0.0000;-0.1107 
228.32603120000022;0.2237;0.0000;0.1107 
228.37520720000066;0.0000;0.0000;-0.1107 
228.43757610000102;0.4474;0.0000;-0.1545 
228.4856792999999;0.4474;0.0000;0.2422 
228.5336935000014;0.2237;0.0000;-0.0669 
228.58189380000113;0.2237;0.0000;1.3069 
228.62985029999982;0.0000;0.0000;1.3069 
228.67782989999978;0.4474;0.0000;0.1545 
228.72596440000052;0.0000;0.0000;-0.2214 
228.77389550000044;0.0000;0.0000;0.1545 
228.82185630000095;0.2237;0.0000;0.0000 
228.87002070000017;0.2237;0.0000;-1.5282 
228.91788820000147;0.0000;0.0000;-0.1107 
228.96608650000053;0.0000;0.0000;0.0000 
229.0139876000012;0.2237;0.0000;-0.1545 
229.06193800000074;0.4474;0.0000;0.3529 
229.11045259999992;-0.2237;0.0000;-0.0669 
229.17380490000141;0.0000;0.0000;-1.3069 
229.22177980000015;0.0000;0.0000;0.0000 
229.2697662999999;0.4474;0.0000;0.1545 
229.31770880000113;0.0000;0.0000;-0.0669 
229.36576779999996;0.2237;0.0000;-1.4175 
229.4137894000014;0.0000;0.0000;0.0438 
229.46183960000053;0.0000;0.0000;1.5721 
229.51092570000037;0.0000;0.0000;0.1545 
229.55799819999993;0.0000;0.0000;0.1545 
229.605961700001;0.0000;0.0000;0.4635 
229.65372080000088;0.4474;0.0000;0.0000 
229.70210140000017;0.0000;0.0000;-0.0669 
229.75019750000138;0.2237;0.0000;0.1545 
229.79792090000046;0.2237;0.0000;1.3069 
229.84610650000104;0.0000;0.0000;0.0438 
229.8940255000016;0.2237;0.0000;0.1545 
229.95763260000058;0.0000;0.0000;1.1524 
230.00573600000098;0.0000;0.0000;0.1545 
230.05377840000074;0.2237;0.0000;-1.2630 
230.10184750000008;0.2237;0.0000;1.6159 
230.1497478000001;0.2237;0.0000;1.7704 
230.19775500000105;0.2237;0.0000;1.3069 
230.24586050000107;0.4474;0.0000;-1.5282 
230.2941920000012;0.4474;0.0000;-0.2214 
230.34209790000023;0.0000;0.0000;-0.3759 
230.38989780000156;0.0000;0.0000;0.1545 
230.43792960000064;0.2237;0.0000;-1.2630 
230.48596570000154;-0.2237;0.0000;-0.1107 
230.5338625000004;0.0000;0.0000;0.2652 
230.58194820000062;0.0000;0.0000;0.1545 
230.64577530000133;0.0000;0.0000;-0.1545 
230.69373280000036;0.0000;0.0000;0.3090 
230.74204350000036;0.0000;0.0000;1.7266 
230.78973420000148;0.0000;0.0000;0.1545 
230.83789680000154;0.2237;0.0000;0.0000 
230.88582730000053;0.4474;0.0000;-1.3737 
230.93389670000033;0.0000;0.0000;-0.3759 
230.98188100000152;0.0000;0.0000;0.0000 
231.02992020000056;0.0000;0.0000;0.0000 
231.07814970000072;0.0000;0.0000;0.3090 
231.12604070000089;0.4474;0.0000;0.0000 
231.17383040000095;0.0000;0.0000;-0.0669 
231.2219273999999;-0.2237;0.0000;0.1545 
231.28580110000075;0.0000;0.0000;-1.1524 
231.33375130000059;0.0000;0.0000;0.0000 
231.381893400001;-0.2237;0.0000;0.3090 
231.4297596000015;-0.2237;0.0000;0.1107 
231.47789680000096;0.0000;0.0000;-0.0438 
231.52588819999983;0.4474;0.0000;0.0000 
231.57406179999998;0.4474;0.0000;0.2422 
231.62201480000112;0.2237;0.0000;-1.4844 
231.6706393000004;0.2237;0.0000;0.0438 
231.71793250000155;0.2237;0.0000;0.0438 
231.76598940000076;0.0000;0.0000;-0.1107 
231.81392500000038;0.2237;0.0000;-0.1545 
231.86195620000035;0.2237;0.0000;-0.1107 
231.9099767000007;-0.2237;0.0000;0.0438 
231.97365040000113;0.0000;0.0000;0.1107 
232.0217518999998;0.2237;0.0000;0.0000 
232.0697584999998;0.0000;0.0000;-0.1107 
232.1177086000007;0.0000;0.0000;1.4175 
232.16590030000043;0.0000;0.0000;0.1545 
232.21380280000085;0.2237;0.0000;-0.1545 
232.26185990000158;0.2237;0.0000;0.0438 
232.3100501000008;0.0000;0.0000;-0.1107 
232.35797270000148;-0.2237;0.0000;0.1545 
232.40589550000004;0.4474;0.0000;0.2652 
232.45389090000026;0.0000;0.0000;-1.6389 
232.50197819999994;0.6711;0.0000;0.0000 
232.54983210000137;0.2237;0.0000;-0.3320 
232.59808049999992;0.0000;0.0000;-0.1107 
232.6459458999998;-0.2237;0.0000;0.4635 
232.70957090000047;0.6711;0.0000;0.1107 
232.75767290000113;0.2237;0.0000;-0.4866 
232.80606570000054;0.4474;0.0000;-0.1107 
232.8539466000002;0.2237;0.0000;-0.3759 
232.90175400000044;0.0000;0.0000;1.4614 
232.94993070000055;0.0000;0.0000;0.1545 
232.9978667000014;0.4474;0.0000;0.0000 
233.0459761000002;0.0000;0.0000;0.2422 
233.09404370000084;0.0000;0.0000;-1.1085 
233.1420076000013;0.2237;0.0000;1.4175 
233.18997060000038;0.4474;0.0000;0.1983 
233.23812429999998;-0.2237;0.0000;-0.0669 
233.3016146000009;0.2237;0.0000;0.2652 
233.34969470000033;0.2237;0.0000;-0.1107 
233.3979556000013;-0.2237;0.0000;-0.2652 
233.44584000000032;0.0000;0.0000;0.1107 
233.49381090000134;0.4474;0.0000;0.1545 
233.54194140000072;-0.2237;0.0000;-0.3759 
233.58995310000137;0.2237;0.0000;0.2652 
233.63805599999978;-0.4474;0.0000;1.4614 
233.68593650000003;0.4474;0.0000;0.3759 
233.73387309999998;0.0000;0.0000;-0.2214 
233.78208150000137;0.2237;0.0000;0.0000 
233.82996430000094;0.0000;0.0000;-0.1107 
233.87840660000074;0.2237;0.0000;0.3090 
233.9416254000007;0.2237;0.0000;0.0438 
233.98971340000026;0.0000;0.0000;0.0438 
234.03771130000132;0.4474;0.0000;0.0000 
234.0857554000013;0.2237;0.0000;-0.2214 
234.1336846000013;0.0000;0.0000;-0.2652 
234.18183930000123;0.2237;0.0000;0.0000 
234.22984560000077;0.0000;0.0000;-1.2192 
234.2778382000015;0.2237;0.0000;0.1545 
234.32582110000112;0.0000;0.0000;0.1983 
234.3739878000015;0.0000;0.0000;0.1545 
234.42189289999988;0.2237;0.0000;0.1545 
234.47001330000057;0.2237;0.0000;-0.1107 
234.51792170000044;0.2237;0.0000;-0.1107 
234.56608469999992;0.0000;0.0000;-0.1107 
234.61400570000114;0.0000;0.0000;0.0000 
234.6619496000003;0.4474;0.0000;0.0000 
234.7256279000012;0.2237;0.0000;-0.0669 
234.77364840000155;0.0000;0.0000;1.3069 
234.82162870000138;0.2237;0.0000;0.1545 
234.86970380000093;0.2237;0.0000;-0.1107 
234.91769970000132;0.2237;0.0000;-0.1107 
234.96580189999986;0.0000;0.0000;0.0438 
235.0138007000005;0.0000;0.0000;0.1545 
235.06185670000013;0.2237;0.0000;-1.2630 
235.10981420000098;0.2237;0.0000;-0.1107 
235.1578100000006;0.0000;0.0000;-1.5282 
235.20584220000092;0.0000;0.0000;0.0000 
235.25388209999983;0.2237;0.0000;0.0000 
235.30185920000076;0.2237;0.0000;1.3069 
235.3497834000009;0.2237;0.0000;0.0438 
235.39846980000038;0.0000;0.0000;-0.1107 
235.445953800001;0.2237;0.0000;0.0000 
235.49408250000124;0.4474;0.0000;-0.1107 
235.54198160000124;0.0000;0.0000;0.0877 
235.60579970000072;-0.2237;0.0000;-1.5721 
235.65379040000153;0.2237;0.0000;0.1107 
235.7017949000001;-0.2237;0.0000;1.4614 
235.74976160000006;-0.2237;0.0000;0.2652 
235.79799420000018;0.0000;0.0000;0.5742 
235.8458885;0.0000;0.0000;0.3090 
235.89399090000006;0.0000;0.0000;0.0000 
235.9417308000011;0.2237;0.0000;0.3090 
235.98988740000095;0.0000;0.0000;0.3529 
236.03805770000145;0.0000;0.0000;0.3090 
236.08614750000015;0.2237;0.0000;0.0000 
236.13392680000106;0.2237;0.0000;0.0438 
236.18195940000078;0.2237;0.0000;-0.1107 
236.23010390000127;0.0000;0.0000;0.1983 
236.29359509999995;0.0000;0.0000;0.1545 
236.34182920000057;0.4474;0.0000;-0.1545 
236.3897431000005;0.4474;0.0000;-0.0669 
236.4377398000015;-0.2237;0.0000;0.0877 
236.48583920000056;0.0000;0.0000;0.2652 
236.5339082999999;0.0000;0.0000;0.1545 
236.58245720000014;0.0000;0.0000;0.3090 
236.62991970000076;-0.2237;0.0000;-1.1085 
236.67800309999984;-0.2237;0.0000;0.2652 
236.7416581000016;-0.2237;0.0000;-1.1524 
236.78987340000094;0.2237;0.0000;0.1107 
236.83783159999984;0.0000;0.0000;-0.2652 
236.8857560000015;0.0000;0.0000;0.1545 
236.9337417000006;-0.2237;0.0000;0.3090 
236.98181250000016;0.2237;0.0000;-0.9978 
237.02976370000033;0.4474;0.0000;-0.2652 
237.07776879999983;0.4474;0.0000;-0.2214 
237.12591860000066;0.0000;0.0000;-1.3299 
237.17400820000148;0.2237;0.0000;-1.4175 
237.22188540000025;0.4474;0.0000;1.4614 
237.28561400000035;0.2237;0.0000;-0.0669 
237.3335833000001;0.2237;0.0000;0.0438 
237.3817506000014;-0.2237;0.0000;-0.1107 
237.42987800000083;0.0000;0.0000;0.2652 
237.47797900000114;0.4474;0.0000;-1.2630 
237.52582600000096;0.4474;0.0000;-0.0669 
237.57381859999987;0.0000;0.0000;1.3507 
237.62182790000043;0.4474;0.0000;0.1545 
237.6701539000005;-0.2237;0.0000;-0.3759 
237.7179571000015;0.2237;0.0000;0.2652 
237.76600130000043;-0.2237;0.0000;0.0438 
237.81376660000024;0.4474;0.0000;0.1107 
237.87762830000065;0.4474;0.0000;-1.6389 
237.92566630000147;0.0000;0.0000;-0.0669 
237.9739057000006;0.2237;0.0000;0.1545 
238.0216915000001;0.4474;0.0000;-1.3737 
238.06969730000128;0.0000;0.0000;-0.2214 
238.11764660000154;0.0000;0.0000;0.0000 
238.16580480000084;0.2237;0.0000;0.1545 
238.2137954000009;0.0000;0.0000;0.0438 
238.26179860000047;0.0000;0.0000;0.1545 
238.30989990000126;0.4474;0.0000;1.7266 
238.35788890000003;0.0000;0.0000;-0.0669 
238.40599870000005;0.0000;0.0000;0.1545 
238.454023100001;0.0000;0.0000;0.1545 
238.5020930999999;0.0000;0.0000;-1.4175 
238.54993340000146;0.2237;0.0000;1.5721 
238.61374330000035;0.2237;0.0000;-0.1107 
238.6618236000013;0.6711;0.0000;0.0438 
238.7096849999998;0.0000;0.0000;-0.1775 
238.75778640000135;0.2237;0.0000;1.2630 
238.80592340000112;0.4474;0.0000;0.0438 
238.85387400000036;0.2237;0.0000;0.2422 
238.90202710000085;0.2237;0.0000;0.0438 
238.94971740000074;0.0000;0.0000;-0.1107 
238.99793099999988;0.0000;0.0000;0.0000 
239.04570830000011;0.0000;0.0000;1.5721 
239.09389330000158;-0.2237;0.0000;0.0000 
239.14191250000113;0.0000;0.0000;0.1107 
239.18983520000074;-0.4474;0.0000;0.0000 
239.2378363000007;0.2237;0.0000;0.2214 
239.28608950000125;0.2237;0.0000;-1.3737 
239.3338287000006;0.0000;0.0000;-0.1107 
239.38197500000024;0.0000;0.0000;0.3090 
239.44572599999992;0.0000;0.0000;-0.1545 
239.49365220000072;0.4474;0.0000;0.1545 
239.54178850000062;-0.4474;0.0000;-0.2214 
239.58986100000038;1.3422;0.0000;0.2214 
239.63766430000032;-0.6711;0.0000;-0.0461 
239.6860188999999;0.4474;0.0000;-0.1315 
239.73394250000092;0.0000;0.0000;1.8142 
239.78243250000014;0.6711;0.0000;-0.1545 
239.84575010000117;-0.4474;0.0000;-0.1775 
239.89372290000028;0.6711;0.0000;0.2214 
239.94230760000028;0.0000;0.0000;1.2400 
239.98995950000062;-0.4474;0.0000;-0.4635 
240.0379352;-0.4474;0.0000;-0.7326 
240.08589230000143;0.4474;0.0000;0.2214 
240.1338083999999;-0.2237;0.0000;-0.5304 
240.1820656;0.4474;0.0000;0.2652 
240.24575940000068;-0.2237;0.0000;-1.6389 
240.2937423000003;0.2237;0.0000;-0.0438 
240.34181370000078;0.0000;0.0000;-0.1107 
240.38983840000037;0.2237;0.0000;0.4635 
240.43790830000034;-0.2237;0.0000;-0.2652 
240.48585900000035;0.2237;0.0000;0.4197 
240.5339763000011;-0.2237;0.0000;0.0438 
240.5821261000001;0.4474;0.0000;0.2652 
240.63005239999984;0.0000;0.0000;-0.2214 
240.67813790000037;0.4474;0.0000;0.1545 
240.7415662000003;0.0000;0.0000;-1.6389 
240.78973770000084;0.4474;0.0000;-0.1545 
240.83768960000089;-0.4474;0.0000;0.0877 
240.88583610000023;0.4474;0.0000;0.5304 
240.93372439999985;-0.2237;0.0000;-0.0669 
240.9819664000006;0.4474;0.0000;0.1107 
241.02972860000045;-0.2237;0.0000;-0.2214 
241.07794300000023;0.0000;0.0000;1.5282 
241.1260665000009;0.2237;0.0000;0.1545 
241.17403730000115;0.2237;0.0000;-1.5282 
241.23766570000043;0.2237;0.0000;-0.2652 
241.28572859999986;-0.2237;0.0000;-0.1107 
241.33372810000037;0.4474;0.0000;0.1107 
241.3817852000011;-0.2237;0.0000;-0.2214 
241.4298249000003;0.2237;0.0000;0.2652 
241.47789280000143;0.0000;0.0000;0.0438 
241.52591080000093;0.2237;0.0000;0.0000 
241.5743524999998;0.0000;0.0000;-0.1107 
241.62188500000047;0.0000;0.0000;0.0000 
241.6698875000002;-0.2237;0.0000;0.1545 
241.71790750000036;0.2237;0.0000;0.2652 
241.7660962000009;-0.2237;0.0000;-1.5282 
241.8296492999998;0.0000;0.0000;1.5282 
241.87771130000147;-0.2237;0.0000;-0.1545 
241.92575840000063;0.4474;0.0000;0.2652 
241.97380020000128;0.0000;0.0000;0.0877 
242.0218068000013;0.0000;0.0000;0.1545 
242.06992470000114;0.2237;0.0000;0.1545 
242.11773130000074;0.2237;0.0000;0.1983 
242.1659008000006;0.2237;0.0000;-0.1107 
242.2153500000004;0.0000;0.0000;1.6159 
242.26194300000134;0.0000;0.0000;0.0000 
242.31014640000103;0.2237;0.0000;0.1545 
242.35822280000139;0.2237;0.0000;0.0438 
242.40607210000053;0.2237;0.0000;1.3069 
242.45396670000082;0.2237;0.0000;0.0438 
242.50231429999985;0.2237;0.0000;0.0438 
242.54998610000075;0.2237;0.0000;0.0438 
242.59773080000014;0.0000;0.0000;0.0438 
242.64592980000089;0.2237;0.0000;0.1545 
242.70958620000056;0.2237;0.0000;-0.1107 
242.75762270000087;0.0000;0.0000;0.0438 
242.80574900000101;0.4474;0.0000;0.1545 
242.85375999999997;0.0000;0.0000;1.3507 
242.90180210000108;-0.2237;0.0000;0.0000 
242.94968190000145;0.4474;0.0000;0.2652 
242.99785730000076;-0.2237;0.0000;-0.0669 
243.0459531000015;0.4474;0.0000;-0.0438 
243.09387610000158;0.0000;0.0000;-0.2214 
243.14191879999998;0.0000;0.0000;0.1545 
243.19047780000074;-0.2237;0.0000;-1.4175 
243.23801170000115;0.2237;0.0000;1.6827 
243.30168440000125;0.0000;0.0000;-0.2652 
243.34973270000046;0.2237;0.0000;0.0000 
243.3977192000002;0.0000;0.0000;0.0438 
243.44563740000012;0.2237;0.0000;0.1545 
243.49377800000002;0.0000;0.0000;-0.2652 
243.5416683000003;0.2237;0.0000;0.0000 
243.58967590000066;-0.2237;0.0000;0.0438 
243.63783110000077;0.2237;0.0000;0.4197 
243.68602770000143;0.2237;0.0000;-0.1107 
243.73396790000152;-0.2237;0.0000;1.3069 
243.78229920000012;-0.2237;0.0000;0.4197 
243.8455912999998;0.2237;0.0000;0.1107 
243.89359390000027;0.0000;0.0000;0.0438 
243.94173240000055;0.4474;0.0000;0.0000 
243.98967989999983;0.2237;0.0000;-0.2214 
244.03779020000002;0.2237;0.0000;0.0438 
244.0858162000004;0.2237;0.0000;-0.1107 
244.13371740000002;0.2237;0.0000;-1.5282 
244.18193170000086;0.0000;0.0000;0.0438 
244.22975620000034;0.0000;0.0000;0.1545 
244.27791330000036;0.0000;0.0000;0.3090 
244.3258601000016;0.4474;0.0000;0.3090 
244.3741243000004;0.4474;0.0000;-0.0669 
244.4222230000014;0.6711;0.0000;1.0417 
244.469978000001;0.0000;0.0000;-0.1775 
244.51786230000107;0.2237;0.0000;1.7266 
244.58167460000004;0.2237;0.0000;-0.1107 
244.62984330000108;0.2237;0.0000;1.3069 
244.67781340000147;0.2237;0.0000;-0.1107 
244.72576330000084;0.0000;0.0000;-0.1107 
244.77378520000093;0.0000;0.0000;0.0000 
244.82188140000108;0.6711;0.0000;0.0000 
244.8698801999999;0.2237;0.0000;1.0855 
244.91786980000143;0.2237;0.0000;-0.1107 
244.96607730000142;0.0000;0.0000;-0.1107 
245.01384670000152;0.2237;0.0000;0.0000 
245.0622129000003;0.2237;0.0000;0.0438 
245.10989550000158;-0.2237;0.0000;-0.2652 
245.1581371000011;0.0000;0.0000;0.2652 
245.2059749;0.2237;0.0000;0.1545 
245.26966600000014;0.0000;0.0000;-0.1107 
245.3175680000004;0.0000;0.0000;0.1545 
245.36562980000053;0.0000;0.0000;0.0000 
245.41377720000128;0.0000;0.0000;0.0000 
245.4619584000011;0.0000;0.0000;0.0000 
245.50971010000103;0.0000;0.0000;0.0000 
245.55769760000112;0.6711;0.0000;0.0000 
245.60566350000045;0.2237;0.0000;-0.3320 
245.65367370000058;0.4474;0.0000;0.0438 
245.70169260000148;0.0000;0.0000;-0.0669 
245.74989460000143;0.2237;0.0000;0.3090 
245.79767739999988;-0.2237;0.0000;0.0438 
245.84581500000058;0.0000;0.0000;1.5282 
245.89399159999994;0.2237;0.0000;0.0000 
245.94189750000078;-0.2237;0.0000;-0.2652 
245.99001750000025;0.0000;0.0000;0.2652 
246.0536200000006;0.0000;0.0000;0.0000 
246.10159150000072;0.0000;0.0000;1.4175 
246.1496771000002;0.0000;0.0000;0.0000 
246.19776270000148;0.6711;0.0000;0.0000 
246.24570480000148;0.0000;0.0000;-0.0230 
246.29376010000124;0.2237;0.0000;0.0000 
246.3417668000002;0.0000;0.0000;-0.1107 
246.39005390000057;0.2237;0.0000;0.0000 
246.4377706000014;0.2237;0.0000;1.4614 
246.4859660000002;0.4474;0.0000;-0.2652 
246.5349541000014;0.2237;0.0000;-1.6389 
246.58174839999992;0.0000;0.0000;0.0438 
246.62986430000092;0.2237;0.0000;0.1545 
246.67815840000003;0.0000;0.0000;-0.2652 
246.72593300000153;0.0000;0.0000;-1.4175 
246.7740389999999;0.4474;0.0000;0.1545 
246.8378833000006;0.4474;0.0000;-0.0669 
246.8856538;-0.2237;0.0000;-0.2214 
246.93379450000066;-0.2237;0.0000;0.2652 
246.9817905;-0.2237;0.0000;0.1107 
247.02982520000114;0.2237;0.0000;0.1107 
247.07775159999983;0.4474;0.0000;0.1983 
247.1258265000015;0.4474;0.0000;0.0877 
247.17380440000125;0.4474;0.0000;-0.2214 
247.22188520000054;0.2237;0.0000;-0.2214 
247.26983199999995;0.0000;0.0000;0.0438 
247.31790570000157;0.2237;0.0000;0.0000 
247.36572909999995;0.2237;0.0000;-0.2652 
247.41395130000092;0.2237;0.0000;-0.1107 
247.46216050000112;0.2237;0.0000;0.0438 
247.50980230000096;0.2237;0.0000;0.0438 
247.5737001000016;-0.2237;0.0000;0.0438 
247.62173030000122;0.4474;0.0000;-0.0438 
247.6697679000008;0.0000;0.0000;-0.2214 
247.71802160000152;0.0000;0.0000;0.0000 
247.76589670000067;0.2237;0.0000;1.5721 
247.81376080000155;0.0000;0.0000;-0.1107 
247.8618701000014;0.0000;0.0000;-1.2630 
247.90993170000002;0.0000;0.0000;0.1545 
247.95793950000007;0.0000;0.0000;-0.1545 
248.0058695000007;0.2237;0.0000;0.0000 
248.05392759999995;0.2237;0.0000;0.0438 
248.10199749999992;0.4474;0.0000;-0.1107 
248.14992630000052;0.2237;0.0000;-0.2214 
248.21370240000033;0.0000;0.0000;0.0438 
248.26178609999988;-0.2237;0.0000;-0.1545 
248.30961800000114;0.0000;0.0000;0.1107 
248.3577137000011;0.2237;0.0000;1.5721 
248.40580810000029;0.2237;0.0000;-0.2652 
248.45397500000036;0.2237;0.0000;-0.1107 
248.50202880000143;0.4474;0.0000;0.0438 
248.54982370000107;0.0000;0.0000;-0.0669 
248.59800140000152;0.0000;0.0000;0.0000 
248.64588550000008;0.2237;0.0000;0.1545 
248.69404860000031;-0.2237;0.0000;0.1983 
248.7420462000009;0.2237;0.0000;1.6827 
248.80615340000077;0.4474;0.0000;-0.1107 
248.85360570000012;0.2237;0.0000;-1.6389 
248.90171770000052;0.0000;0.0000;-1.2192 
248.94961730000068;0.2237;0.0000;0.0000 
248.99780090000058;0.2237;0.0000;-0.1107 
249.04573210000126;0.0000;0.0000;1.3069 
249.09389550000014;0.2237;0.0000;0.1545 
249.141810000001;0.0000;0.0000;-1.5282 
249.189872500001;0.0000;0.0000;0.1545 
249.23881170000095;0.2237;0.0000;0.0000 
249.28587550000157;0.6711;0.0000;-1.2192 
249.3338818000011;0.2237;0.0000;1.2400 
249.3819276000013;0.0000;0.0000;-0.4197 
249.44562490000135;0.2237;0.0000;-1.4175 
249.49371380000048;0.0000;0.0000;-0.1107 
249.54173580000133;0.0000;0.0000;0.0000 
249.58972780000113;0.4474;0.0000;0.0000 
249.63769330000105;0.0000;0.0000;-0.2214 
249.6856495000011;0.0000;0.0000;0.0000 
249.73365700000068;0.4474;0.0000;0.0000 
249.78182480000032;0.0000;0.0000;-0.2214 
249.8298304;0.4474;0.0000;0.1545 
249.87780580000071;0.0000;0.0000;-0.2214 
249.92567120000058;0.0000;0.0000;0.0000 
249.97364420000122;0.0000;0.0000;0.0000 
250.0217972999999;0.2237;0.0000;-1.2630 
250.0698751;0.2237;0.0000;0.1983 
250.11780499999986;0.0000;0.0000;1.3069 
250.16582500000004;0.2237;0.0000;-1.4175 
250.2138726000012;0.2237;0.0000;-1.5282 
250.26183870000023;0.0000;0.0000;-0.1107 
250.3101867000005;0.0000;0.0000;-1.1085 
250.35814270000083;0.0000;0.0000;0.3090 
250.40593760000047;0.2237;0.0000;1.7266 
250.4695808000015;0.0000;0.0000;1.6159 
250.51774509999996;0.4474;0.0000;0.1545 
250.56574030000047;0.2237;0.0000;-0.0669 
250.61380700000154;0.0000;0.0000;-0.1107 
250.6617253000004;0.2237;0.0000;0.0000 
250.70989370000098;0.2237;0.0000;0.0438 
250.7581123;0.2237;0.0000;0.0438 
250.80608780000148;-0.2237;0.0000;-0.1107 
250.8542139000001;0.2237;0.0000;0.2652 
250.90197919999991;-0.2237;0.0000;0.0438 
250.94970060000014;0.0000;0.0000;-0.0438 
250.9980024000015;0.0000;0.0000;0.1545 
251.04594309999993;0.4474;0.0000;0.1545 
251.0939124000015;0.2237;0.0000;0.0877 
251.14194640000096;0.2237;0.0000;0.0438 
251.1901624000002;0.0000;0.0000;1.3069 
251.25363410000136;0.0000;0.0000;-1.1085 
251.3016716000002;0.2237;0.0000;-1.4175 
251.34959180000078;0.0000;0.0000;-0.2652 
251.3977945000006;0.0000;0.0000;0.1545 
251.4457149000009;0.0000;0.0000;0.0000 
251.49369560000014;0.6711;0.0000;0.0000 
251.54178710000087;0.2237;0.0000;-0.3320 
251.59007400000155;0.2237;0.0000;0.0438 
251.6378153000005;0.2237;0.0000;0.0438 
251.68595600000117;0.2237;0.0000;-0.1107 
251.7337797;0.2237;0.0000;0.0438 
251.78196350000144;0.2237;0.0000;0.0438 
251.82989670000097;0.2237;0.0000;0.0438 
251.87790029999996;0.0000;0.0000;0.1983 
251.92631510000137;0.0000;0.0000;1.7266 
251.97376090000034;0.2237;0.0000;0.1545 
252.02174449999984;0.0000;0.0000;0.0438 
252.06972900000073;0.0000;0.0000;0.1545 
252.11774330000117;0.0000;0.0000;0.3090 
252.1657836000013;0.2237;0.0000;-1.4175 
252.21388910000132;0.2237;0.0000;0.0438 
252.2619362000005;0.2237;0.0000;0.0438 
252.31021080000028;0.2237;0.0000;0.0438 
252.3581718000005;0.2237;0.0000;1.3069 
252.4215918000009;0.0000;0.0000;-1.5282 
252.46976920000088;0.0000;0.0000;0.0000 
252.51771640000152;0.2237;0.0000;0.1545 
252.56558580000092;0.0000;0.0000;0.0438 
252.6137034000003;0.2237;0.0000;0.1545 
252.66179750000083;0.6711;0.0000;-1.3737 
252.70973460000096;0.0000;0.0000;-0.3320 
252.75795090000065;0.0000;0.0000;0.0000 
252.80579380000017;0.2237;0.0000;0.1545 
252.85379319999993;0.0000;0.0000;-0.1107 
252.90168690000064;0.2237;0.0000;1.2630 
252.9496861000007;0.2237;0.0000;0.0438 
252.99803539999994;-0.2237;0.0000;-1.6827 
253.0459475000007;0.2237;0.0000;0.1107 
253.09388040000158;0.2237;0.0000;0.0438 
253.1420016000011;-0.2237;0.0000;0.0438 
253.1898422000013;0.0000;0.0000;0.1107 
253.25360700000056;-0.2237;0.0000;1.4175 
253.30175510000117;0.2237;0.0000;-1.3069 
253.34966140000142;0.2237;0.0000;-1.3737 
253.3978388000014;0.2237;0.0000;0.0438 
253.44575980000081;0.0000;0.0000;1.4614 
253.49396660000093;0.6711;0.0000;0.1545 
253.5417963;0.2237;0.0000;0.2860 
253.58984690000034;0.4474;0.0000;-0.1107 
253.63796750000074;0.0000;0.0000;-0.0669 
253.68589710000015;0.0000;0.0000;0.1545 
253.7339864000005;0.2237;0.0000;0.0000 
253.78199350000068;0.0000;0.0000;-0.1107 
253.82998399999997;0.4474;0.0000;1.4175 
253.87793020000026;0.4474;0.0000;-0.0669 
253.9415613000001;0.0000;0.0000;-0.0669 
253.9896759000003;0.0000;0.0000;0.0000 
254.03795600000012;0.0000;0.0000;0.1545 
254.08576240000002;0.2237;0.0000;0.1545 
254.13372600000002;0.0000;0.0000;-0.1107 
254.18163210000057;0.0000;0.0000;0.0000 
254.22972540000046;0.0000;0.0000;0.1545 
254.27768600000127;0.2237;0.0000;-0.1545 
254.32568490000085;0.0000;0.0000;0.3529 
254.37376980000045;0.2237;0.0000;0.0000 
254.42193260000022;0.0000;0.0000;-0.1107 
254.46980150000127;0.0000;0.0000;0.1545 
254.51813430000038;-0.2237;0.0000;-1.4175 
254.56592290000117;0.4474;0.0000;0.2652 
254.62960870000097;0.0000;0.0000;-0.5304 
254.67758520000098;0.2237;0.0000;0.3090 
254.7256731000016;0.4474;0.0000;0.0438 
254.77364820000003;0.0000;0.0000;-0.2214 
254.82169250000152;0.2237;0.0000;1.2630 
254.86977470000056;0.0000;0.0000;-0.1107 
254.9186445000014;0.0000;0.0000;0.1545 
254.96579120000024;0.0000;0.0000;0.1545 
255.01405010000053;0.2237;0.0000;0.3090 
255.06184759999996;0.4474;0.0000;0.0438 
255.10976180000034;0.2237;0.0000;-0.0669 
255.1579509000003;0.0000;0.0000;0.0438 
255.20593290000033;-0.2237;0.0000;0.0000 
255.25380050000058;0.2237;0.0000;0.1107 
255.30189830000018;0.6711;0.0000;0.0438 
255.36562330000015;-0.2237;0.0000;-0.1775 
255.4137640000008;-0.2237;0.0000;0.2652 
255.46183790000032;0.2237;0.0000;1.5282 
255.5097022000009;0.2237;0.0000;1.3069 
255.5577159000004;0.2237;0.0000;0.1983 
255.60574740000084;0.0000;0.0000;1.3069 
255.6538930000006;0.2237;0.0000;0.0000 
255.70274390000122;0.4474;0.0000;-0.1107 
255.74980490000053;0.0000;0.0000;0.0877 
255.79792540000017;0.2237;0.0000;0.1545 
255.84586710000076;0.2237;0.0000;0.0438 
255.89386120000017;0.0000;0.0000;-0.1107 
255.94190730000082;0.2237;0.0000;1.4175 
255.98999700000059;0.2237;0.0000;0.3529 
256.03797490000034;0.2237;0.0000;-0.1107 
256.0859295999999;0.2237;0.0000;0.1983 
256.149575200001;0.2237;0.0000;-1.5282 
256.1976803000016;0.0000;0.0000;-0.1107 
256.2456919000015;0.2237;0.0000;0.0000 
256.29372590000094;0.2237;0.0000;-1.3737 
256.34172600000056;0.0000;0.0000;0.0438 
256.389748900001;0.2237;0.0000;-0.1545 
256.4377471000007;0.0000;0.0000;-0.1107 
256.4856901000003;0.0000;0.0000;0.1545 
256.53390709999985;0.2237;0.0000;-0.1545 
256.58165180000105;0.2237;0.0000;1.4614 
256.6299261000004;-0.2237;0.0000;0.0438 
256.6778219000007;0.0000;0.0000;0.2652 
256.7416979000009;-0.2237;0.0000;0.1545 
256.7897524;0.4474;0.0000;0.5742 
256.8376771000003;0.4474;0.0000;1.1962 
256.8857220000009;0.2237;0.0000;0.2422 
256.9338736999998;0.2237;0.0000;-1.5282 
256.9819559000007;0.0000;0.0000;-0.2652 
257.0296111000007;0.0000;0.0000;0.3090 
257.0778631000012;0.2237;0.0000;0.1545 
257.12584440000137;0.0000;0.0000;0.0438 
257.1739759000011;0.0000;0.0000;0.0000 
257.2219423000006;0.0000;0.0000;-1.2630 
257.2702661000003;0.2237;0.0000;0.0000 
257.3180704000006;0.2237;0.0000;-0.1107 
257.38154750000103;0.2237;0.0000;-0.1107 
257.4298549000014;0.0000;0.0000;-1.6827 
257.4777243000008;0.2237;0.0000;0.0000 
257.52573960000154;0.2237;0.0000;-0.1107 
257.5737302000016;0.0000;0.0000;-0.1107 
257.6217464000001;0.0000;0.0000;0.3090 
257.6698653000003;0.4474;0.0000;-0.1545 
257.7178967;0.2237;0.0000;-0.2214 
257.76581890000125;0.0000;0.0000;0.1983 
257.8138343999999;0.0000;0.0000;0.0000 
257.8625892;0.0000;0.0000;0.0000 
257.9100537000013;0.2237;0.0000;0.1545 
257.95790170000146;0.2237;0.0000;-1.5282 
258.00614620000124;0.2237;0.0000;0.0438 
258.0538927000016;0.0000;0.0000;-1.5282 
258.1020634000015;0.2237;0.0000;0.0000 
258.14992920000077;0.2237;0.0000;0.1983 
258.21353420000014;0.2237;0.0000;-0.1107 
258.26165740000033;0.0000;0.0000;0.0438 
258.30963260000135;0.2237;0.0000;0.1545 
258.35752820000016;-0.2237;0.0000;-0.2652 
258.40571810000074;0.2237;0.0000;1.6827 
258.45363330000146;0.0000;0.0000;0.0438 
258.5016262000008;0.0000;0.0000;0.0000 
258.54970590000084;0.2237;0.0000;0.0000 
258.59771420000106;0.0000;0.0000;-0.1107 
258.6456995000008;0.2237;0.0000;0.1545 
258.69387910000114;0.0000;0.0000;0.0438 
258.7418064000012;-0.2237;0.0000;0.3090 
258.79017209999984;-0.2237;0.0000;-1.1524 
258.83772710000085;0.2237;0.0000;0.2652 
258.9016900000006;0.2237;0.0000;-0.2652 
258.9497170000013;-0.2237;0.0000;0.0438 
258.9977247000006;0.0000;0.0000;1.3737 
259.0456907000007;0.0000;0.0000;0.0000 
259.09381530000064;0.4474;0.0000;0.1545 
259.14176399999997;0.4474;0.0000;-0.3759 
259.1898274000014;0.2237;0.0000;-0.0669 
259.2378860000008;0.2237;0.0000;0.0438 
259.28568480000104;0.0000;0.0000;1.4614 
259.3339128000007;0.0000;0.0000;0.0000 
259.3819663000013;0.2237;0.0000;0.1545 
259.42995260000134;0.2237;0.0000;0.0438 
259.47780240000066;0.0000;0.0000;0.0438 
259.52587590000076;0.4474;0.0000;0.1545 
259.57407820000117;-0.4474;0.0000;0.0877 
259.63849050000135;-0.2237;0.0000;0.0669 
259.68560380000054;0.2237;0.0000;0.1107 
259.7336525999999;0.0000;0.0000;-0.2652 
259.7817105000013;0.2237;0.0000;-1.1085 
259.82979830000113;0.2237;0.0000;-0.2652 
259.87782289999996;0.2237;0.0000;-1.5282 
259.92584400000123;0.4474;0.0000;-0.1107 
259.97425530000146;0.2237;0.0000;-0.0669 
260.0228631000009;0.2237;0.0000;-0.1107 
260.06992770000033;0.2237;0.0000;1.3069 
260.1179520000005;0.2237;0.0000;0.0438 
260.18163670000104;0.2237;0.0000;-0.2652 
260.22970520000126;-0.2237;0.0000;0.0438 
260.27770539999983;0.0000;0.0000;0.1107 
260.3257437000011;0.0000;0.0000;0.0000 
260.37372200000027;0.2237;0.0000;1.5721 
260.42176160000054;0.2237;0.0000;-0.1107 
260.4699892000008;0.0000;0.0000;0.0438 
260.5177182000007;0.2237;0.0000;0.0000 
260.56567650000034;0.0000;0.0000;1.4614 
260.61392890000025;0.0000;0.0000;0.0000 
260.6618656999999;0.4474;0.0000;-1.1085 
260.70997200000056;0.0000;0.0000;-0.2214 
260.75774869999987;0.2237;0.0000;0.0000 
260.8056385;0.2237;0.0000;0.1983 
260.85393420000037;0.0000;0.0000;-0.1107 
260.90189810000084;0.0000;0.0000;0.0000 
260.9497425999998;0.2237;0.0000;0.0000 
260.99789390000115;0.2237;0.0000;0.0438 
261.0459006000001;0.0000;0.0000;1.4614 
261.10970610000004;0.2237;0.0000;0.0000 
261.1575883000005;0.2237;0.0000;-0.1107 
261.20552040000075;0.0000;0.0000;0.0438 
261.2537706000003;-0.2237;0.0000;0.1545 
261.3015682000005;0.0000;0.0000;0.1107 
261.3499103000013;0.0000;0.0000;0.1545 
261.39770600000156;0.2237;0.0000;0.1545 
261.44589460000134;0.0000;0.0000;-1.3737 
261.49383520000083;-0.2237;0.0000;0.3090 
261.54224710000017;0.0000;0.0000;-0.9978 
261.5899072000011;0.0000;0.0000;0.1545 
261.63780190000034;0.0000;0.0000;-1.7266 
261.68604890000097;0.2237;0.0000;0.1545 
261.73402590000114;0.0000;0.0000;-0.1107 
261.79754070000126;0.2237;0.0000;1.5721 
261.84565640000073;0.0000;0.0000;-0.1107 
261.89367370000036;-0.2237;0.0000;0.1545 
261.9417458000007;0.0000;0.0000;-1.3069 
261.9897053000004;0.2237;0.0000;0.0000 
262.0377371000013;0.4474;0.0000;0.0438 
262.085699700001;0.2237;0.0000;0.0877 
262.13386770000034;0.4474;0.0000;-0.2652 
262.18228740000086;0.0000;0.0000;-0.2214 
262.2298687000002;0.6711;0.0000;-0.1545 
262.2778487000014;0.2237;0.0000;-0.3320 
262.3258657000006;0.4474;0.0000;-0.1107 
262.3738752999998;-0.2237;0.0000;1.1962 
262.4376301000011;0.0000;0.0000;0.2652 
262.48571340000126;0.2237;0.0000;0.3090 
262.53370630000063;0.0000;0.0000;-0.2652 
262.58161960000143;-0.2237;0.0000;0.1545 
262.6297119999999;0.4474;0.0000;0.4197 
262.6777340000008;0.4474;0.0000;-1.6389 
262.7256204000005;0.0000;0.0000;1.5052 
262.7738036999999;0.2237;0.0000;0.1545 
262.82180230000085;0.4474;0.0000;1.4614 
262.86970570000085;0.4474;0.0000;-0.0669 
262.917797600001;0.2237;0.0000;-0.2214 
262.9658647000015;0.2237;0.0000;0.1983 
263.0140424000001;0.0000;0.0000;0.0438 
263.07767690000037;-0.4474;0.0000;0.3090 
263.12560250000024;0.0000;0.0000;0.2214 
263.1736223000007;0.2237;0.0000;0.0000 
263.22164630000043;0.2237;0.0000;0.0438 
263.2697070000013;0.0000;0.0000;1.3069 
263.3180358999998;0.0000;0.0000;0.3090 
263.3656912000006;-0.2237;0.0000;-0.1545 
263.4137483000013;0.2237;0.0000;0.1107 
263.4618294000011;0.0000;0.0000;-0.1107 
263.5098162000013;-0.2237;0.0000;0.1545 
263.5578664000004;0.0000;0.0000;-1.1524 
263.60603120000087;0.2237;0.0000;0.1545 
263.6538674000003;0.0000;0.0000;-0.1107 
263.7022624000001;0.4474;0.0000;0.0000 
263.76553969999986;0.4474;0.0000;-0.0669 
263.81377500000053;0.4474;0.0000;-0.0669 
263.86178590000054;0.0000;0.0000;-0.0669 
263.9096203000008;-0.2237;0.0000;0.1545 
263.9578104000011;0.0000;0.0000;0.2652 
264.0058082000014;0.2237;0.0000;0.0000 
264.05381750000015;0.0000;0.0000;0.0438 
264.1018075000011;0.0000;0.0000;0.0000 
264.14995180000005;-0.2237;0.0000;0.0000 
264.197933200001;0.0000;0.0000;0.2652 
264.2458643000009;0.0000;0.0000;0.4635 
264.293912000001;0.0000;0.0000;0.0000 
264.34203290000005;0.0000;0.0000;0.4635 
264.3898384000004;0.0000;0.0000;0.3090 
264.45346100000097;0.0000;0.0000;0.0000 
264.50154509999993;0.2237;0.0000;0.0000 
264.54952310000044;0.2237;0.0000;1.4614 
264.5977515000013;0.2237;0.0000;-1.5282 
264.6456621000016;-0.2237;0.0000;1.6159 
264.69368770000074;0.2237;0.0000;1.8372 
264.74167920000036;0.0000;0.0000;-0.1107 
264.78978520000055;0.2237;0.0000;-0.1545 
264.8381180000015;0.4474;0.0000;0.0438 
264.8858644000011;0.6711;0.0000;-0.2214 
264.9340005000013;0.2237;0.0000;-0.4866 
264.98188200000004;0.2237;0.0000;0.0438 
265.0301348000012;0.0000;0.0000;1.3069 
265.07803310000054;0.0000;0.0000;-1.4175 
265.12574529999983;0.2237;0.0000;0.0000 
265.1738053000008;0.2237;0.0000;0.0438 
265.2218530000009;0.2237;0.0000;0.1983 
265.2856474;0.2237;0.0000;0.1983 
265.33363530000133;0.0000;0.0000;-1.3737 
265.38149239999984;0.2237;0.0000;-1.2630 
265.4297178000015;0.2237;0.0000;-0.1107 
265.4777195000006;0.0000;0.0000;-0.1107 
265.52655140000024;-0.2237;0.0000;0.1545 
265.57373610000104;0.0000;0.0000;0.4197 
265.62181130000135;0.0000;0.0000;-1.4175 
265.6698307000006;0.4474;0.0000;0.1545 
265.7177652999999;0.4474;0.0000;1.5052 
265.76566190000085;0.0000;0.0000;-1.4844 
265.81389020000097;0.2237;0.0000;0.1545 
265.8618642000001;0.0000;0.0000;-0.2652 
265.9100135000008;0.0000;0.0000;0.3090 
265.957793900001;0.4474;0.0000;1.5721 
266.02165460000106;0.2237;0.0000;-0.2214 
266.0695691000001;0.0000;0.0000;0.0438 
266.1176833999998;0.0000;0.0000;0.0000 
266.1656851000007;0.2237;0.0000;-0.1545 
266.2136621000009;0.0000;0.0000;-0.1107 
266.2617925000013;0.2237;0.0000;0.0000 
266.3097303000013;0.0000;0.0000;-1.2192 
266.357791800001;0.0000;0.0000;0.1545 
266.4057823000003;0.0000;0.0000;0.1545 
266.4538571000012;0.0000;0.0000;0.0000 
266.5019845000006;0.0000;0.0000;-0.1545 
266.5501503000014;-0.2237;0.0000;0.0000 
266.59831269999995;0.0000;0.0000;-1.3069 
266.66159270000026;-0.2237;0.0000;0.3090 
266.7096268000005;0.0000;0.0000;0.2652 
266.7578134000014;0.4474;0.0000;0.1545 
266.80564420000155;0.0000;0.0000;0.0877 
266.853661000001;0.2237;0.0000;0.1545 
266.90177890000086;0.0000;0.0000;-0.1107 
266.949651500001;0.2237;0.0000;0.4635 
266.99777110000105;0.0000;0.0000;0.0438 
267.04566010000053;0.4474;0.0000;0.1545 
267.09363269999994;0.2237;0.0000;-0.2214 
267.14164960000016;0.2237;0.0000;-1.3737 
267.18968270000005;0.0000;0.0000;0.0438 
267.23792870000034;0.0000;0.0000;0.0000 
267.2858526;0.2237;0.0000;0.0000 
267.33374379999987;0.0000;0.0000;0.0438 
267.3817439000013;0.2237;0.0000;-0.3090 
267.4298017000001;0.0000;0.0000;0.0438 
267.49355749999995;0.0000;0.0000;-0.1545 
267.54167899999993;0.0000;0.0000;0.1545 
267.5897922000004;0.0000;0.0000;0.0000 
267.63769970000067;0.2237;0.0000;0.1545 
267.68577600000026;0.6711;0.0000;0.0438 
267.73367680000047;0.0000;0.0000;-0.3320 
267.78173530000095;0.0000;0.0000;0.1545 
267.82959440000013;0.2237;0.0000;0.0000 
267.8778159000012;0.0000;0.0000;-0.1107 
267.92569430000003;0.2237;0.0000;0.0000 
267.9738118000005;0.4474;0.0000;-0.2652 
268.02190640000117;-0.2237;0.0000;-0.2214 
268.06986719999986;0.2237;0.0000;0.2652 
268.11799580000115;0.0000;0.0000;-0.1107 
268.1657148000013;0.0000;0.0000;0.1545 
268.22956540000087;0.0000;0.0000;0.0000 
268.27758710000126;0.0000;0.0000;0.1545 
268.3256584999999;0.2237;0.0000;0.0000 
268.3736015000013;0.4474;0.0000;0.1983 
268.4217329000003;-0.2237;0.0000;-0.2214 
268.4698143000005;0.2237;0.0000;0.2652 
268.51780640000106;0.2237;0.0000;-1.2192 
268.56561670000156;0.4474;0.0000;1.4614 
268.6138770000016;0.4474;0.0000;-0.0669 
268.66238540000086;0.0000;0.0000;-0.3759 
268.70983140000135;0.2237;0.0000;0.1545 
268.75783070000034;0.2237;0.0000;-1.3737 
268.8059349000014;0.2237;0.0000;0.0438 
268.8538970999998;0.2237;0.0000;-0.1107 
268.9019079000009;0.4474;0.0000;0.0438 
268.9656880000002;-0.2237;0.0000;-0.0669 
269.0136799000011;0.2237;0.0000;0.2652 
269.0617884000003;0.2237;0.0000;-1.6827 
269.10980329999984;0.2237;0.0000;-1.5282 
269.15769830000136;0.0000;0.0000;-0.1107 
269.2056382999999;0.0000;0.0000;-1.1085 
269.2538480000003;0.2237;0.0000;0.1545 
269.3017982000001;-0.2237;0.0000;0.0438 
269.3496945000006;0.0000;0.0000;0.2652 
269.39782970000124;0.2237;0.0000;0.1545 
269.4458270000014;0.4474;0.0000;0.0438 
269.4937651;0.0000;0.0000;-0.0669 
269.5576348000013;-0.2237;0.0000;0.0000 
269.60572820000016;-0.2237;0.0000;-0.0438 
269.6537550000012;0.2237;0.0000;0.1107 
269.70176730000094;0.2237;0.0000;-0.1107 
269.74961710000025;0.0000;0.0000;-1.5282 
269.79768590000094;-0.2237;0.0000;0.1545 
269.8457914999999;0.0000;0.0000;0.2652 
269.893823800001;-0.2237;0.0000;0.1545 
269.9419205000013;0.0000;0.0000;0.1107 
269.98982760000035;0.2237;0.0000;0.0000 
270.05358440000055;-0.2237;0.0000;-0.1107 
270.10170780000044;-0.2237;0.0000;1.6827 
270.14970280000125;-0.4474;0.0000;0.4197 
270.1977086000006;-0.2237;0.0000;0.3759 
270.24576100000013;0.4474;0.0000;0.2652 
270.29369829999996;0.0000;0.0000;0.0877 
270.3418464000006;0.0000;0.0000;0.0000 
270.39003760000014;0.2237;0.0000;0.0000 
270.43792100000064;0.0000;0.0000;-0.1107 
270.48588400000153;0.0000;0.0000;0.1545 
270.53389400000015;0.0000;0.0000;0.1545 
270.58170229999996;0.0000;0.0000;0.0000 
270.6298267000002;0.0000;0.0000;-1.4175 
270.6778673000008;0.0000;0.0000;0.0000 
270.7415869000015;-0.2237;0.0000;0.0000 
270.7896438000007;-0.2237;0.0000;0.1107 
270.8376852000001;0.2237;0.0000;0.1107 
270.88572680000107;0.2237;0.0000;-0.4197 
270.93368069999997;0.2237;0.0000;1.4614 
270.9818068000004;0.4474;0.0000;0.0438 
271.0297339000008;0.0000;0.0000;-0.3759 
271.0777883999999;-0.2237;0.0000;0.1545 
271.12599880000016;0.0000;0.0000;0.1107 
271.1736402000006;0.2237;0.0000;0.1545 
271.2219036000006;0.0000;0.0000;1.4614 
271.2699491000003;0.2237;0.0000;0.0000 
271.31804530000045;0.0000;0.0000;0.0438 
271.36589190000086;0.0000;0.0000;0.0000 
271.42958870000075;-0.2237;0.0000;0.1545 
271.47771640000065;0.4474;0.0000;0.2652 
271.5256238000002;0.2237;0.0000;0.0877 
271.5736912000011;0.0000;0.0000;-0.1107 
271.62160740000036;0.4474;0.0000;0.1545 
271.67006200000105;0.2237;0.0000;-0.0669 
271.7177674000013;-0.2237;0.0000;0.0438 
271.765794500001;0.0000;0.0000;0.2652 
271.81381820000024;-0.2237;0.0000;0.0000 
271.86167530000057;0.0000;0.0000;1.6827 
271.90981270000157;0.2237;0.0000;0.0000 
271.95807010000135;0.0000;0.0000;0.0438 
272.00598770000033;0.4474;0.0000;0.0000 
272.0538492000014;0.2237;0.0000;1.1962 
272.11775900000066;-0.2237;0.0000;-0.1107 
272.16558970000006;-0.2237;0.0000;0.2652 
272.21384820000094;0.4474;0.0000;0.1107 
272.26173780000136;0.2237;0.0000;-0.0669 
272.30976210000154;0.0000;0.0000;-0.1107 
272.35835120000047;0.0000;0.0000;-0.1545 
272.40585270000156;0.0000;0.0000;0.1545 
272.4539530000002;0.0000;0.0000;0.0000 
272.5017719000007;0.0000;0.0000;1.4175 
272.5498572000015;0.0000;0.0000;0.0000 
272.5981711000004;0.0000;0.0000;0.0000 
272.6459050000012;-0.2237;0.0000;0.0000 
272.6938201000012;0.2237;0.0000;0.2652 
272.7420503000012;0.6711;0.0000;-0.1107 
272.8055777999998;0.0000;0.0000;-0.1775 
272.8536221000013;0.2237;0.0000;0.1545 
272.9016784000014;0.2237;0.0000;0.1983 
272.94973410000057;0.0000;0.0000;-0.2652 
272.99798530000044;0.2237;0.0000;-1.2630 
273.0457968999999;0.2237;0.0000;0.0438 
273.0938374000016;0.8948;0.0000;-0.2652 
273.14181140000073;0.2237;0.0000;-1.7058 
273.18980870000087;0.8948;0.0000;0.0438 
273.23782250000113;0.2237;0.0000;-0.2882 
273.2858141000015;0.0000;0.0000;-0.1107 
273.3339371000002;0.0000;0.0000;0.1545 
273.3816944000009;0.8948;0.0000;0.0000 
273.430123600001;0.6711;0.0000;0.0208 
273.4780468000008;0.0000;0.0000;0.7765 
273.5419103000004;0.0000;0.0000;0.0000 
273.5896709000008;0.4474;0.0000;0.0000 
273.6375691000012;0.4474;0.0000;0.2422 
273.68550959999993;-0.2237;0.0000;1.1962 
273.7336403999998;0.2237;0.0000;-0.0438 
273.7817079000015;0.0000;0.0000;0.0438 
273.82980860000134;0.2237;0.0000;0.1545 
273.8776112000014;0.0000;0.0000;-0.1107 
273.9257120000002;0.4474;0.0000;0.1545 
273.97386370000095;-0.4474;0.0000;-0.2214 
274.02185400000053;0.2237;0.0000;0.3759 
274.07006790000014;0.2237;0.0000;-0.1107 
274.11784700000135;0.4474;0.0000;0.0438 
274.1659458000013;0.0000;0.0000;1.1962 
274.2138576000016;0.2237;0.0000;-1.1085 
274.27762220000113;0.2237;0.0000;-0.1107 
274.3255399000009;0.0000;0.0000;0.0438 
274.37357860000157;0.0000;0.0000;0.0000 
274.4216058000002;0.2237;0.0000;0.1545 
274.46959740000057;0.4474;0.0000;-1.3737 
274.5176642000006;0.4474;0.0000;-1.3299 
274.5656469000005;0.2237;0.0000;0.0877 
274.6137911000005;0.2237;0.0000;0.0438 
274.6618283000007;0.4474;0.0000;0.0438 
274.7097566000011;0.4474;0.0000;-0.0669 
274.75785499999984;-0.6711;0.0000;-0.2214 
274.8058172000001;0.2237;0.0000;0.6411 
274.85470570000143;0.0000;0.0000;0.1983 
274.9018068000005;0.2237;0.0000;0.1545 
274.94967240000005;0.2237;0.0000;-1.3737 
274.9976665000013;0.2237;0.0000;0.1983 
275.06163670000024;0.2237;0.0000;0.0438 
275.1095655000008;0.2237;0.0000;-0.1107 
275.1578472000001;0.2237;0.0000;-0.1107 
275.20602340000005;0.2237;0.0000;0.0438 
275.25371260000065;0.4474;0.0000;-0.1107 
275.30163580000044;0.4474;0.0000;-0.2214 
275.3495937000007;0.0000;0.0000;-0.2214 
275.39774880000004;-0.2237;0.0000;1.7266 
275.44584639999994;0.4474;0.0000;0.2652 
275.49354980000135;0.2237;0.0000;-0.0669 
275.5418524000015;0.0000;0.0000;0.1983 
275.5901037000003;-0.2237;0.0000;0.3090 
275.63790380000137;0.0000;0.0000;0.2652 
275.6860065000001;0.2237;0.0000;0.4635 
275.74956160000147;0.0000;0.0000;-0.2652 
275.79750800000147;0.0000;0.0000;0.0000 
275.8455459000015;0.2237;0.0000;0.1545 
275.8935440000005;0.2237;0.0000;0.0438 
275.94166120000045;0.2237;0.0000;-1.5282 
275.98960270000134;0.2237;0.0000;0.0438 
276.0376548000004;-0.2237;0.0000;-1.3737 
276.08562880000136;0.0000;0.0000;0.1107 
276.1337108000007;0.2237;0.0000;0.0000 
276.18160460000036;0.0000;0.0000;-0.1107 
276.2297242000004;-0.2237;0.0000;0.1545 
276.2777788000003;0.2237;0.0000;0.1107 
276.3258469000011;0.2237;0.0000;-0.1107 
276.37368740000056;0.2237;0.0000;-0.1107 
276.42184760000055;0.2237;0.0000;-0.2652 
276.48566700000083;0.0000;0.0000;-0.2652 
276.5336943000002;0.0000;0.0000;-1.2630 
276.58183610000015;0.0000;0.0000;0.0000 
276.62966159999996;0.0000;0.0000;-0.1545 
276.6784349999998;0.0000;0.0000;0.3090 
276.72575010000037;0.4474;0.0000;1.7266 
276.77376000000004;0.2237;0.0000;-0.2214 
276.82166400000096;0.2237;0.0000;0.0438 
276.870057600001;0.2237;0.0000;-0.1107 
276.91785510000045;0.0000;0.0000;0.0438 
276.9657188000001;0.0000;0.0000;-0.1545 
277.01407160000053;0.0000;0.0000;0.0000 
277.0619349000008;0.2237;0.0000;0.1545 
277.1255581000005;0.2237;0.0000;-1.5282 
277.1735043000008;0.2237;0.0000;0.1983 
277.2217767000002;0.0000;0.0000;0.0438 
277.2696649999998;0.2237;0.0000;0.1545 
277.3176162;0.2237;0.0000;-0.1107 
277.3657406000002;-0.2237;0.0000;-0.1107 
277.4138367000014;0.4474;0.0000;0.5742 
277.4617073999998;-0.2237;0.0000;0.0877 
277.50980290000007;0.0000;0.0000;-1.3069 
277.55786550000084;0.0000;0.0000;0.0000 
277.6057543000006;0.2237;0.0000;0.3090 
277.6538076000015;0.4474;0.0000;-1.5282 
277.7018334000004;-0.2237;0.0000;-1.6389 
277.7656106000013;-0.2237;0.0000;0.2652 
277.8135448000012;0.2237;0.0000;1.8372 
277.8615841999999;0.4474;0.0000;0.0438 
277.9096029000011;0.0000;0.0000;-0.2214 
277.95766840000033;0.4474;0.0000;-0.1545 
278.0057530000013;0.2237;0.0000;-0.0669 
278.0537070999999;-0.2237;0.0000;-0.1107 
278.1015872000007;0.2237;0.0000;0.1107 
278.14969930000007;0.0000;0.0000;-0.1107 
278.19759200000044;0.0000;0.0000;0.0000 
278.2458279000002;0.0000;0.0000;-1.4175 
278.2938184000013;0.4474;0.0000;0.1545 
278.3420298000001;0.2237;0.0000;-0.2214 
278.4055128;0.0000;0.0000;-0.1107 
278.4535442000015;0.0000;0.0000;0.0000 
278.5014932000013;0.0000;0.0000;0.1545 
278.5496653000009;0.0000;0.0000;0.0000 
278.5977539000014;0.0000;0.0000;0.1545 
278.64562260000093;0.4474;0.0000;-1.2630 
278.69360720000077;0.0000;0.0000;1.3507 
278.7416365000008;0.0000;0.0000;0.3090 
278.78970110000046;0.0000;0.0000;-1.4175 
278.8377943000014;0.0000;0.0000;0.1545 
278.8857869000003;0.0000;0.0000;-0.1545 
278.9338604000004;0.0000;0.0000;0.0000 
278.98177980000037;0.2237;0.0000;1.4175 
279.02999530000125;0.2237;0.0000;-0.1107 
279.07789349999985;0.2237;0.0000;-1.5282 
279.12585990000116;0.0000;0.0000;-0.1107 
279.17408250000153;0.2237;0.0000;0.0000 
279.2218870000015;-0.2237;0.0000;0.1983 
279.28559120000136;0.2237;0.0000;0.2652 
279.3336440000003;0.6711;0.0000;-0.1107 
279.38156290000006;0.2237;0.0000;-0.3320 
279.4296159000005;0.2237;0.0000;0.0438 
279.4776275000004;0.2237;0.0000;-0.1107 
279.5256543000014;0.4474;0.0000;0.0438 
279.5737411000009;0.2237;0.0000;-0.3759 
279.62179389999983;0.0000;0.0000;-0.2652 
279.6698187000002;0.4474;0.0000;0.1545 
279.71779030000107;0.0000;0.0000;1.3507 
279.76590750000105;0.2237;0.0000;0.3090 
279.81458900000143;0.2237;0.0000;0.0438 
279.8617455000003;0.4474;0.0000;0.0438 
279.9098496000006;0.2237;0.0000;-0.3759 
279.9576828999998;0.2237;0.0000;0.0438 
280.0057403999999;0.2237;0.0000;0.0438 
280.05389860000105;0.2237;0.0000;-0.1107 
280.11757730000136;0.4474;0.0000;-0.2652 
280.1655879000009;-0.2237;0.0000;-0.0669 
280.21357100000023;0.4474;0.0000;0.2652 
280.2617848000009;0.2237;0.0000;-0.0669 
280.3096698999998;0.0000;0.0000;-0.2652 
280.3576602000012;0.2237;0.0000;-0.1545 
280.4057604999998;0.2237;0.0000;0.0438 
280.45383690000017;-0.2237;0.0000;0.0438 
280.50207500000033;-0.2237;0.0000;0.2652 
280.56561860000147;-0.2237;0.0000;0.1107 
280.6135761000005;0.2237;0.0000;0.1107 
280.6616387000013;0.2237;0.0000;0.0438 
280.70990080000047;0.0000;0.0000;-0.2652 
280.7575872000016;0.0000;0.0000;0.1545 
280.80563820000134;0.4474;0.0000;0.0000 
280.8536777999998;0.0000;0.0000;-0.0669 
280.90182989999994;0.0000;0.0000;0.1545 
280.94971179999993;-0.2237;0.0000;0.3090 
280.99788350000017;0.0000;0.0000;0.1107 
281.04580780000106;0.2237;0.0000;0.0000 
281.0935898000007;0.4474;0.0000;-0.1107 
281.1417926000013;0.0000;0.0000;-0.0669 
281.1898136;0.2237;0.0000;0.0000 
281.2535977000007;0.0000;0.0000;-0.2652 
281.3015757000012;0.0000;0.0000;-1.4175 
281.34960910000154;0.0000;0.0000;0.1545 
281.39768490000097;0.0000;0.0000;0.0000 
281.4456581000013;0.0000;0.0000;0.1545 
281.4936848000016;0.2237;0.0000;0.0000 
281.5417120000002;0.0000;0.0000;0.0438 
281.5897677000012;0.6711;0.0000;0.1545 
281.6375743000008;0.2237;0.0000;-0.4866 
281.68575130000136;0.2237;0.0000;0.1983 
281.73376629999984;0.2237;0.0000;-0.1107 
281.7816395000009;0.2237;0.0000;0.0438 
281.8298555000001;0.2237;0.0000;1.3069 
281.87782980000156;0.2237;0.0000;0.1983 
281.9257776000013;0.4474;0.0000;-0.1107 
281.9894967;0.2237;0.0000;-0.0669 
282.0375227000004;0.4474;0.0000;0.0438 
282.0859397000004;-0.2237;0.0000;0.0877 
282.1336170000013;0.2237;0.0000;0.2652 
282.1815338000015;0.2237;0.0000;-0.1107 
282.2296710999999;0.0000;0.0000;0.0438 
282.27766470000097;0.0000;0.0000;1.5721 
282.3257512;0.2237;0.0000;0.0000 
282.3736390000013;0.2237;0.0000;0.1983 
282.4216410000008;-0.2237;0.0000;-1.3737 
282.46975980000025;0.2237;0.0000;0.4197 
282.5179584000016;0.2237;0.0000;-0.2652 
282.56579469999997;0.2237;0.0000;0.0438 
282.61402070000076;-0.2237;0.0000;0.0438 
282.6774494000001;0.2237;0.0000;0.2652 
282.72553770000013;0.2237;0.0000;1.3069 
282.7735765000016;0.0000;0.0000;-1.3737 
282.8215885999998;-0.2237;0.0000;0.3090 
282.86969110000064;0.0000;0.0000;0.2652 
282.9178075;0.4474;0.0000;0.1545 
282.9657060999998;0.2237;0.0000;-0.0669 
283.01379220000126;-0.2237;0.0000;1.4614 
283.06168160000016;0.2237;0.0000;1.3737 
283.1100574000011;0.0000;0.0000;-0.1107 
283.15781229999993;0.0000;0.0000;0.0000 
283.22160299999996;-0.2237;0.0000;-0.6181 
283.269539500001;0.0000;0.0000;0.2652 
283.31760209999993;0.2237;0.0000;0.1545 
283.3655552;0.2237;0.0000;-1.5282 
283.41363249999995;0.2237;0.0000;-0.1107 
283.4616395000012;0.2237;0.0000;-0.1107 
283.50977070000044;0.0000;0.0000;0.0438 
283.5577791000014;0.2237;0.0000;0.3090 
283.60604090000015;0.2237;0.0000;1.3069 
283.6537625000001;0.4474;0.0000;-1.5282 
283.7016358000001;0.2237;0.0000;-0.0669 
283.7498398000007;0.2237;0.0000;-0.1107 
283.797661300001;-0.2237;0.0000;-0.1107 
283.84587640000063;0.2237;0.0000;0.2652 
283.90953210000043;-0.2237;0.0000;-0.1107 
283.9578526000005;0.2237;0.0000;0.2652 
284.00577710000107;0.2237;0.0000;0.0438 
284.0536208000012;0.0000;0.0000;-0.1107 
284.10174610000104;0.4474;0.0000;0.3090 
284.1503069999999;0.4474;0.0000;-0.0669 
284.19771050000054;0.0000;0.0000;0.0877 
284.24577750000026;0.2237;0.0000;0.3090 
284.29380130000027;0.0000;0.0000;-0.1107 
284.34191009999995;0.0000;0.0000;0.1545 
284.3897577000007;-0.2237;0.0000;-1.7266 
284.43785089999983;0.2237;0.0000;0.1107 
284.48582180000085;0.2237;0.0000;0.0438 
284.5338072000013;0.2237;0.0000;0.0438 
284.5827844000014;0.0000;0.0000;0.0438 
284.62993430000097;0.0000;0.0000;0.1545 
284.6934957000012;0.2237;0.0000;0.1545 
284.741598300001;-0.2237;0.0000;0.0438 
284.78951620000043;0.2237;0.0000;1.3737 
284.83768280000004;0.2237;0.0000;0.0438 
284.88560750000033;0.0000;0.0000;0.0438 
284.93372510000154;0.0000;0.0000;-0.4635 
284.9816425000008;-0.4474;0.0000;0.1545 
285.0311866000011;0.0000;0.0000;0.3759 
285.07771890000004;0.2237;0.0000;0.0000 
285.1257765999999;0.2237;0.0000;0.1983 
285.17382870000074;-0.2237;0.0000;-0.1107 
285.23752980000063;0.0000;0.0000;-1.4614 
285.28556930000013;0.0000;0.0000;0.0000 
285.333539700001;0.2237;0.0000;-1.4175 
285.38175520000004;0.2237;0.0000;-1.2192 
285.42966200000046;0.2237;0.0000;-0.1107 
285.4777361000015;0.2237;0.0000;-0.1107 
285.5257607000003;0.0000;0.0000;-0.2652 
285.57377260000067;0.2237;0.0000;0.0000 
285.6218646000016;0.0000;0.0000;0.0438 
285.6697924;0.2237;0.0000;0.0000 
285.717873900001;0.2237;0.0000;0.1983 
285.7657065000003;0.0000;0.0000;-0.1107 
285.81398230000013;0.0000;0.0000;-0.1545 
285.8620664000009;0.2237;0.0000;0.0000 
285.92552539999997;0.2237;0.0000;-1.5282 
285.97357680000096;0.2237;0.0000;1.4614 
286.0216099999998;-0.2237;0.0000;-0.1107 
286.06970980000006;0.2237;0.0000;0.2652 
286.1178662000002;-0.2237;0.0000;-0.1107 
286.16565040000023;0.4474;0.0000;0.4197 
286.21361810000053;0.0000;0.0000;-0.2214 
286.2619052000009;-0.2237;0.0000;0.1545 
286.3098951000011;0.2237;0.0000;-1.3069 
286.35778870000104;0.0000;0.0000;0.0438 
286.4216096;0.0000;0.0000;-0.1545 
286.46945830000004;0.4474;0.0000;0.1545 
286.5174920999998;0.2237;0.0000;1.1962 
286.5655930000012;0.2237;0.0000;-0.2652 
286.6136921000016;0.2237;0.0000;-1.3737 
286.6615587000015;0.0000;0.0000;0.1983 
286.70957590000035;0.0000;0.0000;0.1545 
286.75761779999993;0.2237;0.0000;-0.1545 
286.8057346000005;0.4474;0.0000;0.0438 
286.8537087000004;-0.2237;0.0000;-0.0669 
286.9016558000003;0.4474;0.0000;0.2652 
286.94966510000086;0.4474;0.0000;-0.2214 
286.99766009999985;0.0000;0.0000;-0.0669 
287.0615917000014;-0.2237;0.0000;0.4635 
287.1096703000003;0.2237;0.0000;1.5282 
287.1575870000015;0.0000;0.0000;-0.1107 
287.20560660000046;0.0000;0.0000;-1.2630 
287.2536185000008;0.4474;0.0000;0.1545 
287.30184050000025;0.2237;0.0000;-0.0669 
287.34971060000134;0.0000;0.0000;-0.1107 
287.3977629000001;0.2237;0.0000;0.0000 
287.4457125000008;0.2237;0.0000;0.1983 
287.4936601999998;0.0000;0.0000;0.0438 
287.5418199000014;0.0000;0.0000;-0.1545 
287.5898192000004;0.0000;0.0000;0.0000 
287.6379386000008;0.0000;0.0000;0.0000 
287.686084500001;0.6711;0.0000;0.0000 
287.74944790000154;0.2237;0.0000;-0.3320 
287.79747660000066;0.0000;0.0000;0.0438 
287.84557550000136;-0.2237;0.0000;0.1545 
287.8936054000005;0.2237;0.0000;0.1107 
287.9416727000007;0.2237;0.0000;-0.1107 
287.9896288;0.2237;0.0000;-0.1107 
288.03766220000034;0.0000;0.0000;0.1983 
288.0856875999998;0.0000;0.0000;0.1545 
288.13372789999994;0.0000;0.0000;0.1545 
288.18179210000017;0.4474;0.0000;0.3090 
288.23001230000045;-0.2237;0.0000;-0.3759 
288.27781740000137;-0.2237;0.0000;0.1107 
288.3414518999998;0.2237;0.0000;1.8372 
288.3896284000002;0.0000;0.0000;-0.1107 
288.4376577000003;0.2237;0.0000;-0.1545 
288.48559110000133;0.2237;0.0000;0.0438 
288.5336103999998;0.4474;0.0000;0.0438 
288.58156790000066;0.0000;0.0000;0.0877 
288.62960850000127;0.2237;0.0000;0.0000 
288.6776733000006;0.2237;0.0000;-0.2652 
288.7257789000014;0.4474;0.0000;-0.1107 
288.7737846;0.2237;0.0000;-0.0669 
288.821716800001;0.0000;0.0000;-0.2652 
288.8696983000009;0.0000;0.0000;0.0000 
288.91779230000066;0.0000;0.0000;-1.1085 
288.9815312999999;0.2237;0.0000;-1.1085 
289.0296468000015;-0.2237;0.0000;-1.5282 
289.07768580000084;0.4474;0.0000;0.4197 
289.1256962000007;0.0000;0.0000;-0.2214 
289.1735794000015;0.0000;0.0000;1.5721 
289.22210220000125;0.4474;0.0000;0.0000 
289.2695248;0.4474;0.0000;-0.0669 
289.31749800000034;0.2237;0.0000;0.0877 
289.36627899999985;0.0000;0.0000;-0.1107 
289.413962300001;-0.2237;0.0000;0.0000 
289.4618913000013;0.4474;0.0000;0.2652 
289.5097891000005;-0.4474;0.0000;-0.2214 
289.55777149999994;0.2237;0.0000;0.3759 
289.6059604000002;0.2237;0.0000;0.0438 
289.6538274000013;0.2237;0.0000;0.0438 
289.71740430000136;0.2237;0.0000;1.3069 
289.7655809000007;0.0000;0.0000;-0.2652 
289.8135901000005;0.2237;0.0000;0.4635 
289.8616772000005;-0.2237;0.0000;0.0438 
289.90959170000133;0.0000;0.0000;0.1107 
289.9577988000001;0.0000;0.0000;0.0000 
290.0056863000009;0.0000;0.0000;0.1545 
290.0538643;0.0000;0.0000;-0.1545 
290.10220520000075;0.2237;0.0000;0.1545 
290.1498182000014;0.2237;0.0000;1.3069 
290.1976829000014;0.2237;0.0000;-1.3737 
290.2458714000004;0.2237;0.0000;-0.1107 
290.29370870000093;0.4474;0.0000;-0.1107 
290.34243570000035;0.4474;0.0000;-0.0669 
290.4054898000013;0.0000;0.0000;-0.2214 
290.45360620000065;0.0000;0.0000;-0.1545 
290.5016260000011;0.0000;0.0000;0.1545 
290.5497260000011;0.0000;0.0000;0.0000 
290.5976236000006;0.2237;0.0000;0.3090 
290.64568020000115;-0.2237;0.0000;0.0438 
290.69372079999994;0.2237;0.0000;0.2652 
290.7416581000016;0.2237;0.0000;0.0438 
290.7897535000011;0.4474;0.0000;1.3069 
290.8378059000006;0.2237;0.0000;0.0877 
290.8858338000009;0.2237;0.0000;-1.2192 
290.9339226000011;0.2237;0.0000;-0.1107 
290.9816555000016;-0.2237;0.0000;1.4614 
291.0297115000012;0.0000;0.0000;0.4197 
291.0934879000015;0.0000;0.0000;-0.1545 
291.1415956000001;0.2237;0.0000;0.1545 
291.18950010000117;0.0000;0.0000;-0.1107 
291.23762830000123;-0.2237;0.0000;0.1545 
291.2858797000008;0.2237;0.0000;-0.0438 
291.33378840000114;0.0000;0.0000;0.0438 
291.3817987000002;0.2237;0.0000;1.4175 
291.42994;0.4474;0.0000;0.0438 
291.4779171000009;0.2237;0.0000;1.3507 
291.52578090000134;0.2237;0.0000;1.3069 
291.5736717;0.6711;0.0000;-0.1107 
291.62174700000105;0.0000;0.0000;-0.0230 
291.6855092000005;0.2237;0.0000;0.1545 
291.73347640000065;0.2237;0.0000;1.6159 
291.78160260000004;0.2237;0.0000;-0.1107 
291.829721600001;0.0000;0.0000;-0.1107 
291.87756400000035;0.0000;0.0000;0.1545 
291.9256501;0.2237;0.0000;-0.1545 
291.9737765000009;0.0000;0.0000;-1.3737 
292.0216644000011;0.0000;0.0000;0.1545 
292.0697368000001;0.2237;0.0000;0.0000 
292.11773750000066;0.2237;0.0000;0.0438 
292.16579450000063;0.0000;0.0000;-0.2652 
292.213652800001;0.0000;0.0000;0.0000 
292.2775333999998;0.2237;0.0000;-0.1545 
292.32554470000105;0.0000;0.0000;-0.1107 
292.37371600000006;0.0000;0.0000;-0.1545 
292.4220933000015;0.0000;0.0000;0.0000 
292.46967250000125;0.2237;0.0000;-1.2630 
292.51760770000146;0.0000;0.0000;0.0438 
292.5657465000004;0.0000;0.0000;1.5721 
292.6137662000001;0.0000;0.0000;0.0000 
292.6616861000002;0.2237;0.0000;0.0000 
292.70978970000033;0.2237;0.0000;0.0438 
292.7578239000013;0.0000;0.0000;1.4614 
292.80564980000054;-0.2237;0.0000;0.1545 
292.8538509000009;0.2237;0.0000;0.5742 
292.90216150000015;0.4474;0.0000;-1.5282 
292.9497356000011;0.2237;0.0000;-0.2214 
292.99761639999997;0.2237;0.0000;1.4614 
293.04608030000054;0.0000;0.0000;0.1983 
293.1094137;0.0000;0.0000;0.0000 
293.15732820000085;0.6711;0.0000;0.1545 
293.20541270000103;0.2237;0.0000;-0.1775 
293.2535654000003;0.0000;0.0000;-0.1107 
293.30151260000093;0.2237;0.0000;0.0000 
293.34963530000095;-0.4474;0.0000;0.0438 
293.3975418000009;0.0000;0.0000;0.2214 
293.4457596000011;0.2237;0.0000;-0.1545 
293.49376180000036;0.2237;0.0000;-0.1107 
293.541650000001;0.0000;0.0000;-0.4197 
293.59000540000125;-0.2237;0.0000;0.0000 
293.6377139000015;0.4474;0.0000;0.2652 
293.6858974000006;0.2237;0.0000;-0.0669 
293.73380069999985;0.0000;0.0000;-0.1107 
293.7973591000009;0.2237;0.0000;0.3090 
293.8454935999998;0.0000;0.0000;-1.3737 
293.89435930000036;0.4474;0.0000;0.0000 
293.9414977000015;0.0000;0.0000;-1.3299 
293.9897181000015;0.4474;0.0000;0.1545 
294.03752990000066;0.2237;0.0000;-0.2214 
294.08595400000013;0.0000;0.0000;0.0438 
294.1337486000011;0.4474;0.0000;0.0000 
294.1818217;0.0000;0.0000;-0.2214 
294.22979420000047;0.0000;0.0000;-0.1545 
294.27773700000034;0.6711;0.0000;0.1545 
294.3258607000007;-0.2237;0.0000;-0.3320 
294.37378870000066;0.0000;0.0000;0.1107 
294.4216355000008;0.2237;0.0000;1.4175 
294.4698681000009;0.2237;0.0000;0.3529 
294.53348200000073;0.4474;0.0000;0.0438 
294.5816014000011;0.0000;0.0000;-0.0669 
294.6295760000012;0.0000;0.0000;1.5721 
294.6777847000012;0.2237;0.0000;-0.1545 
294.7256484999998;0.0000;0.0000;-0.1107 
294.7737448000007;0.2237;0.0000;0.0000 
294.82175350000034;0.0000;0.0000;0.0438 
294.8699581000001;0.4474;0.0000;-1.5721 
294.9177591000007;0.2237;0.0000;0.0877 
294.9658561000015;-0.2237;0.0000;0.0438 
295.0138566000005;0.4474;0.0000;-1.1524 
295.0617766000014;0.0000;0.0000;0.0877 
295.1254949000013;0.2237;0.0000;1.4175 
295.1735853000009;-0.2237;0.0000;0.0438 
295.221624400001;0.0000;0.0000;0.2652 
295.2694766000004;0.2237;0.0000;1.4175 
295.31760380000014;0.0000;0.0000;-1.5282 
295.3656203999999;0.0000;0.0000;0.1545 
295.4136341000012;0.2237;0.0000;-0.1545 
295.46170110000094;0.2237;0.0000;0.0438 
295.5096635000009;0.4474;0.0000;0.0438 
295.5575931000003;0.0000;0.0000;-0.0669 
295.6057535;0.0000;0.0000;0.3090 
295.65373610000097;0.2237;0.0000;0.0000 
295.7018853999998;0.4474;0.0000;-0.1107 
295.76555350000126;0.2237;0.0000;-0.3759 
295.8135015000007;0.2237;0.0000;-0.1107 
295.86160759999984;0.0000;0.0000;1.1524 
295.9096014000006;0.2237;0.0000;0.0000 
295.9576864999999;0.4474;0.0000;-0.2652 
296.00571820000005;-0.2237;0.0000;-0.0669 
296.0536873000001;0.0000;0.0000;-1.3069 
296.10170780000044;0.2237;0.0000;0.0000 
296.1498625000004;-0.2237;0.0000;0.0438 
296.1977302000014;0.2237;0.0000;0.1107 
296.2457290000002;0.2237;0.0000;-0.2652 
296.30956049999986;0.0000;0.0000;-0.1107 
296.3574733000005;0.0000;0.0000;0.0000 
296.40544279999995;0.2237;0.0000;0.1545 
296.453414900001;0.2237;0.0000;0.0438 
296.5015997999999;0.0000;0.0000;-0.7287 
296.5495566999998;0.0000;0.0000;1.5721 
296.5976563000004;0.2237;0.0000;0.3090 
296.64569980000124;0.0000;0.0000;-0.1107 
296.69359820000136;0.0000;0.0000;0.0000 
296.74172290000024;0.0000;0.0000;1.4175 
296.789810100001;0.2237;0.0000;0.0000 
296.83763610000096;0.4474;0.0000;0.0438 
296.88563930000055;0.2237;0.0000;-0.2214 
296.93368550000014;0.2237;0.0000;0.0438 
296.9816627;0.2237;0.0000;-0.1107 
297.03013310000097;0.2237;0.0000;0.1983 
297.07766380000066;0.4474;0.0000;0.3529 
297.1258587000011;0.0000;0.0000;-0.2214 
297.17368610000085;0.2237;0.0000;0.0000 
297.22177680000095;0.0000;0.0000;-0.1107 
297.2697898000006;0.2237;0.0000;0.1545 
297.317881500001;0.0000;0.0000;0.3529 
297.3814660000007;-0.2237;0.0000;0.1545 
297.4295522000011;0.0000;0.0000;-1.1524 
297.47763900000064;0.2237;0.0000;0.1545 
297.5256007000007;0.4474;0.0000;0.0438 
297.57364100000086;0.0000;0.0000;0.0877 
297.6215136999999;0.2237;0.0000;0.1545 
297.66961880000053;0.2237;0.0000;-1.3737 
297.7175670000015;0.0000;0.0000;1.4614 
297.76565120000123;0.0000;0.0000;-1.2630 
297.8137048000008;0.0000;0.0000;0.3090 
297.86200520000057;0.2237;0.0000;-0.1545 
297.90983060000144;0.2237;0.0000;-0.1107 
297.95778900000005;0.4474;0.0000;0.0438 
298.0215786000008;0.0000;0.0000;-0.0669 
298.0696884000008;0.2237;0.0000;0.1545 
298.1176110000015;0.0000;0.0000;-0.1107 
298.1656911000009;0.2237;0.0000;0.1545 
298.2136706000001;0.2237;0.0000;-1.6827 
298.26166190000004;0.2237;0.0000;0.0438 
298.3096003999999;0.4474;0.0000;0.0438 
298.35766460000013;-0.2237;0.0000;-0.0669 
298.4055705999999;0.2237;0.0000;0.2652 
298.4538642000007;0.4474;0.0000;0.0438 
298.501892100001;0.2237;0.0000;-0.2214 
298.5495609999998;0.2237;0.0000;-0.1107 
298.5975627000007;0.2237;0.0000;0.0438 
298.64567010000064;0.2237;0.0000;-0.1107 
298.6937312000009;0.2237;0.0000;-0.1107 
298.7419504999998;0.0000;0.0000;-0.1107 
298.7897602000012;0.4474;0.0000;0.1545 
298.85345730000154;0.0000;0.0000;-0.2214 
298.9014444000004;0.2237;0.0000;0.1545 
298.94995500000005;0.2237;0.0000;-1.3737 
298.9974652000001;0.2237;0.0000;-0.1107 
299.0455256000005;0.0000;0.0000;0.0438 
299.09354170000006;0.2237;0.0000;0.3090 
299.14160730000003;0.2237;0.0000;0.0438 
299.18958080000084;0.4474;0.0000;1.4614 
299.23786780000046;0.4474;0.0000;-0.0669 
299.2856840000004;0.0000;0.0000;-0.2214 
299.3337530000008;0.0000;0.0000;-1.4175 
299.38165200000003;0.2237;0.0000;0.1545 
299.42972830000144;0.2237;0.0000;0.1983 
299.47772760000043;0.0000;0.0000;-0.1107 
299.52739330000077;0.2237;0.0000;0.3090 
299.57358639999984;0.0000;0.0000;-0.1107 
299.6374734000001;0.2237;0.0000;-1.4175 
299.6858178000002;0.4474;0.0000;-1.6827 
299.73354570000083;0.4474;0.0000;-0.2214 
299.7815602999999;0.2237;0.0000;-0.0669 
299.8298715000001;0.2237;0.0000;0.0438 
299.8777413000007;0.2237;0.0000;0.0438 
299.92560050000066;0.0000;0.0000;-1.3737 
299.9738293999999;0.0000;0.0000;0.1545 
300.02161479999995;0.0000;0.0000;1.4175 
300.06963650000034;0.2237;0.0000;-0.1545 
300.1179909000002;-0.2237;0.0000;-1.3737 
300.18145110000114;-0.2237;0.0000;0.2652 
300.2295000000013;0.4474;0.0000;1.5282 
300.2775932000004;0.0000;0.0000;-0.0669 
300.3256299000004;0.4474;0.0000;-0.1545 
300.37365860000136;0.2237;0.0000;0.2422 
300.42179600000054;0.2237;0.0000;-0.1107 
300.4699227000001;0.2237;0.0000;0.0438 
300.51766099999986;0.0000;0.0000;0.1983 
300.56574140000157;0.0000;0.0000;-1.1085 
300.61394010000004;0.2237;0.0000;-0.1545 
300.6618993000011;0.0000;0.0000;0.0438 
300.72587639999983;0.4474;0.0000;0.0000 
300.77350540000043;0.2237;0.0000;-0.0669 
300.8215857000014;0.2237;0.0000;-0.2652 
300.8695695000006;0.2237;0.0000;-0.1107 
300.9177354000003;0.2237;0.0000;-0.1107 
300.9656395000002;0.0000;0.0000;-0.1107 
301.0136895000014;0.2237;0.0000;0.1545 
301.06172230000084;0.0000;0.0000;0.3529 
301.10964910000075;0.2237;0.0000;-1.4175 
301.1584684999998;0.2237;0.0000;0.1983 
301.20568770000136;0.4474;0.0000;-0.1107 
301.253560000001;-0.2237;0.0000;0.0877 
301.30183970000144;0.4474;0.0000;0.1107 
301.3497563000001;0.0000;0.0000;-0.0669 
301.4133586000007;-0.2237;0.0000;0.0000 
301.4615263000014;0.2237;0.0000;0.1107 
301.5095140000012;0.2237;0.0000;-0.1107 
301.5575540000009;0.0000;0.0000;0.0438 
301.60565230000066;0.2237;0.0000;1.4175 
301.65364670000054;0.0000;0.0000;-0.2652 
301.7016625000015;0.2237;0.0000;-1.1085 
301.74963730000127;0.0000;0.0000;-0.1107 
301.79768090000107;0.2237;0.0000;0.0000 
301.8464119;0.0000;0.0000;-0.1107 
301.89377310000054;0.0000;0.0000;0.1545 
301.9415925000012;0.2237;0.0000;0.1545 
301.98978030000035;0.0000;0.0000;0.0438 
302.0377883000001;0.4474;0.0000;0.0000 
302.08581589999994;0.0000;0.0000;1.3507 
302.14944170000126;0.0000;0.0000;0.0000 
302.1974487000007;0.2237;0.0000;0.1545 
302.24543410000115;0.2237;0.0000;0.0438 
302.2933774000012;0.2237;0.0000;1.3069 
302.3415655000008;0.0000;0.0000;-0.1107 
302.38959910000085;0.0000;0.0000;0.0000 
302.4376194000015;0.0000;0.0000;-0.1545 
302.48557410000103;0.4474;0.0000;0.0000 
302.5336701000015;0.2237;0.0000;0.2422 
302.58148790000087;0.2237;0.0000;-1.5282 
302.6298400000014;0.2237;0.0000;-0.1107 
302.67769360000057;0.0000;0.0000;-1.3737 
302.72586260000026;0.0000;0.0000;-0.1545 
302.77373720000105;0.0000;0.0000;0.0000 
302.82195310000134;0.0000;0.0000;0.1545 
302.8697763;0.0000;0.0000;-1.2630 
302.9177502000002;0.0000;0.0000;0.0000 
302.9659470000006;0.2237;0.0000;1.5721 
303.02942170000097;0.0000;0.0000;0.0438 
303.0775142000002;0.2237;0.0000;0.3090 
303.1255387000001;0.0000;0.0000;1.3069 
303.1736150000015;0.0000;0.0000;-0.1545 
303.22174730000006;-0.2237;0.0000;0.1545 
303.2697848000007;-0.2237;0.0000;0.2652 
303.31800939999994;0.4474;0.0000;0.2652 
303.36579580000034;0.2237;0.0000;-1.7934 
303.41396910000003;0.4474;0.0000;0.0438 
303.46176490000107;0.0000;0.0000;1.3507 
303.5097252000014;0.4474;0.0000;0.0000 
303.5733842999998;0.0000;0.0000;-0.2214 
303.6213548000014;0.0000;0.0000;0.1545 
303.6693286999998;0.0000;0.0000;-1.4175 
303.71753309999986;0.2237;0.0000;1.5721 
303.76584730000104;0.2237;0.0000;-0.1107 
303.81347020000067;0.0000;0.0000;-0.1107 
303.8616697000016;0.4474;0.0000;0.3090 
303.9095726000014;0.2237;0.0000;-0.0669 
303.9575255;0.2237;0.0000;1.3069 
304.0058457000014;0.2237;0.0000;0.0438 
304.05374459999985;0.2237;0.0000;0.0438 
304.1015666000003;0.2237;0.0000;0.1983 
304.1496917000004;0.0000;0.0000;1.4614 
304.1978519000004;0.2237;0.0000;0.0000 
304.2458612999999;0.0000;0.0000;-0.1107 
304.29374090000056;0.2237;0.0000;0.4635 
304.3419002999999;0.2237;0.0000;0.0438 
304.3897229000013;0.0000;0.0000;-0.1107 
304.45347370000127;-0.2237;0.0000;-0.1545 
304.50149600000077;0.0000;0.0000;0.2652 
304.5496473000003;0.2237;0.0000;-1.4175 
304.5974070000011;0.2237;0.0000;0.0438 
304.6457081000008;0.0000;0.0000;-0.1107 
304.6935902000005;0.2237;0.0000;0.1545 
304.7416727;0.2237;0.0000;0.0438 
304.78959639999994;0.0000;0.0000;-1.6827 
304.83771010000055;0.0000;0.0000;-0.1545 
304.88561050000135;0.2237;0.0000;0.0000 
304.93343090000053;0.2237;0.0000;0.0438 
304.9817854000012;0.2237;0.0000;0.0438 
305.0298233000012;0.0000;0.0000;-1.3737 
305.0776566000004;0.2237;0.0000;-0.1545 
305.1257464999999;0.0000;0.0000;0.0438 
305.1894140000004;0.2237;0.0000;0.1545 
305.2375412000001;0.2237;0.0000;-0.1107 
305.28552260000106;0.0000;0.0000;-1.2192 
305.333483800001;0.2237;0.0000;0.3090 
305.3815880000002;0.2237;0.0000;-1.3737 
305.42947770000137;0.0000;0.0000;1.3069 
305.47761290000017;-0.2237;0.0000;0.0000 
305.52570800000103;0.0000;0.0000;-0.0438 
305.5737241000006;0.2237;0.0000;0.1545 
305.62190230000124;0.0000;0.0000;0.3529 
305.6696007999999;0.0000;0.0000;1.4175 
305.71786990000146;0.0000;0.0000;0.1545 
305.76559180000004;0.2237;0.0000;0.3090 
305.8140285999998;0.0000;0.0000;0.0438 
305.8773966000008;0.2237;0.0000;0.1545 
305.9261929000004;0.0000;0.0000;0.1983 
305.97353640000074;0.0000;0.0000;0.3090 
306.02152019999994;0.2237;0.0000;0.0000 
306.0695562000001;0.0000;0.0000;-0.2652 
306.1176273000001;0.2237;0.0000;0.0000 
306.1656082999998;0.2237;0.0000;0.0438 
306.2135279000013;0.2237;0.0000;0.0438 
306.26176790000136;0.2237;0.0000;-0.1107 
306.30972660000043;0.2237;0.0000;-0.1107 
306.35759040000084;0.0000;0.0000;0.1983 
306.40567080000073;0.2237;0.0000;1.5721 
306.4535766000008;0.4474;0.0000;-0.1107 
306.50183220000145;0.2237;0.0000;-0.0669 
306.5497696000002;0.0000;0.0000;0.0438 
306.5977003000007;0.0000;0.0000;0.1545 
306.6459265000012;0.2237;0.0000;0.0000 
306.69385070000135;0.2237;0.0000;0.0438 
306.7574887999999;0.2237;0.0000;-0.1107 
306.8054389000008;0.2237;0.0000;0.0438 
306.8535098000011;0.0000;0.0000;1.4614 
306.9014919000001;0.2237;0.0000;-1.2630 
306.94974550000006;0.2237;0.0000;1.4614 
306.9975845000008;0.2237;0.0000;-1.3737 
307.0455591000009;0.2237;0.0000;0.0438 
307.0936199000007;0.0000;0.0000;-0.1107 
307.14159030000155;0.4474;0.0000;0.3090 
307.18968870000026;-0.2237;0.0000;-0.0669 
307.23768630000086;0.4474;0.0000;0.1107 
307.2855844000005;-0.2237;0.0000;-0.0669 
307.33366170000045;0.0000;0.0000;0.1107 
307.3815437000012;0.4474;0.0000;1.4175 
307.4455487000014;0.4474;0.0000;-0.3759 
307.49348700000155;0.2237;0.0000;-0.0669 
307.5416036000006;0.2237;0.0000;1.6159 
307.5896407;0.0000;0.0000;0.0438 
307.63756230000035;-0.2237;0.0000;-0.1545 
307.6860226000008;0.0000;0.0000;0.2652 
307.73361710000063;0.0000;0.0000;-0.9540 
307.78166860000056;0.2237;0.0000;0.1545 
307.82971400000133;0.2237;0.0000;-0.1107 
307.8777392000011;0.2237;0.0000;0.0438 
307.9257357000006;-0.2237;0.0000;0.0438 
307.9735810000002;0.0000;0.0000;0.1107 
308.02163050000127;0.2237;0.0000;0.3090 
308.0854569000003;0.2237;0.0000;0.0438 
308.1334741999999;-0.2237;0.0000;0.1983 
308.1814105000012;0.2237;0.0000;0.1107 
308.2293991000006;0.2237;0.0000;-0.1107 
308.2774325999999;0.2237;0.0000;-0.1107 
308.3255480000007;0.0000;0.0000;-0.1107 
308.37362250000115;-0.2237;0.0000;0.1545 
308.4216453000008;0.2237;0.0000;0.5742 
308.46964320000006;0.0000;0.0000;1.3069 
308.51774060000025;0.2237;0.0000;0.1545 
308.5657250000004;0.2237;0.0000;0.5074 
308.61357000000135;0.0000;0.0000;0.0438 
308.66172520000146;0.0000;0.0000;-1.1085 
308.71001350000006;0.2237;0.0000;0.1545 
308.7578248000009;0.4474;0.0000;-0.1107 
308.82148229999984;0.2237;0.0000;-0.2214 
308.86977149999984;0.2237;0.0000;-1.5282 
308.9174572000011;0.2237;0.0000;0.0438 
308.96541350000007;0.0000;0.0000;-0.1107 
309.0134385000001;0.2237;0.0000;0.0000 
309.0614764000002;0.2237;0.0000;0.0438 
309.1098137000008;0.4474;0.0000;0.0438 
309.1576495999998;0.2237;0.0000;-0.0669 
309.20564600000034;0.0000;0.0000;-0.1107 
309.2534400000004;0.0000;0.0000;0.1545 
309.30163470000116;0.4474;0.0000;0.4635 
309.3498483000003;0.0000;0.0000;0.0877 
309.39764770000147;0.0000;0.0000;0.1545 
309.4458030000005;0.0000;0.0000;0.1545 
309.4936585000014;0.0000;0.0000;0.0000 
309.54172240000116;0.2237;0.0000;0.1545 
309.58970820000104;0.0000;0.0000;-0.1107 
309.63774250000097;0.2237;0.0000;0.1545 
309.6855641000002;0.0000;0.0000;-0.1107 
309.7338784000003;0.2237;0.0000;0.1545 
309.7974591000002;-0.2237;0.0000;-0.2652 
309.8457664000016;-0.2237;0.0000;0.4197 
309.8935599000015;0.4474;0.0000;-0.9978 
309.9414869000011;0.0000;0.0000;-0.0669 
309.98971429999983;0.0000;0.0000;-1.4175 
310.0377230000013;0.4474;0.0000;-0.1545 
310.0857168000002;0.0000;0.0000;0.2422 
310.13384680000127;0.2237;0.0000;0.1545 
310.18175150000025;0.2237;0.0000;0.0438 
310.22997580000083;0.0000;0.0000;-0.1107 
310.2776363000012;0.2237;0.0000;0.1545 
310.3256818000009;0.0000;0.0000;-1.3737 
310.3893254000013;0.4474;0.0000;0.1545 
310.4374361000009;0.0000;0.0000;-0.2214 
310.48561169999994;0.0000;0.0000;1.4175 
310.5335586000001;0.2237;0.0000;0.1545 
310.5816577000005;0.0000;0.0000;-0.1107 
310.6295557000012;0.0000;0.0000;0.4635 
310.6775135000007;0.4474;0.0000;0.0000 
310.7255139000008;0.2237;0.0000;0.0877 
310.7736665000011;-0.2237;0.0000;-0.2652 
310.82152470000074;0.4474;0.0000;0.2652 
310.86968660000093;0.0000;0.0000;0.2422 
310.9177365000014;0.0000;0.0000;0.1545 
310.96583980000105;0.0000;0.0000;0.0000 
311.0137469000001;0.0000;0.0000;1.5721 
311.07735610000054;0.0000;0.0000;-1.5721 
311.1254796000012;0.2237;0.0000;0.0000 
311.1738458;0.0000;0.0000;1.6159 
311.22149720000016;0.2237;0.0000;0.0000 
311.2695164000015;0.0000;0.0000;-0.1107 
311.31755580000026;0.0000;0.0000;0.1545 
311.36552810000103;0.2237;0.0000;0.1545 
311.4134597000011;0.0000;0.0000;0.0438 
311.4615623999998;0.2237;0.0000;0.1545 
311.5096566000011;0.0000;0.0000;0.0438 
311.5576166999999;0.2237;0.0000;0.1545 
311.60582480000085;0.2237;0.0000;-0.1107 
311.65355270000146;-0.2237;0.0000;1.3069 
311.70166170000084;-0.2237;0.0000;0.1107 
311.7496991000007;-0.8948;0.0000;0.2652 
311.8133949000003;-0.2237;0.0000;0.5972 
311.8615418999998;0.0000;0.0000;0.2652 
311.909663800001;-0.2237;0.0000;0.0000 
311.95757760000015;0.0000;0.0000;0.1107 
312.0056839000008;0.0000;0.0000;0.3090 
312.0535620999999;0.0000;0.0000;-1.2630 
312.101766400001;0.2237;0.0000;0.0000 
312.1497035000011;0.4474;0.0000;0.0438 
312.1975745;0.0000;0.0000;1.3507 
312.24567620000016;0.2237;0.0000;-0.1545 
312.2937285000007;0.2237;0.0000;0.0438 
312.34172600000056;0.0000;0.0000;-0.2652 
312.38985910000156;0.2237;0.0000;0.1545 
312.45337220000147;0.0000;0.0000;-0.1107 
312.50147710000056;0.2237;0.0000;0.0000 
312.5493402000011;0.2237;0.0000;1.4614 
312.5974244000008;0.0000;0.0000;-0.2652 
312.6455272000003;-0.2237;0.0000;0.1545 
312.69351650000135;0.2237;0.0000;0.1107 
312.7416374000004;0.2237;0.0000;-1.5282 
312.7896595000002;-0.2237;0.0000;-0.1107 
312.83765570000105;0.0000;0.0000;0.4197 
312.8857263000009;-0.2237;0.0000;0.3090 
312.93407020000086;0.0000;0.0000;-1.3069 
312.9815068000007;0.0000;0.0000;0.1545 
313.02981230000114;0.0000;0.0000;1.4175 
313.09343810000064;0.0000;0.0000;1.5721 
313.14157820000037;0.4474;0.0000;0.0000 
313.1894753000015;0.0000;0.0000;-0.2214 
313.2374802000013;0.2237;0.0000;0.1545 
313.2855040000013;0.0000;0.0000;0.0438 
313.33350450000034;0.0000;0.0000;0.1545 
313.3814514000005;-0.2237;0.0000;0.0000 
313.4298050000016;-0.2237;0.0000;-1.1524 
313.4775915000009;0.0000;0.0000;0.2652 
313.5256894000013;0.2237;0.0000;0.0000 
313.57394750000094;0.0000;0.0000;-1.5282 
313.62184140000136;0.2237;0.0000;0.0000 
313.6703473000016;-0.6711;0.0000;0.1983 
313.717848100001;0.4474;0.0000;0.6411 
313.78136820000145;-0.2237;0.0000;1.3507 
313.8295381000007;0.2237;0.0000;1.6827 
313.8775396000001;0.0000;0.0000;-0.1107 
313.92556220000006;0.6711;0.0000;-1.2630 
313.9735806000008;-0.2237;0.0000;1.2400 
314.0216139000004;0.0000;0.0000;1.6827 
314.06989240000075;0.2237;0.0000;0.0000 
314.1177133000001;0.2237;0.0000;0.0438 
314.16627620000145;0.2237;0.0000;1.4614 
314.2134892000013;0.2237;0.0000;-0.1107 
314.2617953000008;0.4474;0.0000;0.0438 
314.3096194000009;0.0000;0.0000;-0.0669 
314.3580793000001;0.0000;0.0000;0.1545 
314.40569400000095;0.2237;0.0000;0.0000 
314.4694521000001;0.2237;0.0000;-0.1107 
314.51749050000035;0.0000;0.0000;-0.1107 
314.56538700000056;0.2237;0.0000;0.1545 
314.6134703000007;0.0000;0.0000;-0.2652 
314.6614999000012;0.0000;0.0000;0.3090 
314.709565000001;0.0000;0.0000;0.1545 
314.75767220000125;0.2237;0.0000;0.1545 
314.80563430000075;0.0000;0.0000;-0.1107 
314.8535206000015;0.0000;0.0000;-1.1085 
314.9016723000004;0.0000;0.0000;0.0000 
314.9497425999998;0.2237;0.0000;0.1545 
314.9975964000005;0.2237;0.0000;-0.2652 
315.04580840000017;0.0000;0.0000;-0.1107 
315.09379720000106;0.2237;0.0000;0.0000 
315.1421530000007;0.0000;0.0000;-0.2652 
315.1897084000011;0.2237;0.0000;0.1545 
315.25347330000113;0.2237;0.0000;-1.6827 
315.3014598000009;0.2237;0.0000;0.0438 
315.34953700000005;0.2237;0.0000;-0.1107 
315.39746580000065;0.0000;0.0000;0.0438 
315.44575650000115;0.0000;0.0000;1.7266 
315.4935310000001;0.2237;0.0000;0.0000 
315.54156310000144;0.0000;0.0000;0.0438 
315.5897136000003;0.0000;0.0000;0.0000 
315.6378326000013;0.0000;0.0000;0.3090 
315.68560380000054;0.2237;0.0000;0.0000 
315.7336172000014;0.2237;0.0000;0.0438 
315.7816684999998;0.0000;0.0000;-0.1107 
315.8296922999998;0.0000;0.0000;0.0000 
315.877655100001;0.0000;0.0000;1.5721 
315.92583540000123;0.0000;0.0000;0.3090 
315.9737531999999;0.0000;0.0000;-0.1545 
316.02178900000035;0.4474;0.0000;0.1545 
316.0697121000012;0.0000;0.0000;0.0877 
316.13344900000084;0.2237;0.0000;0.1545 
316.18153600000005;-0.2237;0.0000;-0.2652 
316.22943269999996;0.0000;0.0000;0.1107 
316.2774924000005;0.0000;0.0000;0.0000 
316.32554470000105;0.0000;0.0000;0.1545 
316.3735663000007;0.0000;0.0000;1.7266 
316.42161020000094;0.2237;0.0000;0.0000 
316.4695620000002;0.2237;0.0000;0.0438 
316.5178298999999;0.2237;0.0000;-0.1107 
316.5655912000002;0.2237;0.0000;0.0438 
316.61345600000095;0.2237;0.0000;-0.1107 
316.6620165000004;0.0000;0.0000;-0.2652 
316.70983290000004;0.0000;0.0000;1.5721 
316.75774850000016;0.0000;0.0000;1.4175 
316.8056929000013;-0.2237;0.0000;-1.4175 
316.8694719000014;0.0000;0.0000;0.1107 
316.91744220000146;0.0000;0.0000;0.1545 
316.9654910999998;0.2237;0.0000;0.3090 
317.01346710000144;0.0000;0.0000;-0.2652 
317.06167860000096;-0.4474;0.0000;0.1545 
317.1096199000003;0.0000;0.0000;-1.0417 
317.1576541000013;0.0000;0.0000;-0.1545 
317.20564530000047;-0.2237;0.0000;0.0000 
317.25373860000036;0.2237;0.0000;0.1107 
317.30200200000036;0.0000;0.0000;1.3069 
317.3495062000002;0.2237;0.0000;0.0000 
317.41338630000064;-0.2237;0.0000;1.7704 
317.46164940000017;0.2237;0.0000;0.2652 
317.50962570000047;0.4474;0.0000;-0.1107 
317.55752070000017;0.0000;0.0000;-0.2214 
317.60560369999985;0.0000;0.0000;-1.2630 
317.65369629999987;0.0000;0.0000;0.0000 
317.7016170000006;0.2237;0.0000;0.0000 
317.7496772000013;0.2237;0.0000;-1.3737 
317.79765730000145;0.4474;0.0000;0.0438 
317.84576930000003;0.2237;0.0000;1.1962 
317.89359800000057;0.2237;0.0000;0.0438 
317.94172190000063;0.2237;0.0000;-0.1107 
317.9896591000015;0.0000;0.0000;-0.1107 
318.0376345000004;0.4474;0.0000;1.4175 
318.08556900000076;0.0000;0.0000;-0.2214 
318.1336274000005;0.2237;0.0000;0.0000 
318.18173209999986;0.4474;0.0000;0.0438 
318.22952010000154;0.0000;0.0000;-0.0669 
318.293616500001;0.2237;0.0000;-1.4175 
318.3415210000003;0.0000;0.0000;-0.1107 
318.3895779000013;0.0000;0.0000;0.1545 
318.4375531000005;0.2237;0.0000;-0.1545 
318.48560290000023;0.0000;0.0000;-0.1107 
318.5335726000012;0.2237;0.0000;1.7266 
318.5817567000013;0.0000;0.0000;-0.1107 
318.6295088000006;0.0000;0.0000;-1.1085 
318.6780815000002;-0.4474;0.0000;0.0000 
318.72575289999986;0.0000;0.0000;0.3759 
318.77386130000014;0.2237;0.0000;0.1545 
318.82239630000004;0.2237;0.0000;-0.1107 
318.88540920000014;0.0000;0.0000;0.0438 
318.9333913999999;0.2237;0.0000;1.5721 
318.9813970000014;0.0000;0.0000;-0.1107 
319.0293954000008;0.4474;0.0000;0.0000 
319.0775029000015;0.2237;0.0000;0.0877 
319.1253618999999;0.0000;0.0000;0.1983 
319.1735039000014;0.2237;0.0000;0.4635 
319.2218148000011;0.0000;0.0000;-0.2652 
319.2698228999998;0.2237;0.0000;0.1545 
319.3176346;0.2237;0.0000;-0.1107 
319.36563380000007;0.0000;0.0000;-1.3737 
319.4135513000001;-0.2237;0.0000;0.0000 
319.4773509000006;-0.2237;0.0000;-1.3069 
319.525338200001;0.2237;0.0000;0.1107 
319.5736917000013;0.2237;0.0000;0.0438 
319.62142700000004;0.0000;0.0000;-0.1107 
319.66943060000085;0.4474;0.0000;0.0000 
319.71743890000107;0.2237;0.0000;-0.0669 
319.76543050000146;-0.2237;0.0000;0.0438 
319.81348960000105;0.2237;0.0000;0.1107 
319.8616270000002;0.0000;0.0000;0.0438 
319.90958930000124;0.4474;0.0000;0.0000 
319.9576702000013;0.0000;0.0000;-1.6389 
320.0062071000011;0.4474;0.0000;1.5721 
320.0536935;0.0000;0.0000;-0.0669 
320.1017188000005;0.0000;0.0000;-0.1545 
320.1654619000001;0.2237;0.0000;-0.1545 
320.2133494999998;0.2237;0.0000;-0.1107 
320.261594900001;0.0000;0.0000;0.0438 
320.3094551000013;0.2237;0.0000;-1.1085 
320.35753360000126;0.4474;0.0000;0.0438 
320.40548579999995;0.0000;0.0000;-0.2214 
320.4534938000015;0.0000;0.0000;0.3090 
320.5015861000011;0.0000;0.0000;0.1545 
320.5495281000003;0.2237;0.0000;-1.5721 
320.59767079999983;0.0000;0.0000;0.0438 
320.6457379000003;0.2237;0.0000;1.7266 
320.6936495000009;-0.2237;0.0000;0.0438 
320.74207490000117;-0.2237;0.0000;0.2652 
320.8054224000007;0.2237;0.0000;0.1107 
320.8534722000004;-0.2237;0.0000;-0.1107 
320.90157200000067;0.2237;0.0000;0.4197 
320.94965670000056;-0.2237;0.0000;0.0438 
320.99752100000114;0.2237;0.0000;0.1107 
321.04571900000155;0.0000;0.0000;-0.1107 
321.09350240000094;0.0000;0.0000;0.1545 
321.14172360000157;-0.2237;0.0000;0.0000 
321.1896351000014;0.0000;0.0000;0.1107 
321.2376514000007;0.2237;0.0000;0.0000 
321.28574389999994;0.2237;0.0000;0.0438 
321.33394380000027;0.0000;0.0000;-1.6827 
321.3816205000003;0.0000;0.0000;0.0000 
321.43000610000126;0.0000;0.0000;0.1545 
321.493449900001;0.4474;0.0000;-0.1545 
321.5414470000014;-0.2237;0.0000;-0.2214 
321.58955100000094;-0.2237;0.0000;0.1107 
321.63770840000143;0.4474;0.0000;0.1107 
321.68569639999987;-0.2237;0.0000;-0.0669 
321.7336933000006;0.0000;0.0000;0.4197 
321.78167060000123;0.0000;0.0000;0.0000 
321.82978730000104;0.0000;0.0000;1.5721 
321.87767540000095;0.0000;0.0000;0.1545 
321.9256344000005;0.0000;0.0000;1.7266 
321.98946980000073;0.0000;0.0000;-1.5721 
322.0375191000003;0.2237;0.0000;0.0000 
322.0853738000005;0.2237;0.0000;0.0438 
322.1335358000015;-0.2237;0.0000;-0.1107 
322.1815698999999;0.2237;0.0000;1.5282 
322.2295270000013;0.2237;0.0000;-0.1107 
322.2777063000012;0.2237;0.0000;-0.1107 
322.3255672000014;0.2237;0.0000;0.0438 
322.37361800000144;0.2237;0.0000;-0.1107 
322.42169580000154;0.0000;0.0000;-0.1107 
322.4696113000009;0.2237;0.0000;0.0000 
322.5177061000013;0.2237;0.0000;0.0438 
322.5657461999999;0.2237;0.0000;-0.1107 
322.6134710000006;0.4474;0.0000;0.1983 
322.66183920000003;0.2237;0.0000;-0.0669 
322.7254494000008;0.0000;0.0000;-0.1107 
322.77364430000125;0.0000;0.0000;0.1545 
322.8220188000014;0.2237;0.0000;0.3090 
322.869412;0.2237;0.0000;1.3069 
322.9175610000002;-0.6711;0.0000;-0.2652 
322.9656434000008;0.0000;0.0000;0.4866 
323.0135964000001;0.0000;0.0000;0.1545 
323.0616519000014;0.2237;0.0000;0.1545 
323.10965470000156;0.2237;0.0000;-0.1107 
323.15763590000097;0.2237;0.0000;0.0438 
323.2057689000012;0.0000;0.0000;-0.1107 
323.2544486000006;0.2237;0.0000;0.1545 
323.30175130000134;0.0000;0.0000;1.3069 
323.3496988000006;0.4474;0.0000;0.0000 
323.4133038;0.0000;0.0000;-0.3759 
323.4613543000014;0.2237;0.0000;0.3090 
323.5094588000011;0.4474;0.0000;0.1983 
323.5574561000012;0.0000;0.0000;-0.2214 
323.6056263999999;0.2237;0.0000;0.1545 
323.65351550000014;0.2237;0.0000;0.1983 
323.7017949000001;-0.2237;0.0000;1.4614 
323.74983150000116;0.4474;0.0000;0.1107 
323.7975545999998;0.4474;0.0000;-0.2214 
323.8457631000001;0.4474;0.0000;0.0877 
323.89368230000036;0.0000;0.0000;-1.4844 
323.94159130000116;-0.8948;0.0000;0.1545 
323.98975020000034;0.4474;0.0000;0.4427 
324.0376645000015;0.4474;0.0000;-0.0669 
324.0859171000011;0.4474;0.0000;-0.0669 
324.14942040000096;0.2237;0.0000;-0.0669 
324.1973310000012;0.2237;0.0000;-1.5282 
324.2456273000007;0.4474;0.0000;0.1983 
324.293381200001;0.0000;0.0000;-1.6389 
324.34195610000097;0.0000;0.0000;0.0000 
324.3895794;0.4474;0.0000;0.3090 
324.4374473000007;0.2237;0.0000;-0.2214 
324.48554850000073;0.2237;0.0000;0.0438 
324.53354949999994;0.0000;0.0000;-0.1107 
324.58139889999984;0.2237;0.0000;0.1545 
324.6295166;0.2237;0.0000;-0.1107 
324.6775398000009;0.0000;0.0000;-0.1107 
324.7255395000011;0.2237;0.0000;0.1545 
324.77367480000066;0.2237;0.0000;0.0438 
324.8216272000009;0.0000;0.0000;0.0438 
324.86975789999997;0.2237;0.0000;0.0000 
324.9175544999998;0.2237;0.0000;0.0438 
324.9657717000009;0.0000;0.0000;-1.5282 
325.01381870000114;-0.2237;0.0000;0.1545 
325.0773523000007;-0.2237;0.0000;0.1107 
325.12545910000154;-0.2237;0.0000;0.1107 
325.1734460000007;-0.2237;0.0000;0.2652 
325.22153740000067;0.4474;0.0000;0.2652 
325.26956490000157;0.2237;0.0000;0.0877 
325.3177114000009;0.4474;0.0000;0.3529 
325.36556870000095;0.2237;0.0000;0.3967 
325.41357849999986;0.2237;0.0000;1.6159 
325.46173550000094;0.2237;0.0000;-1.2192 
325.50970580000103;0.4474;0.0000;0.5074 
325.5575731000008;0.0000;0.0000;1.1962 
325.6213234000006;0.0000;0.0000;1.2630 
325.66928499999995;0.0000;0.0000;0.1545 
325.7176209999998;0.2237;0.0000;0.1545 
325.7655614000014;0.0000;0.0000;0.0438 
325.81340400000045;0.2237;0.0000;1.4175 
325.86198420000073;0.2237;0.0000;0.1983 
325.9095673000011;0.0000;0.0000;0.0438 
325.9576291000012;0.0000;0.0000;0.1545 
326.00557300000037;-0.2237;0.0000;0.1545 
326.0536391000005;0.2237;0.0000;0.2652 
326.1016115000002;0.2237;0.0000;-0.1107 
326.1497667000003;0.6711;0.0000;0.0438 
326.1977913999999;0.4474;0.0000;-0.3320 
326.2455063000016;0.0000;0.0000;-0.2214 
326.30942810000124;0.0000;0.0000;-0.1545 
326.35765750000064;0.2237;0.0000;-0.1545 
326.40547570000126;0.2237;0.0000;0.0438 
326.4535446000009;0.0000;0.0000;-0.1107 
326.5014898999998;0.2237;0.0000;0.0000 
326.5495735000004;0.0000;0.0000;1.3069 
326.59757490000084;0.0000;0.0000;0.1545 
326.6457349000011;-0.2237;0.0000;0.0000 
326.69344550000096;0.2237;0.0000;0.1107 
326.74150120000013;0.4474;0.0000;0.0438 
326.78962690000117;0.2237;0.0000;-0.2214 
326.8374764;0.2237;0.0000;-0.2652 
326.8856900999999;-0.2237;0.0000;-0.1107 
326.94931069999984;0.2237;0.0000;0.1107 
326.9975196000014;-0.2237;0.0000;-0.2652 
327.04554290000124;0.2237;0.0000;1.5282 
327.0936115000004;0.2237;0.0000;-0.1107 
327.14165070000126;0.0000;0.0000;-0.2652 
327.1897050000007;-0.2237;0.0000;0.0000 
327.23747490000096;0.2237;0.0000;0.1107 
327.28564069999993;0.0000;0.0000;1.1524 
327.33372410000084;0.6711;0.0000;0.0000 
327.38158170000133;0.4474;0.0000;-1.5951 
327.44539780000014;0.4474;0.0000;-0.2214 
327.4934181000008;0.0000;0.0000;-0.2214 
327.5414114000014;0.2237;0.0000;0.0000 
327.5894594000001;-0.2237;0.0000;-0.1107 
327.63753350000115;0.2237;0.0000;0.2652 
327.6856615000015;0.0000;0.0000;0.0438 
327.7334808000014;0.0000;0.0000;0.3090 
327.7816407999999;0.0000;0.0000;-1.4175 
327.82953700000144;0.4474;0.0000;0.1545 
327.8775731000005;0.2237;0.0000;-0.2214 
327.92555470000116;0.2237;0.0000;0.1983 
327.9735352000007;0.2237;0.0000;0.1983 
328.02161890000025;0.4474;0.0000;0.0438 
328.06963180000093;0.0000;0.0000;-0.0669 
328.1178968000004;0.0000;0.0000;1.2630 
328.18134850000024;0.0000;0.0000;1.5721 
328.22938910000084;0.2237;0.0000;-1.1085 
328.27745010000035;0.0000;0.0000;0.1983 
328.32550150000134;0.2237;0.0000;0.3090 
328.3737454000002;-0.2237;0.0000;-0.1107 
328.4216970000016;0.0000;0.0000;0.1107 
328.46958070000073;-0.6711;0.0000;0.1545 
328.5178097000007;0.2237;0.0000;0.3320 
328.565540900001;0.0000;0.0000;-0.1107 
328.6135114000008;0.0000;0.0000;1.5721 
328.6618644000009;0.2237;0.0000;0.0000 
328.7096268000005;0.0000;0.0000;0.1983 
328.75774150000143;0.4474;0.0000;0.3090 
328.8213659000012;0.4474;0.0000;-1.6389 
328.8694298999999;0.0000;0.0000;-0.2214 
328.91748800000096;0.0000;0.0000;0.1545 
328.96545160000096;0.2237;0.0000;0.4635 
329.01350420000017;0.2237;0.0000;0.0438 
329.0615742000009;-0.2237;0.0000;-0.1107 
329.10952650000036;0.2237;0.0000;0.4197 
329.15768430000026;-0.2237;0.0000;1.4614 
329.2056416000014;-0.2237;0.0000;0.1107 
329.2536347000005;0.4474;0.0000;0.1107 
329.30170200000066;0.2237;0.0000;-0.2214 
329.36547710000013;0.2237;0.0000;-1.6827 
329.41342260000056;0.4474;0.0000;1.4614 
329.4615891000012;-0.2237;0.0000;-0.0669 
329.509635800001;0.2237;0.0000;0.5742 
329.5575359000013;0.0000;0.0000;0.0438 
329.6054099000012;0.0000;0.0000;-1.1085 
329.65357890000087;0.0000;0.0000;0.1545 
329.7015175000015;0.2237;0.0000;0.1545 
329.7495280000003;0.0000;0.0000;-0.1107 
329.79752010000084;0.2237;0.0000;0.0000 
329.84579699999995;0.4474;0.0000;-0.1107 
329.89351380000153;0.0000;0.0000;-0.0669 
329.94157000000087;0.2237;0.0000;0.0000 
329.9898616999999;0.4474;0.0000;0.0438 
330.0534602000007;0.2237;0.0000;-0.0669 
330.1014272000011;-0.2237;0.0000;-1.3737 
330.14946450000025;0.0000;0.0000;0.2652 
330.1974906000014;0.0000;0.0000;0.0000 
330.2454753000002;0.0000;0.0000;1.5721 
330.29349;0.2237;0.0000;0.1545 
330.3415173000012;0.2237;0.0000;-0.1107 
330.3895373000014;0.2237;0.0000;-0.1107 
330.4378376000004;0.2237;0.0000;-0.1107 
330.48549190000085;0.0000;0.0000;-1.3737 
330.53352710000036;0.4474;0.0000;1.5721 
330.58168750000004;0.2237;0.0000;-0.0669 
330.6453790000014;0.0000;0.0000;-0.2652 
330.69334810000146;0.0000;0.0000;1.4175 
330.7414306999999;0.0000;0.0000;0.1545 
330.7894202000007;0.2237;0.0000;0.0000 
330.8373405000002;0.2237;0.0000;0.0438 
330.8853973000005;0.2237;0.0000;-0.1107 
330.93355130000054;-0.2237;0.0000;-1.5282 
330.98169320000125;-0.4474;0.0000;1.6827 
331.0295952000015;0.4474;0.0000;-1.0417 
331.07782960000077;0.2237;0.0000;1.1962 
331.12571280000157;0.2237;0.0000;0.0438 
331.1735417;0.4474;0.0000;-0.1107 
331.22215680000045;0.2237;0.0000;-0.2214 
331.2852717000005;0.0000;0.0000;-0.1107 
331.33341330000076;0.4474;0.0000;-1.1085 
331.3814892999999;0.2237;0.0000;-0.0669 
331.42943620000005;0.2237;0.0000;-0.1107 
331.47752180000134;0.2237;0.0000;0.0438 
331.5255264000007;0.2237;0.0000;-0.1107 
331.5734723000005;0.2237;0.0000;-0.1107 
331.6216791000006;0.0000;0.0000;0.1983 
331.6696197000001;0.0000;0.0000;-1.2630 
331.71754350000083;0.4474;0.0000;1.4175 
331.76562790000025;0.0000;0.0000;0.0877 
331.813673300001;0.0000;0.0000;0.1545 
331.8619781000016;0.0000;0.0000;1.7266 
331.90983720000077;0.4474;0.0000;-1.2630 
331.9735105;-0.2237;0.0000;-0.0669 
332.0216780999999;0.2237;0.0000;-1.1524 
332.06956720000017;0.2237;0.0000;-0.1107 
332.1175170000006;0.2237;0.0000;-1.5282 
332.1654905000014;0.0000;0.0000;0.0438 
332.213512100001;0.2237;0.0000;0.0000 
332.26152640000146;0.0000;0.0000;1.4614 
332.3095779000014;0.6711;0.0000;0.1545 
332.3576223;0.0000;0.0000;-0.0230 
332.4057694000003;0.2237;0.0000;0.0000 
332.45422450000115;0.4474;0.0000;0.0438 
332.50160160000087;0.0000;0.0000;-0.2214 
332.54973490000157;-0.6711;0.0000;0.1545 
332.5977016000015;0.0000;0.0000;0.3320 
332.6457233000001;0.2237;0.0000;0.0000 
332.70980410000084;0.2237;0.0000;-1.3737 
332.75745460000144;0.0000;0.0000;-1.3737 
332.80545770000026;0.0000;0.0000;0.1545 
332.8535257000003;0.0000;0.0000;0.1545 
332.90161720000106;0.2237;0.0000;0.3090 
332.9495759000001;0.0000;0.0000;-0.2652 
332.99770400000125;0.2237;0.0000;1.5721 
333.04537260000143;0.0000;0.0000;0.1983 
333.09366410000075;0.0000;0.0000;-0.1545 
333.14167570000063;0.0000;0.0000;0.1545 
333.1897675;0.4474;0.0000;1.5721 
333.2533990000011;0.0000;0.0000;1.0417 
333.30154070000026;0.2237;0.0000;0.0000 
333.3494257000002;0.2237;0.0000;-0.1107 
333.3974779;0.2237;0.0000;0.0438 
333.4455859999998;0.2237;0.0000;-1.5282 
333.4934592999998;0.2237;0.0000;0.0438 
333.5414869000015;0.0000;0.0000;0.0438 
333.58962880000036;0.2237;0.0000;-1.4175 
333.63802140000007;0.2237;0.0000;-0.1107 
333.6854621000002;0.2237;0.0000;0.0438 
333.7336219000008;0.4474;0.0000;-0.1107 
333.78161510000064;0.2237;0.0000;-0.2214 
333.82953290000114;0.0000;0.0000;-0.1107 
333.8776018000008;0.2237;0.0000;0.1545 
333.92557130000023;0.0000;0.0000;-0.1107 
333.9736958000012;0.0000;0.0000;0.0000 
334.0216268000004;0.2237;0.0000;0.3090 
334.0696183;0.2237;0.0000;-1.5282 
334.1177924000003;0.4474;0.0000;0.0438 
334.1655638000011;0.0000;0.0000;0.0877 
334.2294355000013;0.2237;0.0000;-0.1545 
334.2774352000015;0.2237;0.0000;-0.1107 
334.3254477999999;0.0000;0.0000;-0.1107 
334.37349450000147;0.0000;0.0000;-0.1545 
334.42163990000154;0.2237;0.0000;0.1545 
334.4695087;0.4474;0.0000;-0.1107 
334.51749440000094;0.2237;0.0000;-0.2214 
334.56558920000134;0.0000;0.0000;-1.2192 
334.61338050000086;0.2237;0.0000;-1.4175 
334.66212930000074;-0.4474;0.0000;0.1983 
334.70984280000084;0.2237;0.0000;0.5304 
334.7577091000003;0.0000;0.0000;-1.6827 
334.82230730000083;-0.2237;0.0000;1.2630 
334.8696232000002;0.4474;0.0000;0.1107 
334.91751060000024;0.0000;0.0000;-0.0669 
334.9656885000004;0.8948;0.0000;0.1545 
335.0133998000001;0.0000;0.0000;-0.1337 
335.0617974000015;0.0000;0.0000;0.1545 
335.1095608000014;0.2237;0.0000;0.1545 
335.15737640000043;0.0000;0.0000;-0.1107 
335.20616960000007;0.0000;0.0000;0.1545 
335.25373020000006;0.0000;0.0000;0.1545 
335.3016496;0.4474;0.0000;0.1545 
335.34970800000156;0.0000;0.0000;-0.0669 
335.3976244000005;0.0000;0.0000;0.3090 
335.46140130000094;0.2237;0.0000;0.1545 
335.50950139999986;0.0000;0.0000;-0.2652 
335.55760499999997;0.4474;0.0000;1.4175 
335.60557810000137;0.4474;0.0000;-0.2214 
335.6534919000005;0.2237;0.0000;-0.2214 
335.70141140000123;0.2237;0.0000;-0.1107 
335.74957350000113;-0.2237;0.0000;-0.1107 
335.7976776000014;0.2237;0.0000;1.8372 
335.8455657000013;0.4474;0.0000;0.0438 
335.89365160000125;0.4474;0.0000;-0.2214 
335.94165880000037;0.2237;0.0000;-0.0669 
336.0053869000003;-0.2237;0.0000;-0.2652 
336.05338140000094;0.0000;0.0000;1.5282 
336.10145550000016;0.2237;0.0000;0.1545 
336.14960820000124;0.2237;0.0000;0.0438 
336.19748919999984;0.0000;0.0000;0.0438 
336.24583500000153;0.2237;0.0000;0.0000 
336.2936797000002;0.2237;0.0000;-0.1107 
336.3416593000002;0.0000;0.0000;0.0438 
336.3896478000006;0.0000;0.0000;0.1545 
336.4374660000012;0.0000;0.0000;0.1545 
336.48565190000045;0.0000;0.0000;0.0000 
336.53363530000024;0.2237;0.0000;0.0000 
336.58196510000016;0.4474;0.0000;0.0438 
336.6294108000002;0.0000;0.0000;-0.2214 
336.67759170000136;0.4474;0.0000;0.3090 
336.7256447;0.0000;0.0000;-0.0669 
336.77358210000057;0.2237;0.0000;0.1545 
336.8373399000011;-0.2237;0.0000;-0.1107 
336.88536750000094;0.2237;0.0000;0.1107 
336.93351880000046;0.4474;0.0000;-0.1107 
336.9815290000006;0.2237;0.0000;0.0877 
337.0298176000015;0.2237;0.0000;-0.1107 
337.07760600000074;0.0000;0.0000;-0.1107 
337.12547450000056;0.2237;0.0000;0.0000 
337.1736696000007;0.0000;0.0000;0.0438 
337.2214408;0.4474;0.0000;-1.1085 
337.26948340000126;0.2237;0.0000;-1.3299 
337.31759710000006;0.2237;0.0000;-1.5282 
337.36562720000074;0.4474;0.0000;-0.1107 
337.4134052999998;0.0000;0.0000;-0.2214 
337.4618057000007;0.0000;0.0000;0.3090 
337.52540469999985;0.2237;0.0000;-0.1545 
337.5736003000002;0.0000;0.0000;0.0438 
337.62135500000113;0.2237;0.0000;0.0000 
337.66950200000065;0.0000;0.0000;-0.1107 
337.7175834999998;0.2237;0.0000;0.0000 
337.7654315;0.2237;0.0000;1.3069 
337.81338940000023;-0.2237;0.0000;1.4614 
337.86166910000065;-0.2237;0.0000;-0.0438 
337.90957549999985;0.4474;0.0000;0.2652 
337.9575316999999;-0.2237;0.0000;0.0877 
338.005659800001;0.0000;0.0000;-0.0438 
338.0538309000003;0.2237;0.0000;0.0000 
338.11740370000007;-0.2237;0.0000;0.0438 
338.1655683000008;0.2237;0.0000;0.1107 
338.2133869999998;0.0000;0.0000;-0.1107 
338.26140860000123;0.0000;0.0000;0.0000 
338.3095694000003;0.2237;0.0000;-0.1545 
338.35748030000104;0.2237;0.0000;0.0438 
338.40554300000076;0.0000;0.0000;0.1983 
338.4534366000007;-0.2237;0.0000;0.0000 
338.5013919000012;0.4474;0.0000;0.1107 
338.5495819000007;0.2237;0.0000;0.0877 
338.5976494000006;0.2237;0.0000;-0.1107 
338.6456388000006;-0.2237;0.0000;1.4614 
338.69374510000125;0.0000;0.0000;0.5742 
338.7416521000014;0.2237;0.0000;0.1545 
338.78971530000126;0.2237;0.0000;1.4614 
338.8532859000006;0.2237;0.0000;-1.2192 
338.9014188000001;0.2237;0.0000;-0.1107 
338.9495327000004;-0.2237;0.0000;0.0438 
338.99739220000083;0.2237;0.0000;-0.0438 
339.04563920000146;0.2237;0.0000;1.3069 
339.0935365000005;0.2237;0.0000;-1.3737 
339.1413826000007;0.0000;0.0000;-0.1107 
339.18948210000053;0.8948;0.0000;0.1545 
339.23764930000107;0.2237;0.0000;-0.2882 
339.28568950000044;0.4474;0.0000;-0.1107 
339.33349500000077;0.2237;0.0000;-1.4844 
339.3818022000014;-0.2237;0.0000;0.0438 
339.4294860000009;-0.2237;0.0000;0.2652 
339.4937976000001;0.4474;0.0000;0.4197 
339.5413987000011;0.2237;0.0000;-1.4844 
339.5894997000014;0.2237;0.0000;-0.1107 
339.63749460000145;0.0000;0.0000;1.4614 
339.6854992000008;0.2237;0.0000;-1.4175 
339.7335444;0.0000;0.0000;0.0438 
339.78144950000024;0.0000;0.0000;1.4175 
339.82953460000135;0.0000;0.0000;0.1545 
339.877830200001;0.0000;0.0000;0.0000 
339.9255186999999;0.2237;0.0000;0.3090 
339.9736560000001;0.4474;0.0000;-0.1107 
340.02161310000156;0.0000;0.0000;0.0877 
340.06985330000134;0.2237;0.0000;0.0000 
340.11769410000124;0.2237;0.0000;-0.1107 
340.16588520000005;0.2237;0.0000;0.0438 
340.22929830000066;-0.2237;0.0000;-0.1107 
340.27742620000026;0.0000;0.0000;1.6827 
340.3254252000006;0.2237;0.0000;-0.1545 
340.37355130000105;0.2237;0.0000;0.1983 
340.42158310000013;0.0000;0.0000;-0.1107 
340.4697731000015;0.2237;0.0000;0.1545 
340.51760230000036;0.2237;0.0000;0.0438 
340.5654580999999;0.0000;0.0000;0.0438 
340.6136144000011;0.2237;0.0000;-1.5721 
340.6615313000002;-0.2237;0.0000;-0.1107 
340.7096522000011;0.2237;0.0000;0.2652 
340.7733450000014;0.4474;0.0000;-0.2652 
340.82140790000085;0.0000;0.0000;-0.3759 
340.86941840000145;0.4474;0.0000;0.1545 
340.9173816000002;0.4474;0.0000;0.0877 
340.96544820000054;0.0000;0.0000;-0.0669 
341.0134218000003;0.0000;0.0000;0.1545 
341.0616254000015;0.0000;0.0000;0.0000 
341.1095337000006;0.4474;0.0000;0.0000 
341.15768280000157;0.0000;0.0000;-0.0669 
341.2056102000006;0.2237;0.0000;0.3090 
341.25348060000033;0.2237;0.0000;0.0438 
341.301583800001;0.6711;0.0000;-0.2652 
341.3497853000008;0.0000;0.0000;-0.1775 
341.3978302000014;0.2237;0.0000;0.0000 
341.4454966000012;0.2237;0.0000;-0.1107 
341.4937847000001;0.0000;0.0000;0.0438 
341.5573966000011;0.0000;0.0000;0.0000 
341.605489900001;0.2237;0.0000;0.1545 
341.65339870000025;0.2237;0.0000;0.0438 
341.7014082000005;-0.2237;0.0000;0.1983 
341.7494781000005;0.0000;0.0000;0.4197 
341.7974713000003;0.0000;0.0000;0.0000 
341.84542970000075;0.6711;0.0000;0.1545 
341.8935190000011;0.2237;0.0000;-0.3320 
341.94157050000103;0.2237;0.0000;-0.1107 
341.9896914000001;0.0000;0.0000;-0.1107 
342.037641500001;0.2237;0.0000;1.4175 
342.0856918999998;0.2237;0.0000;-0.2652 
342.1337693000005;0.2237;0.0000;-0.2652 
342.19728080000095;-0.2237;0.0000;-0.1107 
342.24546139999984;0.0000;0.0000;0.2652 
342.29323920000024;0.0000;0.0000;-1.2630 
342.3415186000002;0.2237;0.0000;-0.1545 
342.3894388000008;0.0000;0.0000;0.1983 
342.43755860000056;0.0000;0.0000;0.0000 
342.48555769999984;0.2237;0.0000;0.1545 
342.53350300000056;0.0000;0.0000;-0.2652 
342.58149670000057;0.0000;0.0000;0.0000 
342.62960139999996;0.2237;0.0000;0.0000 
342.67769190000035;0.4474;0.0000;-0.2652 
342.72575830000096;0.0000;0.0000;-0.2214 
342.77347420000115;0.2237;0.0000;1.7266 
342.82165630000054;0.2237;0.0000;0.0438 
342.8698385000007;0.2237;0.0000;0.0438 
342.93336740000086;0.0000;0.0000;-0.1107 
342.9813791000015;-0.2237;0.0000;0.0000 
343.0294171000005;0.0000;0.0000;0.1107 
343.07737070000076;0.0000;0.0000;0.0000 
343.1253706000007;0.2237;0.0000;0.1545 
343.1734135000006;0.0000;0.0000;-0.2652 
343.22152749999987;0.0000;0.0000;-0.1545 
343.26966750000065;0.0000;0.0000;0.1545 
343.3175346000007;0.0000;0.0000;0.1545 
343.3655219000011;0.2237;0.0000;0.3090 
343.41359230000126;0.2237;0.0000;0.0438 
343.46209460000136;0.4474;0.0000;-0.1107 
343.50962210000034;0.2237;0.0000;-0.0669 
343.55758140000034;0.2237;0.0000;1.1524 
343.6214164000012;0.0000;0.0000;-0.1107 
343.6693798000015;0.2237;0.0000;-1.1085 
343.717415000001;0.2237;0.0000;0.0438 
343.7653430999999;0.0000;0.0000;1.4614 
343.8134198000007;0.2237;0.0000;0.0000 
343.86168590000125;0.0000;0.0000;-0.1107 
343.9094916000013;-0.2237;0.0000;0.0000 
343.9575906000009;0.0000;0.0000;0.4197 
344.0057198000013;0.0000;0.0000;-0.1545 
344.0536355000004;0.0000;0.0000;0.1545 
344.101628800001;0.0000;0.0000;-0.1545 
344.1497478000001;0.2237;0.0000;0.0000 
344.2133191000012;0.0000;0.0000;-0.1107 
344.2613001000009;0.0000;0.0000;0.0000 
344.3092762000015;0.2237;0.0000;0.1545 
344.3575376000008;0.4474;0.0000;-1.5282 
344.4053595000005;0.2237;0.0000;-0.2214 
344.45342979999987;0.0000;0.0000;0.0438 
344.5014540000011;0.0000;0.0000;0.1545 
344.54945399999997;0.4474;0.0000;0.0000 
344.59747659999994;0.4474;0.0000;-0.0669 
344.6458489000015;-0.4474;0.0000;-0.2214 
344.6936084000008;0.0000;0.0000;0.3759 
344.7418576;0.2237;0.0000;0.0000 
344.7896982000002;-0.2237;0.0000;-0.1107 
344.83765380000114;0.2237;0.0000;-1.1524 
344.88562360000105;0.2237;0.0000;0.1983 
344.94935740000074;0.2237;0.0000;-0.2652 
344.9973105000008;0.0000;0.0000;0.0438 
345.0453484000009;0.0000;0.0000;-1.2630 
345.0934268000001;0.2237;0.0000;0.1545 
345.1414596000013;0.2237;0.0000;-0.1107 
345.1895177000006;0.2237;0.0000;0.0438 
345.2375243000006;0.2237;0.0000;0.0438 
345.2855639999998;0.2237;0.0000;-0.1107 
345.3333996000001;0.2237;0.0000;1.3069 
345.38134900000114;0.2237;0.0000;0.0438 
345.4298050000016;0.0000;0.0000;-0.1107 
345.4774290000005;-0.2237;0.0000;0.0000 
345.525523100001;0.0000;0.0000;-1.3069 
345.57361990000027;0.4474;0.0000;0.1545 
345.6216054000015;0.2237;0.0000;-0.0669 
345.6853179000009;0.0000;0.0000;-0.2652 
345.73338909999984;0.0000;0.0000;0.1545 
345.7814967000013;0.2237;0.0000;-0.1545 
345.8293534000004;0.0000;0.0000;-0.1107 
345.87755460000153;0.2237;0.0000;0.1545 
345.9255856;0.4474;0.0000;-0.1107 
345.9734838000004;0.2237;0.0000;1.1962 
346.02167030000055;0.2237;0.0000;-0.1107 
346.0696638999998;0.4474;0.0000;-0.2652 
346.11793300000136;-0.2237;0.0000;-0.3759 
346.1813159000012;0.4474;0.0000;0.1107 
346.22997140000007;0.2237;0.0000;-0.0669 
346.27731420000055;0.2237;0.0000;0.0438 
346.3255149000015;0.4474;0.0000;1.4614 
346.37342460000036;0.2237;0.0000;-0.0669 
346.4214193000007;0.0000;0.0000;0.0438 
346.4697128000007;0.4474;0.0000;0.0000 
346.5174889000009;0.4474;0.0000;0.0877 
346.5655465;0.0000;0.0000;-0.3759 
346.61349470000096;0.0000;0.0000;0.0000 
346.6619910999998;-0.2237;0.0000;0.3090 
346.7093663000014;0.2237;0.0000;-1.1524 
346.7576887000014;0.4474;0.0000;-1.3737 
346.8056910000014;0.0000;0.0000;-1.6389 
346.85375569999997;0.4474;0.0000;0.1545 
346.9017133000016;0.2237;0.0000;-0.0669 
346.9497343000003;0.4474;0.0000;-0.1107 
347.0132741000016;0.0000;0.0000;-0.5304 
347.061443300001;-0.2237;0.0000;0.1545 
347.1093970000002;0.2237;0.0000;0.2652 
347.1574517000008;0.2237;0.0000;1.1524 
347.2055115000003;0.0000;0.0000;-0.2652 
347.2536443000008;0.2237;0.0000;0.0000 
347.3016081000005;-0.2237;0.0000;-0.1107 
347.3496518000011;0.2237;0.0000;0.2652 
347.39805380000143;0.0000;0.0000;-1.3737 
347.4454473000005;0.4474;0.0000;0.3090 
347.49375390000023;0.2237;0.0000;-0.2214 
347.55732660000103;0.4474;0.0000;-0.2652 
347.60539560000143;0.0000;0.0000;-0.0669 
347.65365740000016;0.0000;0.0000;0.3090 
347.70145740000044;0.0000;0.0000;0.0000 
347.74945970000044;0.2237;0.0000;0.1545 
347.79759900000136;-0.2237;0.0000;-1.5282 
347.84538050000083;0.0000;0.0000;1.9918 
347.89371089999986;0.0000;0.0000;1.7266 
347.9416450000008;0.0000;0.0000;0.0000 
347.98977840000043;0.2237;0.0000;1.7266 
348.03756760000033;0.2237;0.0000;1.4614 
348.0856995000013;0.0000;0.0000;1.3069 
348.1336659000008;0.2237;0.0000;0.1545 
348.19736320000084;-0.2237;0.0000;-0.2652 
348.2453557000008;0.2237;0.0000;-0.0438 
348.2934849000012;0.4474;0.0000;-0.1107 
348.3419135000004;0.2237;0.0000;-0.0669 
348.38980410000113;0.0000;0.0000;-1.3737 
348.4376398000004;0.6711;0.0000;0.1545 
348.4858027999999;0.0000;0.0000;-0.3320 
348.53354600000057;0.4474;0.0000;0.0000 
348.5816509000015;0.0000;0.0000;-0.2214 
348.6294990000006;0.0000;0.0000;0.0000 
348.6778198000011;0.2237;0.0000;0.3090 
348.7413968000001;0.2237;0.0000;-0.2652 
348.7893316000009;-0.2237;0.0000;0.1983 
348.8373433000015;0.0000;0.0000;-1.3069 
348.88551069999994;0.2237;0.0000;1.5721 
348.93368510000073;0.2237;0.0000;1.3069 
348.98143190000155;0.0000;0.0000;-1.2192 
349.0295793000005;0.0000;0.0000;1.4175 
349.0776829000006;0.4474;0.0000;0.1545 
349.1255361000003;-0.2237;0.0000;-0.0669 
349.1735083000003;0.0000;0.0000;0.2652 
349.2215836000014;0.0000;0.0000;0.1545 
349.26957850000144;0.4474;0.0000;-1.4175 
349.31747150000047;0.0000;0.0000;0.0877 
349.36564739999994;0.4474;0.0000;-1.4175 
349.4136972000015;0.6711;0.0000;0.0877 
349.4773021000001;0.2237;0.0000;-0.3320 
349.5253670000002;0.4474;0.0000;-0.2652 
349.57333590000053;0.0000;0.0000;-0.0669 
349.6214342000003;0.0000;0.0000;-1.4175 
349.66930350000075;0.2237;0.0000;-1.4175 
349.71743720000086;0.2237;0.0000;-1.3737 
349.76549310000155;0.2237;0.0000;1.6159 
349.8136112000011;-0.2237;0.0000;-0.1107 
349.86213450000105;-0.2237;0.0000;0.4197 
349.9094965000004;0.2237;0.0000;-1.1524 
349.9732133000016;-0.2237;0.0000;-0.1107 
350.0213726000002;0.2237;0.0000;0.1107 
350.06943180000053;0.2237;0.0000;-0.2652 
350.1175561;0.2237;0.0000;-1.3737 
350.16551040000013;0.0000;0.0000;0.1983 
350.2135061000008;0.2237;0.0000;-1.4175 
350.2615904000013;0.0000;0.0000;1.4614 
350.3094622000008;0.0000;0.0000;-1.4175 
350.35738390000006;0.2237;0.0000;0.1545 
350.4056352000007;0.0000;0.0000;-0.1107 
350.4536087000015;0.2237;0.0000;0.1545 
350.5015336000015;0.2237;0.0000;0.0438 
350.54953940000087;0.0000;0.0000;0.1983 
350.59761250000156;0.2237;0.0000;-0.1545 
350.645477;0.0000;0.0000;0.5074 
350.6937175000003;0.2237;0.0000;1.5721 
350.75729820000015;0.2237;0.0000;-0.1107 
350.80537130000084;0.0000;0.0000;-0.1107 
350.8534832000005;0.2237;0.0000;0.0000 
350.90127440000106;0.2237;0.0000;0.0438 
350.9495029000009;0.0000;0.0000;1.4614 
350.9973649000003;0.4474;0.0000;0.1545 
351.04529490000095;-0.2237;0.0000;1.5052 
351.0935373000011;0.2237;0.0000;0.4197 
351.1416481000015;0.0000;0.0000;-0.1107 
351.1894831999998;0.2237;0.0000;0.0000 
351.2375686000014;-0.2237;0.0000;-0.2652 
351.28581490000033;0.2237;0.0000;0.2652 
351.33363180000015;0.0000;0.0000;0.0438 
351.3972853000014;0.0000;0.0000;-0.1545 
351.44522400000096;0.6711;0.0000;0.0000 
351.4933916000009;0.2237;0.0000;-0.3320 
351.54145920000155;0.0000;0.0000;-1.3737 
351.5893786000015;0.4474;0.0000;0.1545 
351.63747160000094;0.2237;0.0000;-0.2214 
351.68546760000027;0.0000;0.0000;-0.2652 
351.7336774000014;0.2237;0.0000;0.4635 
351.7814838000013;0.2237;0.0000;-0.2652 
351.82948770000075;0.2237;0.0000;0.0438 
351.877607800001;0.2237;0.0000;-0.1107 
351.92575620000025;0.0000;0.0000;-1.5282 
351.97365080000054;-0.2237;0.0000;0.1545 
352.03726820000156;0.0000;0.0000;0.1107 
352.0853027000012;0.2237;0.0000;0.1545 
352.1333484000006;0.2237;0.0000;-0.1107 
352.1815277000005;0.4474;0.0000;0.0438 
352.22939490000135;0.0000;0.0000;1.1962 
352.2773680999999;0.4474;0.0000;0.1545 
352.32539200000065;0.0000;0.0000;1.1962 
352.3733460000003;0.2237;0.0000;0.0000 
352.4219524;0.2237;0.0000;-0.1107 
352.4695480999999;0.0000;0.0000;0.0438 
352.5174837000013;0.0000;0.0000;-1.4175 
352.565454900001;0.2237;0.0000;0.1545 
352.61349920000066;0.2237;0.0000;-0.1107 
352.6616804000005;0.2237;0.0000;-1.5282 
352.70957350000026;0.0000;0.0000;0.0438 
352.7576072000011;0.2237;0.0000;0.1545 
352.8054639000002;0.2237;0.0000;0.1983 
352.8535552000012;0.2237;0.0000;-0.1107 
352.90161980000084;0.2237;0.0000;-0.1107 
352.9653066999999;-0.2237;0.0000;-0.1107 
353.01333200000045;0.0000;0.0000;0.1107 
353.0614193000001;0.0000;0.0000;0.0000 
353.1095458;0.2237;0.0000;0.1545 
353.1578404000011;0.2237;0.0000;-0.1107 
353.2054963999999;0.2237;0.0000;-0.1107 
353.2533910000002;0.0000;0.0000;0.0438 
353.30151640000076;0.2237;0.0000;0.1545 
353.34944580000047;0.4474;0.0000;0.0438 
353.3974622000005;0.2237;0.0000;-0.0669 
353.44541110000137;0.0000;0.0000;0.0438 
353.49356350000016;0.2237;0.0000;0.1545 
353.5413771000003;0.4474;0.0000;0.0438 
353.5894079000009;0.0000;0.0000;-0.0669 
353.63743930000055;0.0000;0.0000;0.3090 
353.68555950000155;0.4474;0.0000;0.0000 
353.7336305000008;0.2237;0.0000;-0.0669 
353.7815971;0.0000;0.0000;-0.2652 
353.84535620000133;0.2237;0.0000;0.0000 
353.8932956000008;-0.2237;0.0000;0.1983 
353.94145170000047;0.0000;0.0000;0.2652 
353.9893658000001;0.0000;0.0000;0.1545 
354.0373459000002;0.0000;0.0000;0.1545 
354.0854792000009;0.0000;0.0000;0.3090 
354.13372880000134;0.2237;0.0000;0.0000 
354.1815864;0.2237;0.0000;1.3069 
354.2294775999999;0.2237;0.0000;-0.1107 
354.2775222;-0.2237;0.0000;0.0438 
354.32555540000067;0.4474;0.0000;0.1107 
354.3738873000002;0.0000;0.0000;-0.0669 
354.4215303000001;0.0000;0.0000;-0.1545 
354.4852824999998;0.0000;0.0000;0.1545 
354.53332110000156;0.0000;0.0000;0.3090 
354.5813426000004;0.0000;0.0000;0.1545 
354.6293394000004;0.4474;0.0000;0.3090 
354.67730500000107;0.2237;0.0000;0.0877 
354.7253318000003;0.0000;0.0000;0.0438 
354.77354560000094;0.2237;0.0000;0.3090 
354.8214086000007;0.0000;0.0000;0.1983 
354.8696673000013;0.2237;0.0000;0.1545 
354.9176576000009;0.2237;0.0000;-0.1107 
354.96555330000047;-0.2237;0.0000;0.3529 
355.01384360000156;0.4474;0.0000;0.1107 
355.0615464000002;0.2237;0.0000;-0.0669 
355.1094787000002;0.4474;0.0000;0.0438 
355.1576169;0.2237;0.0000;-0.0669 
355.2212505000007;0.4474;0.0000;-0.1107 
355.2695840000015;0.0000;0.0000;-0.3759 
355.3173979000003;0.2237;0.0000;0.1545 
355.3653912999998;0.2237;0.0000;0.0438 
355.4133300000012;0.0000;0.0000;0.0438 
355.46156560000054;0.2237;0.0000;-1.4175 
355.50935860000027;0.0000;0.0000;0.0438 
355.5573432000001;0.2237;0.0000;0.0000 
355.6054342000007;0.0000;0.0000;0.1983 
355.6534302;0.2237;0.0000;0.0000 
355.7014558999999;0.2237;0.0000;1.4614 
355.7494821;0.0000;0.0000;0.0438 
355.79756869999983;0.6711;0.0000;0.0000 
355.84557080000013;0.0000;0.0000;-0.3320 
355.8935706000011;0.0000;0.0000;-0.1545 
355.9415452000012;0.0000;0.0000;1.5721 
355.98967210000046;0.2237;0.0000;0.3090 
356.0533306000016;0.0000;0.0000;-0.2652 
356.1013367000014;0.4474;0.0000;-1.1085 
356.14946770000097;0.2237;0.0000;-0.2214 
356.1973641000004;0.6711;0.0000;-1.2192 
356.24534889999995;0.0000;0.0000;-0.3320 
356.2938288000005;0.0000;0.0000;0.1545 
356.34152170000016;0.2237;0.0000;-0.1545 
356.38956940000025;0.2237;0.0000;-0.2652 
356.43756270000085;0.2237;0.0000;0.0438 
356.4857327999998;0.2237;0.0000;-0.1107 
356.53336280000076;0.0000;0.0000;-1.2192 
356.58165720000034;0.2237;0.0000;-1.2630 
356.6294333000005;0.2237;0.0000;0.0438 
356.6933661000003;-0.2237;0.0000;1.7704 
356.74133880000045;0.0000;0.0000;-1.1524 
356.7893761000014;0.4474;0.0000;0.1545 
356.83742560000064;0.2237;0.0000;-0.0669 
356.88541260000056;0.2237;0.0000;0.0438 
356.9334047000011;0.2237;0.0000;0.0438 
356.9814700000006;0.2237;0.0000;0.1983 
357.02945920000093;0.0000;0.0000;0.0438 
357.0778123;0.2237;0.0000;0.1545 
357.1255516000001;0.2237;0.0000;-0.2652 
357.1746328999998;0.0000;0.0000;-1.5282 
357.22153100000105;0.2237;0.0000;1.5721 
357.2698109000012;0.2237;0.0000;-0.1107 
357.3177112000012;-0.2237;0.0000;0.1983 
357.38130960000126;0.0000;0.0000;-0.9978 
357.42932199999996;0.2237;0.0000;0.1545 
357.47731490000115;0.2237;0.0000;0.0438 
357.5254158000007;0.4474;0.0000;-1.5282 
357.5735584000013;0.0000;0.0000;-0.2214 
357.6213727000013;0.0000;0.0000;-1.4175 
357.6694865999998;-0.2237;0.0000;0.0000 
357.71734670000114;0.0000;0.0000;1.5282 
357.7654816000013;0.2237;0.0000;0.1545 
357.81339410000146;0.2237;0.0000;-0.2652 
357.86163690000103;0.2237;0.0000;-0.2652 
357.9094762000004;-0.2237;0.0000;1.4614 
357.97328840000046;0.0000;0.0000;0.2652 
358.02142170000116;0.0000;0.0000;0.1545 
358.0693403000005;0.4474;0.0000;0.1545 
358.1175682000012;-0.2237;0.0000;-0.0669 
358.16555719999997;0.2237;0.0000;0.1107 
358.2132977000001;-0.2237;0.0000;0.0438 
358.261483100001;0.2237;0.0000;-0.0438 
358.3096069000003;0.2237;0.0000;0.0438 
358.35739640000065;-0.2237;0.0000;1.4614 
358.4058079000006;0.0000;0.0000;-0.9978 
358.45356530000026;0.0000;0.0000;-1.4175 
358.5014769999998;0.4474;0.0000;0.1545 
358.56531130000076;0.2237;0.0000;1.0417 
358.61335040000085;0.2237;0.0000;1.6159 
358.66135720000057;0.0000;0.0000;0.1983 
358.7093786000005;-0.2237;0.0000;0.0000 
358.7575993999999;0.0000;0.0000;0.1107 
358.8053903;0.2237;0.0000;0.1545 
358.8535385000014;0.2237;0.0000;0.0438 
358.9017022000007;0.0000;0.0000;-1.5282 
358.94945820000066;0.4474;0.0000;0.0000 
358.9974641000008;0.2237;0.0000;-0.0669 
359.045536900001;0.0000;0.0000;-0.1107 
359.09373740000046;0.0000;0.0000;0.1545 
359.14141910000035;0.0000;0.0000;0.0000 
359.1895239000005;0.0000;0.0000;1.7266 
359.23760850000144;0.2237;0.0000;-0.1545 
359.30124200000137;0.2237;0.0000;-0.1107 
359.3492911000012;0.2237;0.0000;-0.2652 
359.3973120999999;0.4474;0.0000;-0.1107 
359.4455742000009;0.2237;0.0000;-0.0669 
359.49340530000154;-0.2237;0.0000;-0.1107 
359.5414688000001;-0.2237;0.0000;0.1107 
359.5897431000012;0.2237;0.0000;0.4197 
359.6375454000008;0.4474;0.0000;-0.1107 
359.6854190000013;0.0000;0.0000;0.0877 
359.7335604;0.0000;0.0000;0.0000 
359.7816104000012;0.2237;0.0000;0.1545 
359.82954940000127;0.2237;0.0000;0.0438 
359.87769370000024;0.2237;0.0000;0.0438 
359.9412067000012;-0.2237;0.0000;-0.1107 
359.9892479000009;0.2237;0.0000;1.5282 
360.03736630000094;-0.2237;0.0000;-0.1107 
360.08537440000146;0.0000;0.0000;0.1107 
360.1334424000015;0.2237;0.0000;0.1545 
360.18140570000105;0.0000;0.0000;0.1983 
360.2296495999999;0.2237;0.0000;0.0000 
360.2775954000008;0.2237;0.0000;0.0438 
360.32550059999994;0.4474;0.0000;-0.1107 
360.37345600000117;0.2237;0.0000;0.0877 
360.4215854000013;-0.2237;0.0000;0.0438 
360.4696791000006;0.2237;0.0000;1.5282 
360.51759520000087;0.2237;0.0000;0.0438 
360.56559600000037;0.2237;0.0000;-0.1107 
360.62951370000155;0.2237;0.0000;-0.1107 
360.6771752000004;0.0000;0.0000;1.4614 
360.7254059000006;0.2237;0.0000;0.1545 
360.77337510000143;0.2237;0.0000;-0.1107 
360.8213665000003;0.0000;0.0000;-0.1107 
360.86942510000154;0.0000;0.0000;0.0000 
360.9174014;-0.2237;0.0000;-1.4175 
360.9653608000008;0.2237;0.0000;0.1107 
361.013493800001;0.0000;0.0000;0.0438 
361.06145580000157;0.2237;0.0000;0.1545 
361.10949750000145;0.0000;0.0000;-0.1107 
361.1574123999999;0.2237;0.0000;0.0000 
361.20554210000046;0.2237;0.0000;0.0438 
361.2536787000008;0.0000;0.0000;1.4614 
361.30154089999996;0.2237;0.0000;0.0000 
361.34952950000115;0.0000;0.0000;-0.1107 
361.3979304000004;-0.2237;0.0000;0.3090 
361.4455933999998;0.0000;0.0000;1.5282 
361.50924900000064;0.4474;0.0000;0.1545 
361.5573671000002;0.6711;0.0000;-0.2214 
361.6053558000003;0.2237;0.0000;-0.3320 
361.65339720000156;0.2237;0.0000;0.0438 
361.70142840000153;0.2237;0.0000;0.0438 
361.74936479999997;0.2237;0.0000;0.0438 
361.7975843000004;0.0000;0.0000;0.0438 
361.84537100000125;0.2237;0.0000;0.0000 
361.8935376999998;0.2237;0.0000;0.0438 
361.9415785000001;0.4474;0.0000;0.1983 
361.9894073000014;-0.6711;0.0000;-0.0669 
362.0375206000008;-0.2237;0.0000;0.3320 
362.0857624;0.4474;0.0000;0.2652 
362.1334285000012;0.4474;0.0000;0.0877 
362.1813682000011;-0.2237;0.0000;0.2422 
362.22938840000097;0.4474;0.0000;-1.1524 
362.2776425000011;0.0000;0.0000;-0.2214 
362.3415634000012;0.0000;0.0000;-1.4175 
362.389431900001;0.2237;0.0000;0.1545 
362.4373207000008;0.0000;0.0000;0.0438 
362.4853092000012;0.0000;0.0000;0.0000 
362.53337009999996;0.2237;0.0000;-0.1545 
362.5813512000004;0.0000;0.0000;-0.1107 
362.6295076000006;0.2237;0.0000;0.3090 
362.6773592999998;0.2237;0.0000;1.4614 
362.72549600000093;0.0000;0.0000;-0.1107 
362.77348970000094;0.2237;0.0000;0.1545 
362.8216762000011;0.2237;0.0000;-0.1107 
362.8695674999999;0.0000;0.0000;-0.1107 
362.9177815000003;0.0000;0.0000;0.0000 
362.96552020000127;0.2237;0.0000;0.1545 
363.0136610999998;0.0000;0.0000;0.0438 
363.06150870000056;-0.2237;0.0000;1.5721 
363.1100924000002;0.0000;0.0000;0.2652 
363.17337080000107;0.2237;0.0000;0.0000 
363.2212491999999;0.4474;0.0000;-1.5282 
363.2696706000006;0.2237;0.0000;-0.0669 
363.3174015000004;0.2237;0.0000;-0.1107 
363.3654373999998;0.0000;0.0000;0.0438 
363.41330259999995;0.0000;0.0000;0.0000 
363.4614056999999;-0.2237;0.0000;0.1545 
363.5094243000003;0.2237;0.0000;0.2652 
363.5574532999999;-0.2237;0.0000;0.1983 
363.6056109000001;0.2237;0.0000;0.1107 
363.6535401000001;0.2237;0.0000;0.1983 
363.701576200001;-0.2237;0.0000;-0.2652 
363.7652353000012;0.2237;0.0000;0.1107 
363.8131977000012;0.2237;0.0000;0.0438 
363.8613427;0.0000;0.0000;0.1983 
363.90932070000053;0.2237;0.0000;0.1545 
363.9574283000002;-0.2237;0.0000;0.0438 
364.0052876999998;0.2237;0.0000;0.4197 
364.0534002000004;0.0000;0.0000;-1.3737 
364.1013842000011;0.2237;0.0000;0.1545 
364.14946580000105;-0.4474;0.0000;1.4614 
364.19777460000114;0.0000;0.0000;1.9479 
364.2453426000011;0.0000;0.0000;0.0000 
364.29361940000126;-0.2237;0.0000;0.0000 
364.34146990000045;0.0000;0.0000;-1.1524 
364.3896257000015;0.2237;0.0000;0.3090 
364.4532454;0.2237;0.0000;-0.1107 
364.5013813000005;0.0000;0.0000;-1.3737 
364.5492868000001;0.0000;0.0000;0.0000 
364.5973360000007;0.2237;0.0000;-1.2630 
364.6454208000014;0.4474;0.0000;-1.3737 
364.6934345999998;0.0000;0.0000;-0.2214 
364.74147860000085;-0.2237;0.0000;0.0000 
364.7894243999999;0.0000;0.0000;0.1107 
364.83746880000035;0.0000;0.0000;0.1545 
364.8856071000009;0.2237;0.0000;0.1545 
364.93344740000066;0.0000;0.0000;0.0438 
364.9814796999999;-0.2237;0.0000;0.1545 
365.02970390000155;0.0000;0.0000;0.1107 
365.0777620000008;0.4474;0.0000;0.0000 
365.12549860000036;0.4474;0.0000;-0.3759 
365.1891996000013;0.2237;0.0000;-0.0669 
365.2372954000002;0.0000;0.0000;-1.5282 
365.2853171000006;0.2237;0.0000;0.1545 
365.33333310000125;-0.2237;0.0000;1.6159 
365.3813671000007;0.0000;0.0000;-1.4614 
365.42939450000085;0.0000;0.0000;0.1545 
365.47741850000057;0.2237;0.0000;0.1545 
365.5253079000013;0.6711;0.0000;-0.1107 
365.57339480000155;0.2237;0.0000;-0.1775 
365.62151710000035;0.2237;0.0000;1.3069 
365.66942890000064;0.0000;0.0000;1.3069 
365.7174122000015;0.4474;0.0000;-1.2630 
365.7655332000013;-0.2237;0.0000;-0.0669 
365.82916900000055;0.4474;0.0000;0.2652 
365.87737950000155;-0.2237;0.0000;-1.7934 
365.9254660000006;0.2237;0.0000;0.2652 
365.97337830000106;0.0000;0.0000;-0.2652 
366.0213410000015;0.2237;0.0000;0.1545 
366.06942359999994;0.2237;0.0000;0.0438 
366.11741210000037;0.0000;0.0000;-0.1107 
366.16543770000135;0.2237;0.0000;-1.2630 
366.21341290000055;0.0000;0.0000;0.0438 
366.26133800000025;0.4474;0.0000;0.1545 
366.30952010000146;0.2237;0.0000;-0.2214 
366.35738610000044;0.2237;0.0000;0.1983 
366.405574800001;0.2237;0.0000;1.1524 
366.46922690000065;0.0000;0.0000;0.0438 
366.51728470000126;0.0000;0.0000;0.3090 
366.5654375000013;-0.2237;0.0000;0.0000 
366.6132804000008;0.0000;0.0000;0.2652 
366.6614105000008;0.0000;0.0000;0.3090 
366.70959250000124;0.2237;0.0000;0.3090 
366.7574863000009;0.2237;0.0000;-0.1107 
366.8052994000009;0.0000;0.0000;1.6159 
366.85346780000145;0.2237;0.0000;0.3090 
366.9014791999998;0.0000;0.0000;0.0438 
366.94935799999985;0.0000;0.0000;0.1545 
366.9973950000003;0.2237;0.0000;0.0000 
367.0456585000011;0.2237;0.0000;0.0438 
367.0934543000003;0.0000;0.0000;0.0438 
367.14149929999985;0.4474;0.0000;1.4175 
367.2051624000014;0.0000;0.0000;-1.6389 
367.25332620000154;0.0000;0.0000;0.1545 
367.3013561000007;0.0000;0.0000;0.0000 
367.34940330000063;0.2237;0.0000;0.3090 
367.39738600000055;-0.2237;0.0000;0.1983 
367.4453000000012;0.4474;0.0000;-0.9978 
367.49349059999986;-0.2237;0.0000;-0.0669 
367.5414978000008;0.2237;0.0000;0.2652 
367.58961330000056;0.0000;0.0000;1.1524 
367.63760790000015;0.0000;0.0000;0.0000 
367.68560010000147;0.4474;0.0000;0.1545 
367.7335884000004;0.2237;0.0000;0.0877 
367.7815922000009;0.4474;0.0000;1.3069 
367.82942490000096;0.2237;0.0000;-0.2214 
367.87734180000007;0.0000;0.0000;0.0438 
367.9412734000016;0.2237;0.0000;-1.2630 
367.9892217000015;0.2237;0.0000;0.0438 
368.03734840000106;0.4474;0.0000;-0.2652 
368.08535740000116;0.0000;0.0000;-1.7934 
368.13343580000037;0.4474;0.0000;0.0000 
368.1813806000009;0.0000;0.0000;-0.2214 
368.2294148000001;0.2237;0.0000;-0.1545 
368.27744540000094;0.2237;0.0000;0.1983 
368.32540190000145;0.0000;0.0000;0.0438 
368.3735781000014;0.2237;0.0000;0.0000 
368.42148270000143;0.2237;0.0000;-0.1107 
368.46952860000056;0.0000;0.0000;0.0438 
368.5176699000003;0.6711;0.0000;0.0000 
368.5813530000014;0.2237;0.0000;-0.0230 
368.62930400000005;0.0000;0.0000;1.1524 
368.6773540000013;0.0000;0.0000;0.0000 
368.72584370000004;0.0000;0.0000;0.3090 
368.7734130000008;0.0000;0.0000;-0.1545 
368.8215579000007;0.0000;0.0000;0.1545 
368.8695837000014;0.2237;0.0000;0.0000 
368.9174450999999;0.0000;0.0000;0.1983 
368.9657502000009;0.4474;0.0000;0.3090 
369.0135860999999;0.2237;0.0000;-0.0669 
369.0615867000015;0.2237;0.0000;-0.1107 
369.1105236000003;0.0000;0.0000;0.0438 
369.1576732000012;0.4474;0.0000;-1.1085 
369.2056323000015;0.0000;0.0000;0.0877 
369.2535542000005;0.0000;0.0000;1.5721 
369.3171875000007;0.0000;0.0000;0.1545 
369.3653739000001;0.4474;0.0000;0.3090 
369.4133872000002;0.2237;0.0000;-0.0669 
369.46131980000064;0.0000;0.0000;-0.1107 
369.5094065000012;0.0000;0.0000;0.0000 
369.5574198000013;0.2237;0.0000;-0.1545 
369.6053823000002;0.2237;0.0000;0.0438 
369.6533709000014;0.0000;0.0000;-0.1107 
369.70143590000043;0.6711;0.0000;0.0000 
369.74946400000044;0.0000;0.0000;-0.4866 
369.7974458000008;0.0000;0.0000;0.0000 
369.84549160000097;0.2237;0.0000;-1.4175 
369.89365010000074;0.2237;0.0000;-0.1107 
369.9416306000003;0.2237;0.0000;0.0438 
369.9897001999998;0.0000;0.0000;-1.2192 
370.0375468000002;-0.2237;0.0000;0.0000 
370.10137620000023;0.2237;0.0000;-0.0438 
370.149309800001;0.0000;0.0000;-0.1107 
370.19727030000104;0.4474;0.0000;-0.1545 
370.24538530000063;0.4474;0.0000;-0.2214 
370.2934053000008;0.0000;0.0000;-0.2214 
370.3412788000005;0.2237;0.0000;0.0000 
370.38938730000154;0.4474;0.0000;0.0438 
370.43757760000153;0.2237;0.0000;-0.0669 
370.4855314000015;0.2237;0.0000;1.3069 
370.5335602000014;0.2237;0.0000;-0.1107 
370.5815669000003;0.2237;0.0000;-0.1107 
370.62967430000026;0.2237;0.0000;0.0438 
370.6775481000004;0.2237;0.0000;0.0438 
370.72553040000093;0.6711;0.0000;-0.1107 
370.7892941000009;0.2237;0.0000;-0.3320 
370.83725440000126;-0.2237;0.0000;-0.1107 
370.8853360000012;0.2237;0.0000;-1.3069 
370.93339580000065;0.4474;0.0000;0.0438 
370.98138650000146;0.0000;0.0000;1.1962 
371.02926450000086;0.2237;0.0000;0.3090 
371.0774652;-0.2237;0.0000;0.0438 
371.125302800001;0.0000;0.0000;0.2652 
371.1734078999998;0.0000;0.0000;0.1545 
371.22135380000145;0.0000;0.0000;-1.2630 
371.2694018000002;0.0000;0.0000;-1.4175 
371.31739590000143;0.2237;0.0000;0.0000 
371.36538100000143;0.0000;0.0000;0.0438 
371.41341939999984;0.2237;0.0000;0.3090 
371.461428300001;0.0000;0.0000;0.1983 
371.5252708000007;0.2237;0.0000;0.1545 
371.57325560000027;0.2237;0.0000;-0.1107 
371.62120790000154;0.2237;0.0000;0.1983 
371.66934709999987;0.0000;0.0000;-0.1107 
371.7173238000014;0.2237;0.0000;0.0000 
371.7654246000002;0.2237;0.0000;-1.6827 
371.8133830000006;0.2237;0.0000;-0.2652 
371.86138650000066;0.4474;0.0000;-0.1107 
371.90941010000097;0.2237;0.0000;-0.0669 
371.95737069999996;0.2237;0.0000;-0.1107 
372.0054274000013;0.2237;0.0000;1.4614 
372.05347150000125;0.0000;0.0000;-0.1107 
372.1171955000009;0.0000;0.0000;-0.1545 
372.16524180000124;0.2237;0.0000;0.3090 
372.21332580000126;0.2237;0.0000;-0.1107 
372.2613340000007;0.2237;0.0000;-0.2652 
372.30972610000026;0.4474;0.0000;-1.3737 
372.35738140000103;0.0000;0.0000;-0.2214 
372.40535980000095;0.0000;0.0000;0.0000 
372.45327850000103;0.0000;0.0000;0.1545 
372.5015235999999;0.2237;0.0000;0.3090 
372.5493827999999;0.2237;0.0000;-0.1107 
372.5974283000014;0.2237;0.0000;0.0438 
372.6454646000002;0.2237;0.0000;0.0438 
372.69361590000153;0.0000;0.0000;0.1983 
372.7572439000014;-0.2237;0.0000;0.0000 
372.80551150000065;-0.2237;0.0000;-0.0438 
372.8535963000013;0.2237;0.0000;0.2652 
372.9012307000012;0.0000;0.0000;0.0438 
372.94928600000094;0.2237;0.0000;0.0000 
372.99731820000125;0.0000;0.0000;-0.1107 
373.0455335000006;0.2237;0.0000;0.1545 
373.0934225000001;-0.2237;0.0000;-0.1107 
373.1413938000005;0.0000;0.0000;0.5742 
373.1893469000006;-0.2237;0.0000;1.5721 
373.2375523999999;0.2237;0.0000;1.9918 
373.30143020000105;0.2237;0.0000;0.1983 
373.34931680000045;2.2374;0.0000;-1.5282 
373.397205700001;-6.7259;0.0000;-7.0150 
373.4453622000001;7.4021;0.0000;-26.3504 
373.5091532000006;-4.0296;0.0000;-34.3573 
373.5572847000003;-7.1766;0.0000;34.3588 
373.60533680000117;-5.8258;0.0000;0.3431 
373.65337250000084;-15.8595;0.0000;12.1117 
373.7174672000001;-13.5468;0.0000;-12.0953 
373.76551370000016;-17.2597;0.0000;5.5101 
373.81336120000014;-16.5584;0.0000;2.9578 
373.8772690000005;-16.0922;0.0000;3.3586 
373.9253368000009;-16.0922;0.0000;0.7773 
373.97334779999983;-17.0257;0.0000;-5.0974 
374.0372715000012;-15.1631;0.0000;-8.0402 
374.08522919999996;-16.0922;0.0000;-3.6129 
374.1491051000012;-17.0257;0.0000;-0.3181 
374.1973031000016;-19.3805;0.0000;-0.9867 
374.2454901000001;-18.1991;0.0000;-4.6195 
374.3093775000016;-20.0934;0.0000;-0.1295 
374.3573654000011;-20.3318;0.0000;20.5710 
374.4211228000004;-13.3169;0.0000;15.1483 
374.4692646000003;-10.3455;0.0000;66.8307 
374.5174818000014;-10.8006;0.0000;-57.6307 
374.5811999000016;-0.8948;0.0000;-12.8771 
374.6293667000009;-3.5813;0.0000;-1.5926 
374.677577800001;-1.3422;0.0000;13.4211 
374.72537940000075;0.8948;0.0000;-5.3151 
374.78918970000086;0.0000;0.0000;-0.7518 
374.8372913000003;1.5660;0.0000;8.1691 
374.88526249999995;3.5813;0.0000;9.9203 
374.93338120000044;6.9512;0.0000;-5.2780 
374.9812754000013;4.4782;0.0000;5.4787 
375.0292752000005;9.2106;0.0000;8.8957 
375.0774698000005;5.8258;0.0000;14.9263 
375.12552010000036;7.1766;0.0000;-12.8783 
375.1892611000003;4.7026;0.0000;-23.1378 
375.23728819999997;2.6852;0.0000;11.1774 
375.28523959999984;2.9091;0.0000;-13.1848 
375.33341160000055;1.7898;0.0000;2.7865 
375.38142530000005;1.1185;0.0000;8.2377 
375.4298458000012;-0.6711;0.0000;1.3276 
375.4773221000014;0.0000;0.0000;-4.3841 
375.5412830000005;-1.1185;0.0000;-4.0714 
375.58947530000114;-3.3572;0.0000;-0.2192 
375.6372603;-2.2374;0.0000;-5.5298 
375.6856684000013;-4.2539;0.0000;-3.4038 
375.7332662000008;-6.9512;0.0000;3.1092 
375.7972617000014;-6.5007;0.0000;-6.5656 
375.8454816000012;-7.6277;0.0000;-0.1674 
375.8933734000002;-7.6277;0.0000;-3.5509 
375.9414921000007;-9.4373;0.0000;-5.2612 
376.00519630000053;-10.5730;0.0000;-5.6322 
376.0533325000015;-12.1702;0.0000;-5.6942 
376.1013679000007;-12.8576;0.0000;-0.3361 
376.16612180000084;-13.7770;0.0000;-0.6380 
376.213434700001;-14.7001;0.0000;0.9154 
376.2771618000006;-16.5584;0.0000;-4.7779 
376.3252829000012;-16.5584;0.0000;-7.3359 
376.373517;-18.4347;0.0000;-3.2861 
376.4372858000006;-20.0934;0.0000;-10.3744 
376.485341900001;-21.5292;0.0000;-0.7735 
376.5492084000016;-21.7699;0.0000;-3.8868 
376.5973490000015;-23.7103;0.0000;-3.0146 
376.6454095000008;-22.2524;0.0000;-5.7265 
376.70924170000035;-25.6800;0.0000;-5.8749 
376.7574975000007;-24.1998;0.0000;-3.2721 
376.8212575000016;-28.1892;0.0000;-1.1695 
376.8695237000011;-27.6828;0.0000;-13.1570 
376.93325280000136;-28.9533;0.0000;-11.2625 
376.9813678999999;-29.7230;0.0000;40.3901 
377.02954800000043;-29.9809;0.0000;-1.2166 
377.0934169000011;-31.5428;0.0000;-1.9797 
377.1412994000002;-32.5987;0.0000;-7.2778 
377.2051726999998;-32.3336;0.0000;-8.7289 
377.2534444000012;-35.0218;0.0000;-4.6076 
377.30138160000024;-33.9364;0.0000;-9.5089 
377.3653873000003;-34.7491;0.0000;-2.1079 
377.41332390000025;-36.9570;0.0000;-8.7221 
377.47733830000107;-35.2954;0.0000;-5.3824 
377.5254797000016;-39.8109;0.0000;-6.4020 
377.57451740000033;-39.5203;0.0000;-9.0174 
377.6374069000012;-38.9428;0.0000;-5.1094 
377.6854371999998;-39.2310;0.0000;-5.8173 
377.7492852000014;-39.5203;0.0000;-6.4694 
377.7973477000014;-38.0852;0.0000;-7.1465 
377.8456610000012;-40.1027;0.0000;5.5205 
377.9094952000014;-36.6776;0.0000;-7.1024 
377.9577375000008;-36.9570;0.0000;-11.0554 
378.0212147000002;-36.3992;0.0000;12.5230 
378.0694289000003;-32.5987;0.0000;-29.1573 
378.1174406000009;-30.4988;0.0000;-0.1696 
378.18136760000016;-28.4432;0.0000;-8.4582 
378.22926590000134;-26.9276;0.0000;-3.6304 
378.2932638000002;-27.1787;0.0000;-12.0180 
378.34173680000094;-23.2226;0.0000;-4.8549 
378.3895330000014;-22.0110;0.0000;-1.4824 
378.45339779999995;-20.8096;0.0000;-0.6481 
378.50162940000155;-17.2597;0.0000;-5.2720 
378.56533860000127;-14.4690;0.0000;-5.1233 
378.6133034000013;-15.8595;0.0000;-2.6998 
378.6614086999998;-13.7770;0.0000;-9.8743 
378.7253053000004;-7.8535;0.0000;0.6112 
378.773371700001;-8.7577;0.0000;-0.6254 
378.821557700001;-6.5007;0.0000;-15.8910 
378.88522210000156;-4.9271;0.0000;-7.0787 
378.93342459999985;-4.7026;0.0000;-31.6410 
378.9814821;1.1185;0.0000;-4.5541 
379.04521980000027;2.0136;0.0000;-51.4294 
379.0933298;-1.5660;0.0000;-0.9963 
379.14137070000106;0.4474;0.0000;0.9294 
379.1895863000009;-0.2237;0.0000;-0.0669 
379.23742649999986;0.0000;0.0000;0.2652 
379.2855395000006;-0.2237;0.0000;0.1545 
379.33351159999984;0.0000;0.0000;-0.3529 
379.3817073000009;0.2237;0.0000;0.1545 
379.4452104000011;0.4474;0.0000;-0.2652 
379.4933579000008;0.0000;0.0000;-0.0669 
379.541374800001;0.2237;0.0000;-1.4175 
379.58941070000037;0.0000;0.0000;-0.1107 
379.63719780000065;0.0000;0.0000;0.1545 
379.6852491000009;0.0000;0.0000;0.0000 
379.7334566999998;0.2237;0.0000;0.1545 
379.7813838000002;0.0000;0.0000;-1.5282 
379.82947270000113;0.2237;0.0000;0.1545 
379.8772944000011;0.2237;0.0000;-0.1107 
379.9254380000002;0.2237;0.0000;0.0438 
379.9735603000008;0.4474;0.0000;-0.2652 
380.0214962000009;0.2237;0.0000;-0.0669 
380.06981970000015;0.4474;0.0000;-0.1107 
380.1175454000004;-2.0136;0.0000;0.0877 
380.18143800000144;-0.4474;0.0000;-38.2037 
380.2294278999998;-5.8258;0.0000;-75.3703 
380.29330590000063;-14.0074;0.0000;-34.5082 
380.34176500000103;-16.5584;0.0000;13.4672 
380.38956710000093;-21.7699;0.0000;-5.2760 
380.45332880000024;-23.9548;0.0000;10.1553 
380.5014424000001;-30.7587;0.0000;10.9841 
380.5495632000002;-36.1218;0.0000;4.2520 
380.61329450000085;-35.0218;0.0000;3.7930 
380.66123080000034;-44.6456;0.0000;2.3857 
380.7096855;-38.0852;0.0000;-19.1072 
380.7732842000005;-44.9609;0.0000;-4.0470 
380.8215990000008;-43.7100;0.0000;-2.2756 
380.8852938;-44.3321;0.0000;-5.6154 
380.93342120000125;-45.5967;0.0000;-8.3640 
380.98150070000156;-45.2779;0.0000;-4.5829 
381.04521750000094;-43.4013;0.0000;1.9195 
381.09344410000085;-43.7100;0.0000;-5.4570 
381.1415130000005;-41.2828;0.0000;-4.0531 
381.20542540000133;-39.8109;0.0000;-14.2325 
381.2535637000001;-39.5203;0.0000;-4.7709 
381.3172861000003;-37.8015;0.0000;-8.3665 
381.36551770000005;-35.2954;0.0000;-5.9599 
381.42915090000133;-35.2954;0.0000;-6.0692 
381.4773218999999;-35.2954;0.0000;-4.9332 
381.52559199999996;-32.0693;0.0000;-5.9771 
381.5892068000012;-31.0194;0.0000;-5.7846 
381.63729890000104;-32.0693;0.0000;-8.0387 
381.7011911999998;-29.7230;0.0000;-10.1554 
381.74941240000044;-29.4658;0.0000;-7.0639 
381.7976773999999;-28.6979;0.0000;-5.2432 
381.86128780000035;-26.4269;0.0000;-2.6369 
381.9095599000011;-26.6770;0.0000;-3.5883 
381.9732604000001;-26.1774;0.0000;-8.5826 
382.0214913;-23.2226;0.0000;-7.1079 
382.0695093000013;-23.9548;0.0000;-2.4626 
382.1336523000009;-22.4943;0.0000;-4.6938 
382.18168719999994;-21.5292;0.0000;-5.3247 
382.2453105000004;-20.5705;0.0000;-3.8868 
382.2934896000006;-19.8554;0.0000;-4.0306 
382.3414160000011;-19.3805;0.0000;-4.1640 
382.4054059000009;-18.9069;0.0000;-4.7247 
382.4534910000002;-18.1991;0.0000;-4.7960 
382.51724450000074;-16.7919;0.0000;-2.1484 
382.5654176000007;-17.4941;0.0000;-4.7077 
382.6135312000006;-16.5584;0.0000;-4.0379 
382.6772880000008;-15.1631;0.0000;-7.1750 
382.72551999999996;-15.8595;0.0000;-4.8697 
382.78928930000075;-16.7919;0.0000;-9.2604 
382.8374875999998;-17.9638;0.0000;-12.2803 
382.901217300001;-16.7919;0.0000;-3.3576 
382.9493911999998;-17.9638;0.0000;-7.5862 
382.99749070000144;-19.6178;0.0000;-4.1713 
383.0612970000002;-19.1435;0.0000;-4.7705 
383.1095484000016;-19.8554;0.0000;2.8448 
383.17394240000067;-21.0491;0.0000;-4.3845 
383.22124430000076;-22.2524;0.0000;-6.9594 
383.26948170000105;-22.2524;0.0000;-8.1131 
383.33327400000053;-25.9284;0.0000;-6.7278 
383.38147070000014;-22.9794;0.0000;-1.7316 
383.42951859999994;-23.7103;0.0000;0.7517 
383.4934309;-25.4320;0.0000;-1.0710 
383.54143530000147;-23.9548;0.0000;-4.9832 
383.60536780000075;-23.4662;0.0000;-0.6105 
383.6531943000009;-22.7366;0.0000;6.2353 
383.7016110000004;-24.4453;0.0000;-20.6210 
383.76524380000046;-25.1846;0.0000;-12.7873 
383.81339320000006;-20.3318;0.0000;0.3281 
383.8771796000001;-28.4432;0.0000;-13.5198 
383.9252867000014;-26.4269;0.0000;-1.1732 
383.9735191;-26.4269;0.0000;6.7120 
384.0373114000013;-27.6828;0.0000;5.7731 
384.0854368;-27.9357;0.0000;-7.7194 
384.1492321000005;-25.4320;0.0000;-11.3468 
384.1974227999999;-26.9276;0.0000;-14.3940 
384.2467704999999;-30.7587;0.0000;-4.9057 
384.3093466999999;-31.2808;0.0000;-5.1339 
384.3574881000004;-25.6800;0.0000;-2.9276 
384.42125450000094;-31.0194;0.0000;-6.4152 
384.4694646000007;-27.1787;0.0000;-3.7733 
384.51745850000043;-32.3336;0.0000;-0.0036 
384.58124099999986;-34.2064;0.0000;-6.8866 
384.62957760000063;-31.0194;0.0000;-9.8115 
384.6932977000015;-32.0693;0.0000;-8.0175 
384.741403;-30.4988;0.0000;-4.8412 
384.8051927000015;-31.0194;0.0000;-4.3794 
384.8533673000002;-26.4269;0.0000;-1.1129 
384.9014750000006;-33.1313;0.0000;-5.3354 
384.9653259000006;-23.7103;0.0000;-1.3237 
385.0143777000012;-29.7230;0.0000;-8.6331 
385.07713740000145;-32.5987;0.0000;-10.6123 
385.12551820000044;-29.2092;0.0000;-12.2412 
385.18919840000126;-28.1892;0.0000;-7.1542 
385.2373753000011;-29.9809;0.0000;6.1746 
385.2855806000007;-28.6979;0.0000;-0.9122 
385.3492595000007;-22.7366;0.0000;9.6014 
385.39756940000007;-21.7699;0.0000;-5.0386 
385.44524620000084;-22.0110;0.0000;4.9475 
385.5092368000005;-16.7919;0.0000;-6.3182 
385.5573862000001;-18.9069;0.0000;5.9851 
385.60545679999996;-12.1702;0.0000;5.3497 
385.6695365000014;-11.9414;0.0000;-9.4722 
385.7173093000001;-9.2106;0.0000;-9.1151 
385.7654504000002;-6.0507;0.0000;-10.9458 
385.8291610000015;-6.0507;0.0000;-4.3316 
385.87750010000127;-4.9271;0.0000;-1.3410 
385.9253563000002;-4.0296;0.0000;5.0145 
385.97345440000026;-2.6852;0.0000;-0.3251 
386.0372473000007;-4.7026;0.0000;-2.8973 
386.085292400001;-1.5660;0.0000;-2.8043 
386.13335820000066;-1.3422;0.0000;-3.2965 
386.1820591000014;-1.7898;0.0000;1.4636 
386.24526460000016;-0.4474;0.0000;-1.1500 
386.2937083000015;-0.6711;0.0000;-0.0877 
386.34129460000077;-0.2237;0.0000;-1.5490 
386.38944880000054;-0.4474;0.0000;2.4820 
386.4531732000014;1.1185;0.0000;12.8242 
386.5013276999998;0.4474;0.0000;-0.0899 
386.54938310000034;0.2237;0.0000;-0.2214 
386.59741680000116;0.2237;0.0000;1.3069 
386.64538600000014;0.0000;0.0000;1.4614 
386.69353860000047;-0.2237;0.0000;0.1545 
386.7414896999999;0.2237;0.0000;0.1107 
386.7895088000005;0.0000;0.0000;1.3069 
386.83731740000076;-2.6852;0.0000;0.1545 
386.8855403000016;0.2237;0.0000;1.9206 
386.94921220000106;1.7898;0.0000;-0.8833 
386.99731410000095;0.2237;0.0000;-1.0401 
387.04537190000156;0.0000;0.0000;0.0438 
387.0933445999999;-0.2237;0.0000;0.4635 
387.14127890000054;0.0000;0.0000;1.5282 
387.189448000001;0.2237;0.0000;0.1545 
387.23779939999986;0.0000;0.0000;0.0438 
387.2855221000009;0.0000;0.0000;0.0000 
387.3333601000013;1.1185;0.0000;0.0000 
387.38126960000045;-0.2237;0.0000;-0.2444 
387.42944290000014;0.4474;0.0000;0.1107 
387.4774373;0.0000;0.0000;-0.2214 
387.5256472000001;0.2237;0.0000;-1.4175 
387.5736312000008;0.6711;0.0000;0.0438 
387.6216523000003;0.0000;0.0000;-0.3320 
387.6851204000013;0.0000;0.0000;0.3090 
387.73323690000143;0.2237;0.0000;0.1545 
387.78126350000093;0.2237;0.0000;-0.1107 
387.82932059999985;0.6711;0.0000;1.3069 
387.8773172000001;0.4474;0.0000;-0.1775 
387.9256191000004;0.2237;0.0000;-0.0669 
387.9733915000015;0.2237;0.0000;-0.1107 
388.02120880000075;0.0000;0.0000;1.6159 
388.0695270000015;0.0000;0.0000;-0.2826 
388.1174710000014;0.4474;0.0000;-0.3090 
388.1654642000012;0.2237;0.0000;-0.0669 
388.2292327000014;0.2237;0.0000;-0.1107 
388.2772326000013;0.0000;0.0000;0.1983 
388.32544340000095;0.4474;0.0000;-1.4175 
388.373214700001;0.2237;0.0000;-1.4844 
388.42134910000095;0.4474;0.0000;-1.2192 
388.4694378000004;0.2237;0.0000;1.5052 
388.51762640000015;1.1185;0.0000;0.1983 
388.5653211000008;0.2237;0.0000;-0.5534 
388.6135653000001;0.0000;0.0000;-0.1107 
388.66138780000074;-0.2237;0.0000;0.1545 
388.7097386000005;0.0000;0.0000;-3.3425 
388.77321180000035;-0.8948;0.0000;-3.2986 
388.82129429999986;-2.4613;0.0000;-1.1293 
388.86944960000073;-2.6852;0.0000;-0.6369 
388.91789849999986;-3.8054;0.0000;4.5248 
388.9810972000014;-5.3763;0.0000;1.6247 
389.0296261000003;-5.1516;0.0000;1.4709 
389.0773156000014;-6.2757;0.0000;-2.4267 
389.1256548000001;-7.1766;0.0000;-5.6378 
389.1734612;-7.8535;0.0000;1.1173 
389.23730109999997;-11.4846;0.0000;-0.0574 
389.28536820000045;-10.1182;0.0000;-8.3942 
389.34928480000053;-12.1702;0.0000;-1.3510 
389.39740450000136;-14.0074;0.0000;-0.5006 
389.44550470000104;-14.7001;0.0000;-1.1679 
389.50932830000056;-15.8595;0.0000;-1.4628 
389.5574049000006;-18.1991;0.0000;-2.5409 
389.6054573000001;-13.7770;0.0000;0.5634 
389.6692901000006;-21.5292;0.0000;-6.5227 
389.7173805000002;-19.3805;0.0000;0.3656 
389.7811270000002;-21.0491;0.0000;-2.3799 
389.82942530000037;-23.4662;0.0000;7.8354 
389.8774858000015;-21.0491;0.0000;16.4189 
389.9411534999999;-19.1435;0.0000;12.7845 
389.9893647000008;-18.9069;0.0000;22.1324 
390.0374745000008;-9.8911;0.0000;-29.1354 
390.1013751999999;-10.1182;0.0000;-3.6777 
390.1491935000013;-5.3763;0.0000;-7.1821 
390.19748810000056;-5.3763;0.0000;-4.9955 
390.2612362;-2.4613;0.0000;-12.8594 
390.3093347000013;-2.6852;0.0000;-0.6369 
390.3574434000002;-0.4474;0.0000;-6.0414 
390.4053365;0.0000;0.0000;1.0208 
390.45361220000086;1.1185;0.0000;-2.0884 
390.50133150000147;0.8948;0.0000;-9.5488 
390.56517630000053;5.3763;0.0000;13.6808 
390.61323280000033;6.9512;0.0000;9.7361 
390.6612294000006;8.5314;0.0000;13.6530 
390.70934130000023;8.5314;0.0000;1.2019 
390.75751520000085;12.8576;0.0000;-22.2697 
390.8211940000001;13.0871;0.0000;17.4792 
390.86925040000096;21.2890;0.0000;-9.8221 
390.9176600999999;17.4941;0.0000;34.3149 
390.9653997000005;19.3805;0.0000;-4.7530 
391.0292186000006;16.7919;0.0000;-2.1108 
391.07717650000086;19.8554;0.0000;0.7783 
391.1255508000013;18.9069;0.0000;5.4722 
391.1735454000009;18.6707;0.0000;7.4681 
391.22170390000065;18.4347;0.0000;5.1359 
391.28517400000055;19.3805;0.0000;-0.1506 
391.3333369000011;18.6707;0.0000;4.4546 
391.38125910000053;22.0110;0.0000;6.0601 
391.4294038000007;18.4347;0.0000;9.8600 
391.47740560000057;23.2226;0.0000;3.3404 
391.54114590000063;25.9284;0.0000;-0.4462 
391.5892958000004;19.8554;0.0000;1.2819 
391.6372779000012;20.5705;0.0000;1.7145 
391.68525860000045;17.9638;0.0000;-1.1430 
391.7334632000002;16.3252;0.0000;-30.6113 
391.7972955000005;19.6178;0.0000;-18.0638 
391.8453898000007;11.9414;0.0000;16.0398 
391.89348380000047;9.2106;0.0000;-6.1556 
391.9572181000003;5.8258;0.0000;-11.0766 
392.0051431000011;3.1331;0.0000;-16.6645 
392.0533503000006;-2.6852;0.0000;16.8508 
392.1018944000007;2.0136;0.0000;-24.9592 
392.16522350000014;-5.6010;0.0000;41.1157 
392.21318620000056;-5.8258;0.0000;-5.0209 
392.26151740000023;-7.6277;0.0000;-5.3939 
392.32511479999994;-10.5730;0.0000;-7.7817 
392.3733089000016;-10.8006;0.0000;-14.3583 
392.4214781999999;-12.6282;0.0000;-2.5887 
392.48534110000037;-14.4690;0.0000;-6.9005 
392.5335629000001;-16.5584;0.0000;-6.2918 
392.5973430000013;-17.7288;0.0000;-1.1837 
392.6454747000007;-18.1991;0.0000;-5.5420 
392.69345670000075;-20.3318;0.0000;-5.6359 
392.7572811000009;-19.3805;0.0000;1.6862 
392.8052518000004;-21.0491;0.0000;-5.6145 
392.86915880000015;-22.2524;0.0000;-1.4550 
392.9183301000012;-22.2524;0.0000;-13.0323 
392.9654354000013;-23.9548;0.0000;0.4714 
393.0292528000009;-24.9377;0.0000;-3.1073 
393.077300500001;-23.2226;0.0000;-5.9636 
393.14120580000053;-25.6800;0.0000;-2.7298 
393.18938230000094;-25.6800;0.0000;-9.6279 
393.237239600001;-24.4453;0.0000;-3.7859 
393.30125300000145;-26.6770;0.0000;-5.6086 
393.3492530000003;-25.4320;0.0000;-4.5385 
393.4132755999999;-26.6770;0.0000;-1.0736 
393.46134990000064;-27.1787;0.0000;-5.0544 
393.5095962000014;-26.9276;0.0000;-5.3255 
393.57333760000074;-26.6770;0.0000;-1.8952 
393.6214071000013;-28.4432;0.0000;-3.2616 
393.68528700000024;-26.6770;0.0000;-7.7086 
393.73339699999997;-27.9357;0.0000;-4.6792 
393.78154750000067;-27.4305;0.0000;-5.8244 
393.8452328000003;-28.6979;0.0000;-5.0093 
393.89348430000064;-27.6828;0.0000;-5.9763 
393.95729670000037;-28.6979;0.0000;-3.4669 
394.0053757000005;-28.4432;0.0000;-7.2171 
394.05326030000106;-28.9533;0.0000;-9.1145 
394.117326900001;-29.7230;0.0000;-7.0906 
394.1654008000005;-29.9809;0.0000;-2.6340 
394.22929190000104;-29.7230;0.0000;-4.8124 
394.27727830000003;-29.2092;0.0000;-5.4691 
394.32534450000094;-28.9533;0.0000;-5.7233 
394.389311500001;-29.9809;0.0000;-7.6223 
394.43738640000083;-29.7230;0.0000;-4.4570 
394.5012979000003;-29.2092;0.0000;-4.5846 
394.54939379999996;-29.9809;0.0000;-4.3058 
394.5973479000004;-29.7230;0.0000;-6.7590 
394.66123830000106;-28.9533;0.0000;-3.8747 
394.70949530000144;-29.2092;0.0000;-4.7874 
394.773185;-29.4658;0.0000;-5.5465 
394.82151540000086;-28.9533;0.0000;-5.7736 
394.8694989000014;-29.7230;0.0000;-6.0272 
394.9333716000001;-29.4658;0.0000;-5.2923 
394.9814161000013;-29.2092;0.0000;-5.5964 
395.0451420999998;-29.7230;0.0000;-6.2564 
395.0933092000014;-29.7230;0.0000;-2.9889 
395.14148449999993;-29.4658;0.0000;-7.9510 
395.2052994000005;-29.7230;0.0000;-7.1911 
395.2532304000015;-29.9809;0.0000;-5.8240 
395.3172564000015;-28.9533;0.0000;-4.1012 
395.3653615000003;-30.2395;0.0000;-4.4324 
395.42916350000087;-29.7230;0.0000;-2.5557 
395.47716440000113;-29.7230;0.0000;-5.4691 
395.5258924999998;-29.9809;0.0000;-6.0022 
395.5893687000007;-29.4658;0.0000;-2.3392 
395.6374097000007;-30.2395;0.0000;-6.1294 
395.70130849999987;-30.4988;0.0000;-6.8083 
395.7494218000011;-29.2092;0.0000;-5.9760 
395.7975701000014;-29.7230;0.0000;-6.4350 
395.8611845000014;-30.2395;0.0000;-7.5983 
395.9094283000013;-29.7230;0.0000;-5.7466 
395.97318710000036;-29.9809;0.0000;-6.0022 
396.02124920000097;-30.2395;0.0000;-3.0395 
396.0695026000012;-29.4658;0.0000;-5.7466 
396.1332388999999;-29.9809;0.0000;-4.7167 
396.1814823000004;-29.4658;0.0000;-2.6838 
396.24512830000094;-29.7230;0.0000;-7.5470 
396.2933709000008;-29.9809;0.0000;-5.1159 
396.341335000001;-29.4658;0.0000;-6.0544 
396.40520480000123;-27.9357;0.0000;-5.4196 
396.45380660000046;-29.4658;0.0000;-3.1652 
396.5172956000006;-27.4305;0.0000;-14.8422 
396.56567260000156;-26.4269;0.0000;-2.8887 
396.6138124000008;-26.6770;0.0000;-9.7765 
396.6775023000009;-26.6770;0.0000;-9.1346 
396.7255230999999;-24.6912;0.0000;2.8913 
396.78916930000014;-24.9377;0.0000;-0.8863 
396.8373148999999;-24.4453;0.0000;4.8657 
396.88541200000145;-23.2226;0.0000;-8.5348 
396.94914510000126;-22.7366;0.0000;-2.0521 
396.9973546000001;-22.7366;0.0000;-5.5382 
397.0612620000011;-22.0110;0.0000;-4.1206 
397.1097074999998;-22.0110;0.0000;-1.4779 
397.1577537000012;-21.2890;0.0000;-8.0667 
397.22134520000145;-20.8096;0.0000;-3.8403 
397.2693629000005;-20.5705;0.0000;-8.1648 
397.3332508000003;-20.3318;0.0000;-4.3612 
397.38150040000073;-21.2890;0.0000;5.0145 
397.42956779999986;-18.9069;0.0000;-9.7770 
397.49317130000054;-18.6707;0.0000;1.8019 
397.54172280000057;-18.4347;0.0000;-5.2391 
397.58944390000033;-17.7288;0.0000;-4.5421 
397.6532532000001;-17.0257;0.0000;-9.1439 
397.70163160000084;-16.0922;0.0000;8.6488 
397.7495318000001;-15.1631;0.0000;2.2206 
397.81329760000153;-13.5468;0.0000;-9.5792 
397.8612367000005;-12.3991;0.0000;0.4982 
397.9094210000003;-11.4846;0.0000;-4.6398 
397.97332749999987;-9.6641;0.0000;-0.0460 
398.02144110000154;-7.8535;0.0000;-0.9470 
398.06933630000094;-7.6277;0.0000;-3.5810 
398.1332166000011;-5.1516;0.0000;-4.6576 
398.1818054000014;-4.7026;0.0000;4.8159 
398.2293719999998;-4.2539;0.0000;-0.2797 
398.27720990000125;-3.3572;0.0000;2.0016 
398.34130730000106;-2.6852;0.0000;-14.0595 
398.3892321000003;-0.6711;0.0000;-4.8051 
398.43733520000023;0.2237;0.0000;3.8121 
398.48531130000083;0.4474;0.0000;1.3069 
398.533398900001;0.4474;0.0000;-1.3299 
398.5812870000009;0.4474;0.0000;2.2779 
398.6293002000002;3.3572;0.0000;-0.4026 
398.6773049000003;4.0296;0.0000;6.8174 
398.7254772000015;4.0296;0.0000;-8.3347 
398.7733423000009;5.3763;0.0000;4.8654 
398.82147390000137;4.9271;0.0000;0.7432 
398.86929990000135;5.6010;0.0000;1.1205 
398.93315410000105;6.5007;0.0000;-3.1549 
398.9811555000015;6.0507;0.0000;-0.1435 
399.0291965000015;8.3053;0.0000;0.0789 
399.0774601000012;8.7577;0.0000;1.6429 
399.12517220000154;8.7577;0.0000;2.1972 
399.17313230000036;8.9841;0.0000;4.2386 
399.22129940000013;9.4373;0.0000;2.2301 
399.26931440000044;10.3455;0.0000;0.5886 
399.31764509999994;11.2564;0.0000;9.7438 
399.3654234000005;11.7129;0.0000;1.5764 
399.4134681000014;12.8576;0.0000;19.3050 
399.4779202999998;11.9414;0.0000;-5.3588 
399.5254289000004;12.8576;0.0000;1.8724 
399.5733519000005;14.4690;0.0000;-5.1914 
399.6214310000014;13.7770;0.0000;4.8743 
399.66972780000106;14.0074;0.0000;1.1230 
399.7332032000013;13.0871;0.0000;2.9040 
399.7812771000008;14.2381;0.0000;3.9983 
399.8292701999999;14.7001;0.0000;0.4337 
399.8771729;14.0074;0.0000;2.2637 
399.9255764999998;14.2381;0.0000;4.0240 
399.9734309000014;14.7001;0.0000;3.9099 
400.02128660000017;13.7770;0.0000;15.9885 
400.08521550000114;15.3950;0.0000;0.8528 
400.1332669000003;14.4690;0.0000;2.0581 
400.1814148000012;16.7919;0.0000;2.0572 
400.2294367000013;15.1631;0.0000;4.6805 
400.2775371000007;16.3252;0.0000;2.5173 
400.3411902000007;16.7919;0.0000;0.6588 
400.3894196000001;15.8595;0.0000;8.9601 
400.43727630000103;17.9638;0.0000;-6.4934 
400.4853851000007;16.7919;0.0000;5.7067 
400.533622500001;18.6707;0.0000;-0.6389 
400.5812928000014;18.4347;0.0000;2.6838 
400.6450427;17.7288;0.0000;3.6121 
400.6932487000013;17.2597;0.0000;1.0867 
400.7413395000003;17.2597;0.0000;5.7741 
400.7894311;18.1991;0.0000;1.1960 
400.83745910000107;19.1435;0.0000;1.8236 
400.8853842000008;18.6707;0.0000;4.5162 
400.9332979999999;18.9069;0.0000;1.1499 
400.9971125000011;18.1991;0.0000;1.1970 
401.0451257000004;17.0257;0.0000;4.0549 
401.09317850000116;17.2597;0.0000;5.8899 
401.1415285000003;19.3805;0.0000;2.0117 
401.1894648000016;19.6178;0.0000;2.0528 
401.23744540000007;18.1991;0.0000;4.6073 
401.2854748999998;19.1435;0.0000;3.7287 
401.34925830000066;19.8554;0.0000;1.5721 
401.39729050000096;20.0934;0.0000;3.3988 
401.4453657000013;20.0934;0.0000;4.3719 
401.4932935000015;20.5705;0.0000;2.0272 
401.54157920000034;19.8554;0.0000;3.8657 
401.5894137000014;19.6178;0.0000;3.4632 
401.63757090000036;20.3318;0.0000;3.1897 
401.701045400001;20.0934;0.0000;4.7443 
401.7491221;20.8096;0.0000;3.1176 
401.79739599999994;19.3805;0.0000;5.5983 
401.84528540000065;20.0934;0.0000;2.2807 
401.8935911000008;20.8096;0.0000;7.2670 
401.94158250000146;19.6178;0.0000;5.4950 
401.98955060000117;19.3805;0.0000;5.3305 
402.0531686000013;20.5705;0.0000;5.5431 
402.10116200000084;20.8096;0.0000;2.2835 
402.1498757999998;20.5705;0.0000;5.1650 
402.1972845;20.8096;0.0000;1.9550 
402.2451523;20.3318;0.0000;5.4950 
402.29354010000134;20.8096;0.0000;5.4014 
402.34225049999986;20.0934;0.0000;3.7474 
402.3896431000012;20.5705;0.0000;2.6843 
402.4531861000014;19.6178;0.0000;5.4482 
402.5011276000005;22.0110;0.0000;3.5808 
402.5492484000006;23.7103;0.0000;1.2341 
402.5974569000009;18.1991;0.0000;5.2235 
402.64542919999985;19.8554;0.0000;5.7003 
402.6933235000015;20.5705;0.0000;1.8178 
402.7412527000015;20.0934;0.0000;5.5534 
402.8051866000005;21.2890;0.0000;1.5968 
402.8534405999999;21.0491;0.0000;4.9278 
402.90130520000093;22.2524;0.0000;4.1244 
402.9493902000013;21.7699;0.0000;6.2799 
402.9973957000002;23.2226;0.0000;2.3502 
403.0454460000001;20.0934;0.0000;6.5485 
403.09322840000095;20.5705;0.0000;6.0148 
403.1571657000004;23.4662;0.0000;4.6929 
403.2052454000004;21.0491;0.0000;6.4279 
403.2532762999999;22.9794;0.0000;3.8725 
403.301137800001;21.7699;0.0000;5.4180 
403.3494898000008;21.7699;0.0000;3.6023 
403.3974082000004;21.5292;0.0000;6.0165 
403.4455501000011;20.8096;0.0000;5.6360 
403.5091678000008;23.4662;0.0000;4.9073 
403.55719080000017;21.7699;0.0000;7.4328 
403.60533550000036;22.7366;0.0000;8.1042 
403.6538990000008;26.1774;0.0000;4.2877 
403.7012450000002;21.7699;0.0000;12.0987 
403.7650743000013;24.1998;0.0000;-1.4815 
403.81327600000077;28.1892;0.0000;15.3047 
403.86130700000103;28.4432;0.0000;-0.2910 
403.9092281000012;29.9809;0.0000;-9.6672 
403.97334880000017;34.4773;0.0000;14.5584 
404.02152380000007;29.7230;0.0000;10.4483 
404.0694248;33.3988;0.0000;1.4109 
404.11736230000133;32.0693;0.0000;18.7492 
404.1653701000014;37.5190;0.0000;4.1835 
404.22929790000126;34.7491;0.0000;8.3351 
404.2772487000002;36.9570;0.0000;2.8563 
404.32544400000006;34.7491;0.0000;15.8272 
404.3734030000014;34.7491;0.0000;9.5073 
404.42155490000005;38.6558;0.0000;10.9246 
404.485158200001;40.3958;0.0000;5.1768 
404.53320930000154;41.2828;0.0000;13.3830 
404.5813018000008;41.5811;0.0000;-4.0664 
404.6295745000007;40.6901;0.0000;11.1896 
404.67722800000047;42.1820;0.0000;11.6185 
404.74116370000047;40.1027;0.0000;0.9572 
404.78926540000066;43.7100;0.0000;9.7131 
404.8374147000013;42.4846;0.0000;13.1789 
404.8853831000015;46.5641;0.0000;7.3284 
404.9335194000014;43.4013;0.0000;9.2160 
404.9971306000007;44.0202;0.0000;4.2057 
405.04505790000076;43.4013;0.0000;6.7807 
405.0932343000004;41.5811;0.0000;9.9220 
405.14128990000063;44.3321;0.0000;4.9012 
405.18955220000134;44.3321;0.0000;9.4609 
405.2372739000002;43.0942;0.0000;6.2026 
405.2854234000006;45.5967;0.0000;10.2871 
405.3492126000001;44.0202;0.0000;10.5736 
405.3975122000011;43.0942;0.0000;9.4942 
405.44537710000077;43.4013;0.0000;9.7334 
405.49316700000054;43.0942;0.0000;8.7174 
405.5422687999999;44.6456;0.0000;8.6561 
405.58952520000094;45.2779;0.0000;9.0936 
405.65357060000133;43.4013;0.0000;12.2560 
405.70123690000037;45.2779;0.0000;8.8242 
405.74947020000036;46.2397;0.0000;8.4351 
405.7972967000005;46.2397;0.0000;6.3254 
405.84539870000117;44.6456;0.0000;9.8138 
405.8936536000001;44.9609;0.0000;19.2283 
405.9571734000001;45.5967;0.0000;-3.8195 
406.0052331000006;46.2397;0.0000;4.2428 
406.0532766000015;45.9173;0.0000;9.3770 
406.1015105000006;44.0202;0.0000;14.1485 
406.14945799999987;45.5967;0.0000;4.7124 
406.19812380000076;46.2397;0.0000;9.0484 
406.2611672000003;43.4013;0.0000;8.9445 
406.30951520000053;45.2779;0.0000;7.0869 
406.35737880000124;46.2397;0.0000;9.8524 
406.4053324000015;47.8816;0.0000;10.2554 
406.4534213000006;45.2779;0.0000;8.4720 
406.5016469000002;45.9173;0.0000;10.2125 
406.5652473000009;43.7100;0.0000;8.3365 
406.61321430000135;48.2162;0.0000;6.8126 
406.66119419999995;43.7100;0.0000;10.6947 
406.7094229000013;47.8816;0.0000;8.2299 
406.7572909999999;45.5967;0.0000;10.1147 
406.8211099;46.2397;0.0000;9.8280 
406.8692350000001;46.5641;0.0000;9.2844 
406.91742970000087;46.2397;0.0000;9.5761 
406.9655094000009;45.9173;0.0000;10.0334 
407.0131220000003;48.2162;0.0000;7.1382 
407.0614655999998;45.2779;0.0000;6.7647 
407.1097368999999;46.8904;0.0000;9.4204 
407.1731615000008;46.5641;0.0000;9.7114 
407.22189620000063;45.5967;0.0000;8.4556 
407.26917120000144;43.4013;0.0000;5.7885 
407.3173391;45.9173;0.0000;13.2473 
407.36538930000097;45.9173;0.0000;6.9187 
407.4132920000011;46.2397;0.0000;9.6694 
407.4771754000012;45.2779;0.0000;8.1770 
407.5251691000012;45.2779;0.0000;8.8719 
407.5732955000003;46.2397;0.0000;9.9857 
407.6214002000015;46.8904;0.0000;8.6161 
407.66913940000086;45.2779;0.0000;9.4146 
407.7178741000007;45.9173;0.0000;11.1776 
407.7815418000009;44.0202;0.0000;7.5799 
407.82914580000033;46.5641;0.0000;7.8579 
407.8772583000009;47.8816;0.0000;10.3171 
407.92530780000016;46.5641;0.0000;8.4720 
407.97344840000005;46.5641;0.0000;7.0384 
408.02139400000124;44.0202;0.0000;8.0165 
408.08502320000116;45.2779;0.0000;9.2752 
408.1331807000006;46.5641;0.0000;7.8962 
408.18133520000083;46.5641;0.0000;7.2598 
408.2295202000005;45.2779;0.0000;9.1239 
408.27740020000056;46.8904;0.0000;10.4407 
408.3252319000003;47.2187;0.0000;9.1878 
408.38923010000144;46.2397;0.0000;8.1317 
408.43719090000013;46.5641;0.0000;8.6161 
408.4851437000016;46.5641;0.0000;6.5992 
408.533374300001;45.2779;0.0000;8.4556 
408.58135070000026;46.8904;0.0000;10.0702 
408.62940940000044;44.9609;0.0000;8.7384 
408.6931166000013;46.2397;0.0000;7.1747 
408.74119340000107;46.2397;0.0000;11.1539 
408.78932780000105;49.2334;0.0000;9.0603 
408.8373291000007;44.6456;0.0000;6.0459 
408.8853626;45.5967;0.0000;10.2986 
408.93334870000035;45.5967;0.0000;7.2969 
408.99720570000136;45.9173;0.0000;10.5126 
409.0453656000009;46.5641;0.0000;7.1382 
409.0932814000007;47.2187;0.0000;8.6771 
409.14144680000027;43.7100;0.0000;9.0254 
409.1894243000006;46.8904;0.0000;11.5066 
409.2381251000006;46.2397;0.0000;9.4146 
409.3012456000015;44.3321;0.0000;8.3959 
409.3490859000012;45.9173;0.0000;9.5601 
409.3973014000003;45.2779;0.0000;6.9193 
409.44540640000014;46.5641;0.0000;11.1776 
409.4933658000009;45.9173;0.0000;7.4826 
409.541370500001;45.9173;0.0000;10.1930 
409.60536670000147;44.9609;0.0000;8.7757 
409.6530793000002;47.2187;0.0000;9.4704 
409.70132490000105;47.5491;0.0000;7.3827 
409.7493755000014;45.2779;0.0000;11.4716 
409.7974681000014;46.5641;0.0000;10.2125 
409.84517060000144;46.8904;0.0000;7.7066 
409.9094694000014;45.9173;0.0000;5.7880 
409.95744809999997;49.2334;0.0000;9.2199 
410.0051749000013;44.6456;0.0000;7.8957 
410.0533750000013;46.8904;0.0000;10.5253 
410.1015256999999;47.5491;0.0000;9.1878 
410.1653309000012;45.2779;0.0000;7.9683 
410.2132023000013;45.2779;0.0000;9.3135 
410.2612396000004;45.5967;0.0000;9.5363 
410.30959110000003;46.8904;0.0000;10.3516 
410.3573572000005;49.2334;0.0000;10.1036 
410.42118130000017;44.3321;0.0000;10.1304 
410.46908150000127;47.5491;0.0000;5.7841 
410.5172108000006;48.5530;0.0000;10.4803 
410.5654202000005;46.2397;0.0000;7.4715 
410.6133871000002;47.2187;0.0000;7.8671 
410.66141340000104;46.5641;0.0000;9.4804 
410.7250357000012;45.9173;0.0000;9.6533 
410.77314240000123;47.2187;0.0000;5.9406 
410.821331000001;44.9609;0.0000;9.5490 
410.86936920000153;47.5491;0.0000;9.6931 
410.9174106999999;44.9609;0.0000;9.8297 
410.96537250000074;47.2187;0.0000;9.4704 
411.0292556000004;47.5491;0.0000;10.4432 
411.0775945000005;45.2779;0.0000;9.3169 
411.1252622000011;43.4013;0.0000;8.4351 
411.17328540000017;50.6233;0.0000;7.9459 
411.2213485000011;45.9173;0.0000;8.8430 
411.269299900001;45.2779;0.0000;6.8343 
411.3329973;47.5491;0.0000;9.9857 
411.3811779000007;46.5641;0.0000;8.4124 
411.4291981000006;45.2779;0.0000;8.4556 
411.47746110000116;48.8920;0.0000;9.7168 
411.5255569000001;46.5641;0.0000;9.8415 
411.5735001000012;47.2187;0.0000;8.2354 
411.63704360000156;47.5491;0.0000;10.1738 
411.68530340000143;46.8904;0.0000;8.8619 
411.73321660000147;47.8816;0.0000;9.4146 
411.7820311000014;45.2779;0.0000;9.0008 
411.8293149000001;47.8816;0.0000;7.8962 
411.87720940000145;46.5641;0.0000;8.5641 
411.9412616999998;48.5530;0.0000;10.0339 
411.9892123000009;47.5491;0.0000;8.5920 
412.03730970000106;47.2187;0.0000;9.5465 
412.08538110000154;45.5967;0.0000;9.2522 
412.13342640000155;45.5967;0.0000;7.2969 
412.1970964000011;47.2187;0.0000;11.9299 
412.2450353000004;47.2187;0.0000;8.8000 
412.2930828000008;46.8904;0.0000;9.7100 
412.34131250000064;48.5530;0.0000;9.1878 
412.38945690000037;41.2828;0.0000;8.1398 
412.437858700001;44.9609;0.0000;5.0549 
412.4856585000016;51.6933;0.0000;19.2505 
412.54917060000116;48.2162;0.0000;6.6780 
412.5974051000012;41.2828;0.0000;5.6986 
412.64527980000094;51.6933;0.0000;6.0841 
412.6931746999999;49.5772;0.0000;10.8859 
412.75718100000086;50.2721;0.0000;11.3707 
412.80521620000036;42.1820;0.0000;7.0651 
412.8532941000012;45.2779;0.0000;5.2222 
412.90132640000047;55.0688;0.0000;10.9043 
412.9495923000013;47.2187;0.0000;8.4587 
413.01300360000096;45.9173;0.0000;10.2172 
413.06123110000044;46.2397;0.0000;9.4439 
413.1091978000004;48.2162;0.0000;8.3193 
413.1572629000002;47.5491;0.0000;9.5002 
413.2052856999999;47.8816;0.0000;9.7777 
413.2535035000001;49.5772;0.0000;9.6132 
413.31707730000016;49.5772;0.0000;9.0068 
413.36518849999993;46.8904;0.0000;8.7742 
413.4132741000012;47.2187;0.0000;10.3362 
413.4613863000013;48.2162;0.0000;9.7100 
413.50920170000063;48.5530;0.0000;9.4476 
413.55727860000115;49.2334;0.0000;8.3652 
413.6211873000011;47.8816;0.0000;9.1769 
413.6692359000008;48.8920;0.0000;9.8458 
413.71751440000116;47.5491;0.0000;8.6524 
413.7653745000007;48.8920;0.0000;10.4803 
413.8134609000008;44.6456;0.0000;45.9710 
413.8772224000004;47.5491;0.0000;24.6746 
413.92510270000093;48.8920;0.0000;13.5529 
413.9732148000003;53.5354;0.0000;-6.2341 
414.0212291000007;50.6233;0.0000;31.3804 
414.08516469999995;45.9173;0.0000;-11.3760 
414.13325950000035;50.2721;0.0000;12.9430 
414.1815998000002;50.6233;0.0000;11.2654 
414.2293956000012;54.6800;0.0000;11.2847 
414.2931604000005;42.4846;0.0000;13.0987 
414.34145890000036;49.5772;0.0000;2.1909 
414.38933420000103;49.2334;0.0000;12.3455 
414.43737500000134;47.5491;0.0000;8.9443 
414.4854180000002;50.6233;0.0000;9.3005 
414.54937620000055;49.9234;0.0000;10.1406 
414.5973645000013;50.2721;0.0000;8.8355 
414.6453409000005;49.9234;0.0000;10.0931 
414.6932506000012;49.9234;0.0000;11.1994 
414.75729580000007;48.2162;0.0000;10.0230 
414.8052497000008;48.2162;0.0000;6.1517 
414.85326820000046;48.5530;0.0000;9.6802 
414.90136880000136;49.2334;0.0000;8.0963 
414.94936620000044;48.5530;0.0000;9.6469 
414.9973768;49.2334;0.0000;10.5158 
415.06115730000056;49.9234;0.0000;7.9938 
415.1091054000008;49.2334;0.0000;10.9603 
415.15740259999984;48.5530;0.0000;10.3644 
415.2053735999998;49.2334;0.0000;9.5136 
415.2534258000014;49.5772;0.0000;11.0642 
415.3172857999998;48.5530;0.0000;10.8947 
415.3653602000013;49.9234;0.0000;8.3305 
415.41351639999993;49.2334;0.0000;10.4875 
415.46128510000017;48.5530;0.0000;9.8844 
415.5091934000011;49.9234;0.0000;8.0963 
415.57321050000064;48.5530;0.0000;10.0230 
415.6213179000006;47.2187;0.0000;10.4602 
415.6700501000014;50.9772;0.0000;10.4080 
415.7174180000002;51.6933;0.0000;10.2350 
415.7810970999999;48.8920;0.0000;10.0845 
415.8292486999999;48.5530;0.0000;8.1622 
415.87717560000056;50.9772;0.0000;8.8038 
415.92532910000045;47.8816;0.0000;9.7319 
415.9734927999998;50.6233;0.0000;10.3494 
416.03698299999996;48.8920;0.0000;9.4358 
416.0851889000005;49.2334;0.0000;10.2924 
416.1332910000001;48.8920;0.0000;10.1235 
416.18117690000145;50.9772;0.0000;9.8158 
416.2294742000013;48.8920;0.0000;9.7441 
416.277403600001;49.2334;0.0000;11.2667 
416.3412016000002;51.6933;0.0000;8.2297 
416.38949590000084;49.2334;0.0000;10.0845 
416.4374237000011;47.5491;0.0000;10.8284 
416.4856163000004;49.5772;0.0000;12.9365 
416.5334038000001;49.2334;0.0000;10.4246 
416.5971264;50.2721;0.0000;10.1235 
416.6453491000011;49.2334;0.0000;10.3145 
416.69332290000057;50.2721;0.0000;9.1897 
416.74171280000155;49.2334;0.0000;10.5503 
416.805049300001;50.6233;0.0000;10.1235 
416.85322390000147;49.5772;0.0000;11.8273 
416.9012724000004;49.5772;0.0000;8.2970 
416.9494216000003;49.5772;0.0000;10.1943 
416.99783370000114;49.9234;0.0000;9.7143 
417.06103820000135;49.2334;0.0000;11.1994 
417.10918200000015;48.2162;0.0000;11.5963 
417.15709849999985;52.7892;0.0000;8.7330 
417.20539570000074;48.5530;0.0000;8.8476 
417.2532200000005;50.2721;0.0000;11.4345 
417.3018772000014;49.9234;0.0000;11.0824 
417.36517840000124;47.8816;0.0000;8.3648 
417.41321120000066;50.9772;0.0000;11.0333 
417.4611943;48.5530;0.0000;11.9005 
417.50930860000153;49.5772;0.0000;8.3305 
417.5573159000014;49.5772;0.0000;9.9534 
417.6210744;50.2721;0.0000;9.9534 
417.66912850000153;51.3339;0.0000;9.6096 
417.71729960000084;50.9772;0.0000;10.9850 
417.76541410000027;49.9234;0.0000;8.7841 
417.8136416000016;50.2721;0.0000;10.0230 
417.8770374000014;50.2721;0.0000;7.7157 
417.92529450000075;50.6233;0.0000;7.9532 
417.97331400000076;50.6233;0.0000;10.1637 
418.0212237000014;49.9234;0.0000;7.7794 
418.0695203000014;49.5772;0.0000;11.4402 
418.1330456000014;49.9234;0.0000;11.1316 
418.1812238000002;51.6933;0.0000;9.7821 
418.2293055000009;48.8920;0.0000;9.8806 
418.2772831000002;49.5772;0.0000;8.8752 
418.32534450000094;49.5772;0.0000;10.4369 
418.38909800000147;49.2334;0.0000;8.5361 
418.43703540000024;51.3339;0.0000;10.3644 
418.48532160000104;49.9234;0.0000;11.7240 
418.53327660000105;49.9234;0.0000;9.7821 
418.5813104000008;49.2334;0.0000;9.3055 
418.62938420000137;49.5772;0.0000;9.1769 
418.69300870000006;50.9772;0.0000;9.2410 
418.74121990000094;49.9234;0.0000;9.2606 
418.7891725999998;50.9772;0.0000;11.4402 
418.83725070000037;49.9234;0.0000;10.7335 
418.88550140000007;48.2162;0.0000;8.1257 
418.94918770000004;52.7892;0.0000;12.3520 
418.997341100001;50.6233;0.0000;9.3053 
419.04523750000044;50.6233;0.0000;8.7465 
419.0933678000001;50.6233;0.0000;7.3061 
419.15701640000043;50.2721;0.0000;10.1637 
419.2050100000015;50.6233;0.0000;8.9203 
419.2531682000008;49.9234;0.0000;9.9193 
419.3012202000009;50.2721;0.0000;8.1257 
419.34933210000054;49.9234;0.0000;10.3145 
419.4131223000004;50.2721;0.0000;8.8483 
419.4612345000005;50.6233;0.0000;9.6096 
419.50911070000075;48.5530;0.0000;11.0939 
419.5572505;49.2334;0.0000;10.2211 
419.6055797000008;51.6933;0.0000;12.2687 
419.66914520000137;48.2162;0.0000;10.1289 
419.7174270000014;52.0556;0.0000;9.6931 
419.7652785999999;51.6933;0.0000;8.7271 
419.8133605000003;49.5772;0.0000;10.0845 
419.86163750000014;52.0556;0.0000;10.4369 
419.9251471000007;50.9772;0.0000;9.2106 
419.97306630000094;49.9234;0.0000;9.9886 
420.1794522;50.6233;0.0000;9.3055 
420.21339740000076;48.8920;0.0000;9.1966 
420.24121340000056;51.6933;0.0000;9.6031 
420.2691732000003;50.2721;0.0000;9.3776 
420.30238400000053;49.2334;0.0000;9.6096 
420.3259037000007;51.3339;0.0000;8.7062 
420.35848179999994;48.8920;0.0000;9.5677 
420.3889228000007;50.6233;0.0000;10.5333 
420.4218572000009;49.9234;0.0000;9.4358 
420.48498970000037;47.8816;0.0000;8.3717 
420.5330782000001;50.9772;0.0000;11.7667 
420.5812857000001;50.6233;0.0000;8.5483 
420.6292794000001;47.2187;0.0000;10.4101 
420.6772273000006;53.5354;0.0000;6.6728 
420.74159260000124;47.2187;0.0000;11.9077 
420.7892133000005;58.7571;0.0000;7.3827 
420.83721550000155;50.9772;0.0000;8.9742 
420.8852803000009;48.8920;0.0000;3.6584 
420.93321920000017;50.6233;0.0000;1.3228 
420.98136780000095;55.4614;0.0000;13.8243 
421.0452043000005;45.2779;0.0000;12.6331 
421.09313640000073;45.2779;0.0000;9.0921 
421.1412657000001;48.2162;0.0000;11.3914 
421.1899849000001;48.5530;0.0000;14.9348 
421.252980700001;53.1607;0.0000;11.6828 
421.3014887999998;44.9609;0.0000;10.8201 
421.7183528000005;47.5491;0.0000;4.4724 
421.74704440000096;46.5641;0.0000;8.6365 
421.77414520000093;53.1607;0.0000;9.3141 
421.80209860000105;53.1607;0.0000;13.1523 
421.82705930000157;48.8920;0.0000;12.4882 
421.8508784000005;48.5530;0.0000;7.9280 
421.8828824000011;49.5772;0.0000;9.5136 
421.9104590000006;49.5772;0.0000;8.3134 
421.94839460000003;50.9772;0.0000;8.5356 
421.98098650000065;50.2721;0.0000;10.6779 
422.01372040000024;48.8920;0.0000;10.3375 
422.0455152000013;48.8920;0.0000;9.5800 
422.08507160000045;48.8920;0.0000;9.5800 
422.1174779000012;49.9234;0.0000;9.5800 
422.146884400001;50.9772;0.0000;8.6057 
422.1859241000002;48.5530;0.0000;11.8561 
422.2183163000009;50.6233;0.0000;9.5136 
422.2566086000006;48.8920;0.0000;9.6766 
422.2941320000009;50.9772;0.0000;10.0533 
422.33233120000114;49.2334;0.0000;9.2606 
422.37315670000135;48.5530;0.0000;10.5947 
422.4215424000013;51.3339;0.0000;11.1882 
422.4692896000015;49.2334;0.0000;9.7891 
422.5172687000013;48.2162;0.0000;9.1769 
422.58103140000094;49.9234;0.0000;9.2165 
422.62999350000064;51.3339;0.0000;11.9274 
422.67726180000136;49.2334;0.0000;11.4427 
422.72544449999987;48.5530;0.0000;9.1769 
422.77325910000036;47.5491;0.0000;9.7478 
422.83700450000106;51.3339;0.0000;9.3005 
422.8850659;48.5530;0.0000;13.1419 
422.93312140000126;48.2162;0.0000;9.0498 
422.9812281000013;50.9772;0.0000;9.9145 
423.0292769000007;49.5772;0.0000;9.2606 
423.0772943000011;48.5530;0.0000;10.1914 
423.14110190000065;48.2162;0.0000;8.8202 
423.18923619999987;49.2334;0.0000;11.3548 
423.2371551000015;48.2162;0.0000;10.1235 
423.2851609999998;50.6233;0.0000;9.9145 
423.3333468000001;49.5772;0.0000;9.4358 
423.39696880000156;48.8920;0.0000;9.2410 
423.4451340000014;52.4209;0.0000;7.6959 
423.4931637000009;49.5772;0.0000;9.0298 
423.5414660000006;49.2334;0.0000;10.6588 
423.58924060000027;49.2334;0.0000;10.3644 
423.63724189999994;48.5530;0.0000;9.4111 
423.7014737999998;50.2721;0.0000;8.5920 
423.7491705000011;49.5772;0.0000;10.5839 
423.7974385000016;48.5530;0.0000;9.7307 
423.84532860000036;49.2334;0.0000;8.5663 
423.89334990000134;48.8920;0.0000;10.3644 
423.9571596000005;49.5772;0.0000;10.7759 
424.0051385000006;48.5530;0.0000;9.7143 
424.0532081000001;50.2721;0.0000;9.9836 
424.1014843000012;49.2334;0.0000;9.3704 
424.14932340000087;46.5641;0.0000;8.4835 
424.1974781000008;50.6233;0.0000;11.2052 
424.2611293000009;50.2721;0.0000;9.1966 
424.3090998000007;48.2162;0.0000;9.8504 
424.35731410000153;48.5530;0.0000;12.5276 
424.4053290000011;49.2334;0.0000;11.8780 
424.4533164000004;48.2162;0.0000;9.1769 
424.501279600001;50.6233;0.0000;8.7330 
424.56511990000035;48.8920;0.0000;9.9070 
424.61318930000016;48.8920;0.0000;10.2924 
424.66128610000123;50.6233;0.0000;10.2924 
424.7093984000003;48.2162;0.0000;6.8387 
424.77293120000104;48.2162;0.0000;6.6125 
424.8215906000005;48.2162;0.0000;11.3548 
424.86938180000107;49.5772;0.0000;9.9145 
424.91715770000155;50.6233;0.0000;7.8232 
424.96535570000015;49.5772;0.0000;10.3770 
425.0135225000013;48.5530;0.0000;9.9534 
425.0771639000013;46.8904;0.0000;5.9851 
425.1253245000007;51.6933;0.0000;12.0108 
425.1732858000014;49.5772;0.0000;9.8806 
425.2211987999999;49.5772;0.0000;11.6121 
425.2849961000011;48.2162;0.0000;9.7143 
425.33314640000026;49.2334;0.0000;8.0298 
425.3811607000007;50.9772;0.0000;10.3644 
425.4292796999998;49.2334;0.0000;9.5015 
425.47742740000103;48.2162;0.0000;8.7131 
425.5253633000011;49.2334;0.0000;9.9145 
425.5890983999998;50.2721;0.0000;10.1235 
425.63720340000145;48.2162;0.0000;11.4981 
425.6852505000006;48.5530;0.0000;7.8596 
425.73351150000053;51.3339;0.0000;8.0963 
425.7813031000005;49.2334;0.0000;12.2266 
425.8451139000008;51.3339;0.0000;10.8515 
425.89304059999995;49.2334;0.0000;9.3250 
425.9414444000013;49.5772;0.0000;9.4111 
425.9893581000015;46.8904;0.0000;9.2757 
426.0373501000013;51.6933;0.0000;7.5011 
426.1009759000008;49.5772;0.0000;7.7271 
426.14914710000085;52.4209;0.0000;9.2410 
426.19719110000005;47.5491;0.0000;10.9048 
426.2452148000011;51.3339;0.0000;8.8267 
426.29337680000026;48.2162;0.0000;11.2069 
426.34157120000054;50.2721;0.0000;9.2096 
426.40518669999983;50.6233;0.0000;10.3375 
426.4531614000007;48.2162;0.0000;10.6139 
426.50113390000115;45.9173;0.0000;11.1103 
426.5496168999998;49.9234;0.0000;12.2350 
426.6130705000014;49.2334;0.0000;10.9603 
426.66113680000126;50.2721;0.0000;9.6469 
426.7093313000005;49.2334;0.0000;9.3704 
426.7578781000011;49.9234;0.0000;10.1235 
426.80535280000004;50.2721;0.0000;8.1257 
426.8542148000015;48.8920;0.0000;9.3704 
426.91702950000035;50.2721;0.0000;8.1628 
426.9650268000005;49.5772;0.0000;10.5839 
427.0131792000011;47.8816;0.0000;9.2410 
427.06111390000115;50.2721;0.0000;9.8458 
427.1091886000013;49.2334;0.0000;9.6096 
427.15728910000144;50.2721;0.0000;11.0978 
427.2210904000003;50.2721;0.0000;10.0931 
427.2691252000004;50.9772;0.0000;9.6096 
427.31721540000035;50.6233;0.0000;10.2350 
427.3653782000001;48.8920;0.0000;7.5414 
427.42903470000056;51.3339;0.0000;7.6982 
427.4770349999999;49.9234;0.0000;10.9850 
427.5252350999999;51.3339;0.0000;10.2656 
427.57303610000054;48.8920;0.0000;10.7423 
427.621505000001;49.5772;0.0000;9.1132 
427.68513340000027;48.5530;0.0000;9.2410 
427.7334563000004;51.3339;0.0000;10.4602 
427.781372200001;50.2721;0.0000;9.5677 
427.82930690000103;51.3339;0.0000;13.4190 
427.8771305999999;48.5530;0.0000;8.8451 
427.9412164000005;52.4209;0.0000;8.3531 
427.98920480000015;50.2721;0.0000;9.5206 
428.03725230000055;52.0556;0.0000;6.7819 
428.0853311999999;52.4209;0.0000;12.9005 
428.1333331000005;48.2162;0.0000;5.9493 
428.1971573999999;50.2721;0.0000;10.6268 
428.2452447000014;49.2334;0.0000;10.3145 
428.29334000000017;51.3339;0.0000;9.6805 
428.34143720000066;48.5530;0.0000;9.5549 
428.3894916999998;55.4614;0.0000;9.0429 
428.4532239;44.0202;0.0000;13.1956 
428.5012620000016;53.9134;0.0000;6.7807 
428.5491182000005;55.8579;0.0000;12.5107 
428.59729270000025;50.9772;0.0000;9.2373 
428.64551030000075;50.2721;0.0000;14.4879 
428.70920600000136;50.9772;0.0000;5.5981 
428.75729240000146;46.2397;0.0000;7.6206 
428.805241;49.9234;0.0000;9.7440 
428.85340950000136;48.2162;0.0000;10.0207 
428.9013500000001;55.0688;0.0000;11.1886 
428.9653348000011;47.2187;0.0000;11.7964 
429.0130362;53.1607;0.0000;6.8755 
429.06131490000007;50.2721;0.0000;9.6531 
429.1091508999998;49.9234;0.0000;10.5503 
429.15780260000065;50.6233;0.0000;9.1832 
429.22101440000006;48.8920;0.0000;8.0254 
429.2691958000014;50.2721;0.0000;7.6959 
429.31735800000024;52.4209;0.0000;11.2683 
429.36531000000105;48.2162;0.0000;10.6690 
429.41356520000045;48.8920;0.0000;9.9497 
429.47745730000133;52.7892;0.0000;11.5150 
429.52516450000076;51.6933;0.0000;11.0039 
429.5731620000006;48.5530;0.0000;8.6672 
429.6213634000014;46.5641;0.0000;9.2809 
429.66943470000115;48.8920;0.0000;8.8478 
429.7329475000006;50.9772;0.0000;10.9973 
429.7812898000011;48.8920;0.0000;9.7313 
429.82923570000094;50.6233;0.0000;10.2924 
429.8774222000011;50.9772;0.0000;11.1609 
429.9252047000009;49.9234;0.0000;9.9886 
429.98914380000133;50.2721;0.0000;10.9608 
430.0371539000007;48.5530;0.0000;9.6646 
430.08515930000067;48.5530;0.0000;4.1128 
430.1332923000009;49.9234;0.0000;6.6791 
430.18138400000134;53.1607;0.0000;12.4225 
430.2451372000014;53.5354;0.0000;8.4882 
430.293256500001;47.8816;0.0000;11.3135 
430.3414622;47.2187;0.0000;7.9642 
430.3899751000008;49.2334;0.0000;10.1738 
430.43778740000016;48.5530;0.0000;12.0243 
430.50120400000014;48.8920;0.0000;8.8032 
430.5491152000013;50.6233;0.0000;10.2924 
430.5972462999998;50.6233;0.0000;10.6583 
430.6453352000008;48.2162;0.0000;10.1412 
430.7090275999999;48.2162;0.0000;10.6268 
430.75722170000154;49.5772;0.0000;9.2165 
430.8053555000006;49.9234;0.0000;11.4263 
430.8533879000006;47.5491;0.0000;8.1421 
430.90151570000126;50.6233;0.0000;11.6618 
430.96501940000053;50.2721;0.0000;10.4101 
431.01326730000073;49.2334;0.0000;11.7323 
431.0612402000006;50.9772;0.0000;9.8844 
431.10917040000095;50.9772;0.0000;9.5015 
431.15768930000013;49.2334;0.0000;10.4832 
431.2210212000009;50.6233;0.0000;9.1769 
431.26912210000046;49.5772;0.0000;8.4892 
431.3170992000014;49.9234;0.0000;9.7143 
431.3652428000005;50.6233;0.0000;10.0230 
431.41327920000003;49.2334;0.0000;8.4892 
431.4770292000012;48.8920;0.0000;7.2959 
431.5253728000007;49.2334;0.0000;9.5800 
431.57320849999996;50.6233;0.0000;11.4624 
431.6213090000001;49.2334;0.0000;11.5810 
431.6693774000014;49.5772;0.0000;8.9443 
431.71747959999993;50.6233;0.0000;10.6814 
431.78106500000104;47.8816;0.0000;8.7234 
431.8292588000004;53.9134;0.0000;11.7667 
431.87731070000154;46.8904;0.0000;6.6286 
431.9252776000012;46.5641;0.0000;6.6567 
431.9732377;49.2334;0.0000;8.6161 
432.0370159000013;56.6633;0.0000;12.1031 
432.0850642000005;47.8816;0.0000;8.3479 
432.133230200001;45.9173;0.0000;9.1524 
432.1812022000013;49.9234;0.0000;11.2878 
432.22929699999986;50.2721;0.0000;10.5101 
432.29305960000056;50.2721;0.0000;10.0931 
432.34125459999996;48.2162;0.0000;10.3145 
432.3892900999999;47.2187;0.0000;7.0799 
432.43723670000145;49.9234;0.0000;8.8921 
432.48527430000104;53.5354;0.0000;11.2550 
432.5333844000015;51.6933;0.0000;10.8300 
432.59729100000004;47.5491;0.0000;10.3236 
432.6451795000012;50.2721;0.0000;8.8619 
432.693174;50.9772;0.0000;12.7520 
432.7416659999999;48.5530;0.0000;8.5483 
432.80517090000103;47.8816;0.0000;10.6988 
432.8531743000003;49.9234;0.0000;10.3494 
432.9011825000016;47.2187;0.0000;9.3055 
432.94939049999994;48.5530;0.0000;10.4080 
432.9973447000011;48.5530;0.0000;9.0429 
433.0611423999999;49.5772;0.0000;7.6251 
433.1092101000013;49.5772;0.0000;10.1943 
433.1571985999999;48.5530;0.0000;11.1316 
433.20518660000016;49.2334;0.0000;9.2809 
433.2533430000003;50.2721;0.0000;11.0642 
433.3016690000004;48.5530;0.0000;9.8504 
433.36518050000086;48.5530;0.0000;10.7010 
433.41321960000096;49.5772;0.0000;10.2211 
433.4611646000012;49.5772;0.0000;10.1943 
433.5091527000004;49.9234;0.0000;7.8232 
433.5729943000006;48.5530;0.0000;9.0697 
433.62115620000077;49.5772;0.0000;9.9836 
433.6691369;49.9234;0.0000;9.0068 
433.7175451000003;49.9234;0.0000;7.8883 
433.76535610000064;48.8920;0.0000;10.9603 
433.81325670000115;48.2162;0.0000;10.7759 
433.8770918000009;52.0556;0.0000;8.2630 
433.9250609999999;49.5772;0.0000;9.1977 
433.9731416000013;48.5530;0.0000;9.2410 
434.0213240000012;51.3339;0.0000;8.5663 
434.06946680000146;48.5530;0.0000;9.3250 
434.13302960000146;48.2162;0.0000;9.7478 
434.1811327000014;49.2334;0.0000;12.7721 
434.2294249000006;43.7100;0.0000;-0.7456 
434.2774023000002;48.5530;0.0000;8.6721 
434.3255241000006;44.0202;0.0000;22.8440 
434.38917780000156;47.8816;0.0000;-11.3949 
434.4372275000005;47.5491;0.0000;21.9100 
434.4851695000016;44.6456;0.0000;-6.7290 
434.5334984000001;41.2828;0.0000;-1.0723 
434.59726910000063;36.9570;0.0000;2.6782 
434.64513760000045;36.6776;0.0000;3.5724 
434.6932551000009;30.7587;0.0000;32.9755 
434.74153509999996;26.6770;0.0000;-10.9457 
434.8052967000003;27.6828;0.0000;12.3602 
434.853236500001;29.2092;0.0000;11.1067 
434.9013233000005;27.9357;0.0000;27.5193 
434.96508950000134;27.4305;0.0000;-18.4501 
435.0137459000016;31.0194;0.0000;-5.1925 
435.061377;23.9548;0.0000;2.7334 
435.10917660000086;25.4320;0.0000;11.5340 
435.1730965000006;24.9377;0.0000;26.0348 
435.221233100001;22.7366;0.0000;-11.1200 
435.26920170000085;21.0491;0.0000;0.9522 
435.3175981000004;19.1435;0.0000;-0.9525 
435.3811682000014;19.1435;0.0000;-12.3712 
435.4292022999998;14.2381;0.0000;-1.7555 
435.47731139999996;6.0507;0.0000;7.1885 
435.525283500001;4.9271;0.0000;-46.1927 
435.58970220000083;-1.7898;0.0000;-6.8719 
6.048637399999279;0.0000;0.0000;-0.2652 
6.096650699999373;1.3422;0.0000;-3.2721 
6.144735299998501;-1.5660;0.0000;-0.3551 
6.192549800000052;1.1185;0.0000;2.0111 
6.240645299998505;1.3422;0.0000;-0.2444 
6.288692499998433;0.6711;0.0000;-0.5096 
6.336739499998657;-0.4474;0.0000;-0.4866 
6.384807200000068;0.0000;0.0000;-1.0414 
6.619628200000079;0.0000;0.0000;0.1545 
6.622033399999054;0.0000;0.0000;0.1545 
6.624353699999119;0.0000;0.0000;-0.1545 
6.627127799998561;-0.2237;0.0000;1.4173 
6.640558299999611;-1.1185;0.0000;0.5742 
6.688770499999009;0.4474;0.0000;0.5534 
6.736588499999925;0.0000;0.0000;-0.2214 
6.784570399999211;-0.2237;0.0000;0.0000 
6.832596899999771;0.0000;0.0000;-0.1983 
6.880606999999145;0.0000;0.0000;-1.4173 
6.944406999999046;-0.8948;0.0000;0.3090 
6.992653599998448;1.1185;0.0000;0.2882 
7.040570999999545;-0.2237;0.0000;-0.0899 
7.088618599998881;-1.1185;0.0000;0.2652 
7.136568599999009;0.2237;0.0000;0.8625 
7.184807599998749;-0.2237;0.0000;0.0438 
7.232988499999919;-0.2237;0.0000;-0.0438 
7.296411499999522;0.0000;0.0000;1.6825 
7.344540000000052;0.0000;0.0000;0.1545 
7.39249430000018;0.0000;0.0000;1.5718 
7.44072259999848;0.4474;0.0000;-1.5718 
7.488610099999278;0.2237;0.0000;-0.3759 
7.5369273999986035;0.0000;0.0000;-0.2652 
7.584743999999773;0.2237;0.0000;0.1545 
7.632901599999968;0.2237;0.0000;0.0438 
7.680634700000155;0.0000;0.0000;0.0438 
7.728878699999768;-0.2237;0.0000;0.1545 
7.776715500000137;0.2237;0.0000;0.5742 
7.840506900000037;0.0000;0.0000;-0.1107 
7.88859389999925;0.2237;0.0000;-0.1545 
7.936657700000069;-0.2237;0.0000;1.4611 
7.984796199998527;0.2237;0.0000;-0.0438 
8.03295209999851;0.0000;0.0000;0.0438 
8.08072379999976;1.1185;0.0000;0.1545 
8.128666299999168;0.2237;0.0000;-0.7079 
8.176835199999914;-0.6711;0.0000;0.1983 
8.22497149999981;0.0000;0.0000;2.4962 
8.272741499999029;0.4474;0.0000;0.1545 
8.320709399999032;0.0000;0.0000;-0.0669 
8.384476600000198;0.0000;0.0000;0.0000 
8.432611700000052;0.0000;0.0000;0.1545 
8.48084579999886;0.0000;0.0000;-0.1545 
8.528505700000096;0.0000;0.0000;-0.1545 
8.576665200000207;-0.2237;0.0000;0.7726 
8.62467039999865;-0.2237;0.0000;0.2652 
8.672696099998575;-3.3572;0.0000;-0.3529 
8.720740199998545;1.1185;0.0000;4.2897 
8.784547599998405;0.2237;0.0000;-7.7954 
8.83269560000008;-2.2374;0.0000;-7.9707 
8.880872300000192;-4.4782;0.0000;-11.1344 
8.944560799998726;-4.7026;0.0000;10.3079 
8.992530099998476;-3.8054;0.0000;6.8074 
9.041004999999132;-6.2757;0.0000;-1.5008 
9.08864839999842;-6.9512;0.0000;1.6054 
9.152712399998563;-7.6277;0.0000;-1.3620 
9.200705799999923;-8.3053;0.0000;-16.6200 
9.24882609999986;-8.7577;0.0000;11.1388 
9.31246419999843;-9.4373;0.0000;2.5364 
9.360928499998408;-9.6641;0.0000;-3.2664 
9.408589999999094;-10.5730;0.0000;0.4702 
9.472512999998798;-10.8006;0.0000;-3.3324 
9.5206206999992;-11.9414;0.0000;-4.0060 
9.568750099999306;-11.9414;0.0000;0.1791 
9.63271050000003;-12.3991;0.0000;-6.5922 
9.680581399999937;-12.8576;0.0000;0.5637 
9.728682399998434;-13.7770;0.0000;-3.9366 
9.792511399999057;-13.5468;0.0000;-2.0644 
9.840787299999647;-13.0871;0.0000;-3.9134 
9.889114199999312;-13.7770;0.0000;-2.7230 
9.95271209999919;-14.4690;0.0000;-3.1775 
10.000866200000019;-14.4690;0.0000;-2.3571 
10.064603599999828;-14.4690;0.0000;0.1595 
10.112894099998812;-14.4690;0.0000;-5.8298 
10.160778899999059;-14.9315;0.0000;-3.1546 
10.224669299999732;-15.1631;0.0000;-1.3481 
10.272779899998568;-15.3950;0.0000;-3.2916 
10.336610199999996;-14.9315;0.0000;1.2364 
10.384716900000058;-16.3252;0.0000;-4.5035 
10.432773200000156;-14.9315;0.0000;-4.4552 
10.496714899998551;-15.8595;0.0000;-3.5668 
10.54472159999932;-16.3252;0.0000;-2.0119 
10.60864009999932;-15.8595;0.0000;-4.2950 
10.656923099999403;-16.0922;0.0000;-1.8510 
10.705175499999314;-15.6271;0.0000;0.9383 
10.768598999999085;-15.6271;0.0000;-7.3144 
10.816742599999998;-15.6271;0.0000;-4.4793 
10.86510939999971;-15.8595;0.0000;-4.9620 
10.928536800000074;-16.3252;0.0000;-1.6903 
10.976825499999904;-15.3950;0.0000;0.2788 
11.040475499999957;-15.3950;0.0000;2.6536 
11.088789800000086;-6.2757;0.0000;13.6938 
11.136813499999334;-12.8576;0.0000;3.1934 
11.185214999999516;-10.3455;0.0000;2.3658 
11.248566199999914;-9.8911;0.0000;4.1137 
11.296946200000093;-6.2757;0.0000;-12.6650 
11.344912900000054;-4.4782;0.0000;-0.9189 
11.408647199999905;-3.1331;0.0000;6.5198 
11.456706399998438;-1.5660;0.0000;-2.6757 
11.504783099999258;-1.1185;0.0000;2.5017 
11.552880399998685;0.4474;0.0000;-0.8638 
11.600772799998595;-0.2237;0.0000;1.0414 
11.664956299999176;-0.4474;0.0000;-0.0438 
11.712625099999059;-0.4474;0.0000;0.2214 
11.760752099999081;0.6711;0.0000;0.8394 
11.808825899999647;0.2237;0.0000;-0.1775 
11.856741300000067;0.0000;0.0000;0.0438 
11.904697999998461;0.0000;0.0000;0.1545 
11.952703499999188;0.6711;0.0000;0.3090 
12.001004199999443;0.6711;0.0000;-0.1775 
12.048920899998848;0.0000;0.0000;-0.3320 
12.096720699999423;0.4474;0.0000;1.5718 
12.144590299998526;0.0000;0.0000;-1.7931 
12.192937099998744;0.4474;0.0000;0.3090 
12.240907100000186;0.0000;0.0000;-1.4841 
12.28909979999844;-0.6711;0.0000;0.4635 
12.352616799998941;1.7898;0.0000;-0.4405 
12.400654799999757;-0.2237;0.0000;-1.5036 
12.448803899998893;4.7026;0.0000;5.7809 
12.496746599999824;2.2374;0.0000;-20.2385 
12.545140399999582;-0.6711;0.0000;-15.9272 
12.593015799999193;0.0000;0.0000;0.4866 
12.656614399998944;-1.1185;0.0000;-2.1642 
12.70479399999931;0.2237;0.0000;0.3724 
12.752620599998409;-1.5660;0.0000;1.7441 
12.800668599998971;0.0000;0.0000;0.1568 
12.848652499998934;0.2237;0.0000;0.1545 
12.896803399999044;0.2237;0.0000;-2.7393 
12.944761999999173;0.2237;0.0000;-0.1107 
12.99275789999956;0.2237;0.0000;-0.1107 
13.041259799998443;-0.2237;0.0000;0.8165 
13.088962599998922;0.4474;0.0000;0.1107 
13.1725809999989;-0.2237;0.0000;-0.2214 
13.20049569999901;0.0000;0.0000;0.1107 
13.248642999998992;0.2237;0.0000;0.0000 
13.29666509999879;0.4474;0.0000;-0.2652 
13.344721800000116;0.0000;0.0000;-0.3759 
13.392816899999161;-0.2237;0.0000;0.0000 
13.440703599999324;0.0000;0.0000;-0.0438 
13.488994399998774;0.0000;0.0000;0.0000 
13.53662809999878;-0.6711;0.0000;-0.1545 
13.58462309999959;0.0000;0.0000;1.7493 
13.648391999999149;0.4474;0.0000;-1.4173 
13.696550099999513;0.2237;0.0000;-0.5304 
13.744766199999503;-0.2237;0.0000;-0.1107 
13.792678299998443;0.4474;0.0000;1.5280 
13.841039399998408;0.0000;0.0000;-0.2214 
13.88893839999946;0.2237;0.0000;0.0000 
13.93674319999991;0.0000;0.0000;0.1983 
13.984761499999877;-0.6711;0.0000;0.0000 
14.032676699998774;0.0000;0.0000;1.8775 
14.080649199999243;0.0000;0.0000;-0.1545 
14.129244499999913;0.2237;0.0000;0.1545 
14.192560699999376;0.0000;0.0000;-0.2652 
14.240660299999945;0.4474;0.0000;-1.5718 
14.28859939999893;0.0000;0.0000;-0.0669 
14.336672999999792;0.0000;0.0000;-1.4173 
14.384570000000167;0.0000;0.0000;0.0000 
14.432789799999227;0.0000;0.0000;-0.1545 
14.48060599999917;-0.2237;0.0000;0.1545 
14.528726299999107;0.0000;0.0000;-1.3066 
14.576744199999666;0.0000;0.0000;0.1545 
14.6249657999997;-0.2237;0.0000;0.1545 
14.688476399998763;0.0000;0.0000;1.9915 
14.736482799999067;0.0000;0.0000;1.4173 
14.784569899999042;0.0000;0.0000;0.1545 
14.832626399998844;0.2237;0.0000;0.1545 
14.880538699999306;0.0000;0.0000;-0.2652 
14.928657999998904;0.0000;0.0000;-0.1545 
14.97655499999928;0.0000;0.0000;0.1545 
15.024642099999255;0.0000;0.0000;0.0000 
15.072591299998749;0.0000;0.0000;-0.1545 
15.120827099999588;-0.2237;0.0000;0.1545 
15.168776699998489;0.4474;0.0000;0.1107 
15.217084099998829;0.0000;0.0000;-0.2214 
15.28039329999956;0.0000;0.0000;-1.2628 
15.32846889999928;0.2237;0.0000;0.0000 
15.376715700000204;-0.4474;0.0000;-0.1107 
15.424565499999517;0.0000;0.0000;0.5304 
15.47268019999865;0.2237;0.0000;0.0000 
15.520726400000058;0.2237;0.0000;-1.3734 
15.568551399999706;0.4474;0.0000;-0.1107 
15.61660849999862;0.0000;0.0000;-1.6386 
15.66485990000001;0.2237;0.0000;0.0000 
15.712680900000123;0.0000;0.0000;-0.2652 
15.760690600000089;-0.2237;0.0000;0.0000 
15.80899749999844;0.0000;0.0000;1.5280 
15.872534499998437;-0.6711;0.0000;0.1545 
15.92065989999901;-0.4474;0.0000;0.3320 
15.968771799998649;0.0000;0.0000;0.2214 
16.016646999998557;0.0000;0.0000;1.5718 
16.064617899999575;0.0000;0.0000;0.0000 
16.11256869999852;0.0000;0.0000;1.7263 
16.160624799998914;-0.2237;0.0000;0.1545 
16.20855599999959;0.2237;0.0000;-0.0438 
16.25665719999961;0.4474;0.0000;-0.1107 
16.30471839999882;0.2237;0.0000;-0.2214 
16.36837959999866;-0.2237;0.0000;0.0438 
16.41650639999898;0.0000;0.0000;0.1107 
16.464531099998567;0.2237;0.0000;1.4173 
16.512516499999037;0.0000;0.0000;-0.1107 
16.560642299999017;-0.2237;0.0000;0.1545 
16.608556600000156;-0.2237;0.0000;0.2652 
16.656848399999944;0.0000;0.0000;0.1107 
16.704858199998853;-0.2237;0.0000;0.1545 
16.752609099999972;0.0000;0.0000;0.1107 
16.801160299999538;0.2237;0.0000;-1.7263 
16.848729899998943;0.2237;0.0000;-1.5280 
16.912549199998466;-0.2237;0.0000;-0.1107 
16.960874299998977;0.0000;0.0000;1.3734 
17.00865309999972;0.0000;0.0000;0.0000 
17.056656499999008;0.0000;0.0000;-0.1545 
17.10477179999907;0.2237;0.0000;1.5718 
17.15256379999846;0.0000;0.0000;-1.5280 
17.20066919999954;0.2237;0.0000;-0.1545 
17.248523700000078;0.0000;0.0000;-0.1107 
17.296734399998968;-0.2237;0.0000;0.0000 
17.34464200000002;-0.2237;0.0000;1.5280 
17.392654699999184;0.2237;0.0000;0.2652 
17.456416199998785;-0.4474;0.0000;0.1983 
17.504492899999605;0.0000;0.0000;0.3759 
17.55243319999863;0.0000;0.0000;1.7263 
17.60041689999889;0.0000;0.0000;0.1545 
17.648705999999947;0.4474;0.0000;-1.4173 
17.69662249999965;0.2237;0.0000;-0.0669 
17.7445845000002;0.0000;0.0000;-0.2652 
17.792465399999855;0.0000;0.0000;0.0000 
17.840578399998776;0.0000;0.0000;-7.2420 
17.888808699999572;-0.4474;0.0000;-4.7164 
17.95271539999885;-1.3422;0.0000;-2.4327 
18.001011299998936;-2.6852;0.0000;-4.6699 
18.048708299998907;-4.2539;0.0000;-3.3612 
18.112563299999238;-4.7026;0.0000;-1.1435 
18.160735299999942;-6.9512;0.0000;-2.8040 
18.20858429999862;-6.7259;0.0000;0.0552 
18.25660169999901;-8.0793;0.0000;-4.9318 
18.30464260000008;-9.4373;0.0000;-7.2533 
18.36873579999883;-10.5730;0.0000;-5.7890 
18.416732699999557;-10.5730;0.0000;-3.6462 
18.464712999999392;-11.9414;0.0000;1.7032 
18.5287088999994;-11.0284;0.0000;-4.0732 
18.95195009999952;-14.9315;0.0000;3.9678 
18.954988199999207;-14.4690;0.0000;-2.6062 
18.957824199998868;-15.6271;0.0000;-4.5718 
18.961025399999926;-16.0922;0.0000;-1.8053 
18.96471930000007;-17.4941;0.0000;-1.4146 
18.967583099998592;-17.0257;0.0000;-4.0377 
18.97039330000007;-17.0257;0.0000;-2.4045 
18.974559999998746;-18.4347;0.0000;-2.0805 
19.00891099999899;-18.4347;0.0000;-3.4494 
19.07248889999937;-18.4347;0.0000;-4.1018 
19.120574799999304;-19.3805;0.0000;-4.1018 
19.18495289999919;-20.5705;0.0000;-1.1263 
19.23288799999864;-19.1435;0.0000;-3.2086 
19.28065119999883;-18.9069;0.0000;-6.4846 
19.344649999999092;-20.3318;0.0000;-5.9421 
19.39322319999883;-19.3805;0.0000;-2.2375 
19.456520499999897;-20.8096;0.0000;-2.8721 
19.50468179999916;-20.5705;0.0000;-4.4086 
19.55275829999846;-21.7699;0.0000;-4.1958 
19.616471100000126;-21.5292;0.0000;-5.0196 
19.66449509999984;-20.0934;0.0000;-6.2264 
19.72869179999907;-22.0110;0.0000;-5.9306 
19.776601199999277;-22.9794;0.0000;-3.3179 
19.824935799999366;-22.4943;0.0000;-7.0027 
19.888864399999875;-22.7366;0.0000;-3.4928 
19.936740899998767;-22.7366;0.0000;-5.2965 
20.000555699998586;-24.6912;0.0000;-1.7877 
20.04873950000001;-23.9548;0.0000;-9.9996 
20.096668999998656;-24.4453;0.0000;-8.6086 
20.16058089999933;-23.4662;0.0000;-1.7340 
20.20883959999992;-26.4269;0.0000;-6.4708 
20.272554499999387;-26.4269;0.0000;-1.1441 
20.32116439999845;-25.6800;0.0000;-3.5880 
20.36876829999892;-26.1774;0.0000;-6.7927 
20.432747400000153;-26.4269;0.0000;-3.7120 
20.480840799998987;-28.1892;0.0000;-6.9413 
20.54458589999922;-28.9533;0.0000;-2.3391 
20.592818899998747;-29.4658;0.0000;-2.3103 
20.640738999998575;-28.6979;0.0000;-6.4851 
20.70471539999926;-28.6979;0.0000;-2.6121 
20.75281240000004;-30.7587;0.0000;-3.4961 
20.81656169999951;-29.7230;0.0000;-9.7421 
20.86465329999919;-29.7230;0.0000;-4.7635 
20.92862629999945;-31.5428;0.0000;-5.8448 
20.976515899999868;-31.0194;0.0000;-4.9446 
21.024996099999044;-31.5428;0.0000;-7.6761 
21.08873289999974;-30.7587;0.0000;-13.9644 
21.136752099999285;-31.2808;0.0000;-7.8051 
21.200573999998596;-31.8057;0.0000;-5.9487 
21.248741899999004;-32.0693;0.0000;-5.1792 
21.296769599999607;-22.9794;0.0000;16.5574 
21.36052749999908;-26.6770;0.0000;31.9368 
21.4086714999994;-18.6707;0.0000;7.7277 
21.45662110000012;-18.4347;0.0000;-20.9499 
21.520754399998623;-14.0074;0.0000;37.4120 
21.568789099999776;-12.1702;0.0000;-49.0956 
21.63261219999913;-7.1766;0.0000;15.4145 
21.680555699998877;-2.6852;0.0000;30.9997 
21.72858279999855;4.7026;0.0000;8.4683 
21.77682199999981;0.6711;0.0000;-34.0024 
21.840945299998566;-0.2237;0.0000;-0.4866 
21.888822699998855;0.2237;0.0000;0.1107 
21.93659469999875;0.0000;0.0000;0.1983 
21.984609099999943;0.0000;0.0000;0.0000 
22.03263689999949;0.2237;0.0000;1.5718 
22.080746599998747;0.2237;0.0000;0.0438 
22.128794799999014;0.4474;0.0000;-0.2652 
22.176823499999955;-0.2237;0.0000;-0.3759 
22.240748299998813;-0.2237;0.0000;-0.0438 
22.288623099999313;0.0000;0.0000;-0.0438 
22.336662399999113;0.0000;0.0000;0.0000 
22.384750799999892;-0.2237;0.0000;0.0000 
22.43292990000009;-0.2237;0.0000;0.2652 
22.4806994999999;0.0000;0.0000;0.1107 
22.52871210000012;0.0000;0.0000;-1.4173 
22.577648799999224;0.2237;0.0000;1.4173 
22.624896199999057;0.0000;0.0000;0.0438 
22.67269379999925;0.0000;0.0000;0.0000 
22.72086859999945;0.0000;0.0000;-0.1545 
22.784528899999714;0.2237;0.0000;-1.2628 
22.832542599999215;0.0000;0.0000;-0.1107 
22.880517999999938;0.0000;0.0000;0.1545 
22.928575099998852;0.2237;0.0000;-1.4173 
22.97657629999958;0.2237;0.0000;-0.2652 
23.024642700000186;0.2237;0.0000;0.0438 
23.07269289999931;0.0000;0.0000;-0.2652 
23.120912899999894;0.0000;0.0000;0.0000 
23.168711299998904;0.0000;0.0000;0.0000 
23.216823799999474;0.0000;0.0000;-0.1545 
23.26474330000019;-0.4474;0.0000;0.0000 
23.312783899998976;0.0000;0.0000;0.5304 
23.360775999999532;0.0000;0.0000;0.0000 
23.424446999999418;0.0000;0.0000;-1.4173 
23.472421099999337;0.0000;0.0000;0.1545 
23.521049399998446;0.0000;0.0000;-0.1545 
23.568652799998745;-0.4474;0.0000;-1.5718 
23.616781999999148;-0.2237;0.0000;1.9477 
23.664675500000158;0.0000;0.0000;0.1107 
23.71275969999988;0.0000;0.0000;0.0000 
23.760724499999924;0.2237;0.0000;0.1545 
23.80885969999872;0.0000;0.0000;1.3066 
23.856794199999058;0.0000;0.0000;-0.1545 
23.904689599999983;0.0000;0.0000;0.1545 
23.952988099999857;0.2237;0.0000;0.1545 
24.01649609999913;-0.2237;0.0000;-0.1107 
24.064601899999616;0.0000;0.0000;0.1107 
24.112621999998737;-0.2237;0.0000;0.1545 
24.160746699999436;-0.2237;0.0000;1.5280 
24.20886259999861;0.0000;0.0000;-0.0438 
24.25656749999871;0.2237;0.0000;0.0000 
24.304666799998813;0.0000;0.0000;1.3066 
24.352639900000213;0.2237;0.0000;1.4173 
24.40076979999867;0.0000;0.0000;-0.2652 
24.448724299998503;0.4474;0.0000;0.0000 
24.49683389999882;0.2237;0.0000;-0.2214 
24.56047039999976;0.0000;0.0000;-0.1107 
24.60856429999876;-0.2237;0.0000;0.1545 
24.656530499998553;0.2237;0.0000;0.1107 
24.704837599998427;0.2237;0.0000;-0.2652 
24.752688699998544;0.0000;0.0000;-0.1107 
24.800807699999496;0.0000;0.0000;-1.5718 
24.848743399999876;-0.2237;0.0000;0.0000 
24.896865799999432;0.0000;0.0000;-1.4611 
24.944959899999958;0.0000;0.0000;-1.4173 
24.99279589999969;0.0000;0.0000;0.1545 
25.05648089999886;-0.2237;0.0000;-0.1545 
25.104630099998758;0.0000;0.0000;1.5280 
25.152615799999694;0.0000;0.0000;0.1545 
25.200653899999452;0.0000;0.0000;-0.1545 
25.24875939999947;0.2237;0.0000;-0.1545 
25.296752499998547;0.2237;0.0000;-0.1107 
25.344840899999326;0.0000;0.0000;-1.3734 
25.39275389999966;0.0000;0.0000;0.0000 
25.440791799999715;0.2237;0.0000;0.0000 
25.48862259999987;0.2237;0.0000;1.1521 
25.552468599998974;0.0000;0.0000;0.0438 
25.600474199998644;0.2237;0.0000;0.0000 
25.64860349999981;0.2237;0.0000;0.0438 
25.69643609999912;-0.2237;0.0000;-0.2652 
25.744687299998986;-0.2237;0.0000;1.5280 
25.792657999998482;-0.2237;0.0000;0.2652 
25.840775599999688;0.0000;0.0000;0.1107 
25.88880109999991;0.0000;0.0000;-1.4173 
25.93696429999909;0.0000;0.0000;-0.1545 
25.98490959999981;0.6711;0.0000;-0.1545 
26.048618099999658;-0.2237;0.0000;-0.3320 
26.096550299998853;-0.2237;0.0000;0.2652 
26.144457700000203;0.0000;0.0000;-1.1521 
26.192542999999205;0.0000;0.0000;0.0000 
26.24076149999928;0.4474;0.0000;1.4173 
26.288798799998403;0.0000;0.0000;0.0877 
26.336933699998553;0.2237;0.0000;-0.1545 
26.38472819999879;0.2237;0.0000;-0.1107 
26.43273279999994;0.0000;0.0000;0.0438 
26.48159359999954;0.2237;0.0000;0.0000 
26.52883809999912;0.2237;0.0000;1.4611 
26.576929999999265;0.0000;0.0000;0.0438 
26.640784899998835;-0.4474;0.0000;0.0000 
26.68851639999957;0.2237;0.0000;0.2214 
26.73655189999954;-0.2237;0.0000;0.0438 
26.78459599999951;-0.2237;0.0000;0.1107 
26.83276669999941;0.0000;0.0000;-0.1983 
26.881245399999898;0.2237;0.0000;-0.3090 
26.928758399999424;0.2237;0.0000;-0.1107 
26.97679160000007;0.0000;0.0000;-0.1107 
27.040575799999715;-0.2237;0.0000;-1.2628 
27.088524400000097;0.4474;0.0000;-0.0438 
27.136657099999866;-0.2237;0.0000;-0.2214 
27.184658000000127;-0.4474;0.0000;0.5742 
27.23277869999947;0.2237;0.0000;0.2214 
27.280857199999446;-4.4782;0.0000;-0.1107 
27.328801999999996;0.0000;0.0000;0.9796 
27.37678379999852;0.0000;0.0000;0.1545 
27.424772700000176;0.2237;0.0000;0.0000 
27.488417099999424;0.2237;0.0000;-1.3734 
27.536544499998854;0.4474;0.0000;-0.1107 
27.584523099998478;0.2237;0.0000;-0.3759 
27.63273339999978;-0.2237;0.0000;-0.1107 
27.680736099999194;-0.2237;0.0000;-0.3529 
27.728728599999158;0.0000;0.0000;0.2652 
27.77655659999982;0.0000;0.0000;0.1545 
27.82521379999889;0.2237;0.0000;-0.4635 
27.88842769999974;0.0000;0.0000;-0.1107 
27.93688629999997;0.2237;0.0000;0.9271 
27.984569799999008;0.6711;0.0000;0.9976 
28.0326460999986;0.2237;0.0000;-0.1775 
28.080557299999782;-0.4474;0.0000;-0.1107 
28.12886249999974;-0.4474;0.0000;0.0404 
28.17667789999905;0.0000;0.0000;0.0669 
28.22470649999923;0.0000;0.0000;-1.4173 
28.272731699998985;0.0000;0.0000;0.1545 
28.32065479999983;-0.2237;0.0000;0.9537 
28.38482870000007;0.0000;0.0000;0.2652 
28.432400199999392;0.0000;0.0000;1.4173 
28.4807294000002;0.0000;0.0000;-1.5718 
28.528583999999682;0.0000;0.0000;0.0000 
28.576551999998628;0.2237;0.0000;0.0000 
28.624517399999604;0.0000;0.0000;-0.2652 
28.672974799999793;-0.2237;0.0000;0.0000 
28.721379399999933;0.0000;0.0000;0.2652 
28.768510799998694;-0.2237;0.0000;0.0000 
28.816795699998693;0.2237;0.0000;0.1107 
28.864896099999896;0.0000;0.0000;-0.1107 
28.912767699999677;0.0000;0.0000;0.0000 
28.960859299999356;0.2237;0.0000;0.1545 
29.008792900000117;0.2237;0.0000;-0.1107 
29.05691729999853;0.4474;0.0000;-0.1107 
29.120614800000112;0.0000;0.0000;-0.3759 
29.16854400000011;0.0000;0.0000;-1.4173 
29.216729899999336;0.0000;0.0000;0.1545 
29.264671399998406;0.0000;0.0000;0.0000 
29.312853199999154;0.0000;0.0000;-1.2628 
29.36075709999932;0.0000;0.0000;0.0000 
29.408650299999863;0.4474;0.0000;0.1545 
29.4568091000001;0.0000;0.0000;1.0414 
29.50473299999976;-0.2237;0.0000;0.1545 
29.55278729999918;0.0000;0.0000;-0.0438 
29.60099099999934;0.0000;0.0000;-1.4173 
29.64908370000012;0.2237;0.0000;0.0000 
29.696809299999586;0.0000;0.0000;0.0438 
29.760404799999378;0.0000;0.0000;0.1545 
29.80857069999911;0.2237;0.0000;0.0000 
29.85652200000004;0.2237;0.0000;1.1521 
29.9045815999998;0.2237;0.0000;-1.5280 
29.952663699999903;-0.2237;0.0000;0.1983 
30.000874999999724;-0.2237;0.0000;0.2652 
30.048761599999125;-0.2237;0.0000;-0.0438 
30.096733700000186;0.2237;0.0000;0.2652 
30.14486930000021;0.0000;0.0000;0.0438 
30.192751799999314;0.2237;0.0000;0.0000 
30.25641959999848;0.2237;0.0000;-0.2652 
30.30438299999878;0.2237;0.0000;1.4611 
30.352446099999725;0.0000;0.0000;0.0438 
30.40058609999869;0.6711;0.0000;-1.4173 
30.448588199998994;-0.2237;0.0000;0.1315 
30.49666849999994;-3.1331;0.0000;-0.0438 
30.544793399998525;-0.8948;0.0000;2.9411 
30.592759399998613;0.6711;0.0000;-0.0208 
30.640865699999267;0.2237;0.0000;-0.3320 
30.704501499998514;0.0000;0.0000;-0.1107 
30.752569299998868;0.2237;0.0000;0.0000 
30.800404499999786;0.0000;0.0000;0.0438 
30.848604499999055;-0.2237;0.0000;1.2628 
30.896643899999617;0.2237;0.0000;-1.3066 
30.944611599999917;0.0000;0.0000;0.0438 
30.99274129999867;0.6711;0.0000;0.1545 
31.040557999998782;0.6711;0.0000;-0.6411 
31.088867599999503;0.2237;0.0000;-0.0230 
31.13694199999918;-0.2237;0.0000;-0.1107 
31.184783900000184;0.0000;0.0000;0.1107 
31.233173699998588;0.0000;0.0000;0.0000 
31.29681189999974;-0.2237;0.0000;0.1545 
31.344555699999546;0.2237;0.0000;0.4197 
31.39241849999962;-0.2237;0.0000;-0.1107 
31.44083219999993;0.0000;0.0000;1.3734 
31.488802799998666;-0.2237;0.0000;-0.1545 
31.537144899999475;0.2237;0.0000;1.5280 
31.58468139999968;0.2237;0.0000;0.0438 
31.632954699998663;0.4474;0.0000;-1.5280 
31.696517999998832;-0.4474;0.0000;-0.3759 
31.74479059999976;-0.2237;0.0000;0.5304 
31.79278599999998;-0.2237;0.0000;0.1107 
31.840717899998708;0.0000;0.0000;0.1107 
31.88863969999875;0.0000;0.0000;0.1545 
31.936733299999105;0.4474;0.0000;0.0000 
31.98470279999856;-0.2237;0.0000;-0.2214 
32.03272949999882;0.2237;0.0000;-0.0438 
32.09647979999863;-1.1185;0.0000;-1.6825 
32.14466099999845;-0.2237;0.0000;1.3260 
32.192610299998705;0.0000;0.0000;0.1107 
32.24068559999978;-0.4474;0.0000;-0.1545 
32.28869519999898;0.4474;0.0000;1.9477 
32.35244419999981;-1.1185;0.0000;-11.7162 
32.400430399999095;0.0000;0.0000;-8.5435 
32.44841799999995;-3.8054;0.0000;2.6806 
32.49660039999981;-3.5813;0.0000;-6.4158 
32.54476789999899;-6.9512;0.0000;-2.4075 
32.608627499999784;-8.5314;0.0000;-0.4121 
32.65680499999871;-9.2106;0.0000;-1.9843 
32.7046621999998;-11.2564;0.0000;12.6897 
32.753203599999324;-10.8006;0.0000;2.0467 
32.81661219999842;-12.1702;0.0000;-2.7465 
32.86479309999959;-12.6282;0.0000;-4.1189 
32.929759900000136;-13.0871;0.0000;-4.2086 
32.97650849999991;-14.2381;0.0000;-0.3650 
33.02474809999876;-15.1631;0.0000;-4.5263 
33.0887017999994;-15.1631;0.0000;-1.8738 
33.1368438999998;-16.3252;0.0000;-3.6129 
33.200752400000056;-17.2597;0.0000;-3.6827 
33.248764899999514;-17.7288;0.0000;-2.0117 
33.296752399999605;-17.9638;0.0000;-0.4766 
33.36053179999908;-18.1991;0.0000;-6.3550 
33.40866329999881;-18.1991;0.0000;-2.1487 
33.47248619999846;-18.6707;0.0000;-5.4722 
33.520729500000016;-18.9069;0.0000;-2.4038 
33.568545999998605;-18.9069;0.0000;-2.4503 
33.632540399999925;-19.1435;0.0000;-3.7047 
33.68074429999979;-19.3805;0.0000;-4.6792 
33.744491800000105;-18.6707;0.0000;-3.7975 
33.79333919999954;-19.6178;0.0000;-5.7299 
33.8408703999994;-19.6178;0.0000;-1.1730 
33.904549699998825;-20.3318;0.0000;-4.0081 
33.95267309999872;-20.0934;0.0000;-2.5666 
34.000766099999964;-19.6178;0.0000;1.8974 
34.06455869999991;-17.7288;0.0000;-2.5908 
34.112637899999754;-19.1435;0.0000;1.1544 
34.17646969999987;-15.1631;0.0000;-4.8004 
34.22563889999947;-14.9315;0.0000;-1.8743 
34.272728500000085;-12.6282;0.0000;-2.1283 
34.33683479999854;-13.5468;0.0000;18.6331 
34.38489169999957;-9.2106;0.0000;1.6046 
34.432748600000195;-6.5007;0.0000;-5.4318 
34.49644549999903;-3.1331;0.0000;-1.1634 
34.54477140000017;-2.9091;0.0000;3.4582 
34.59252679999918;1.5660;0.0000;-62.0125 
34.640657299998566;0.0000;0.0000;0.4614 
34.68866999999955;0.0000;0.0000;0.1545 
34.73680349999995;-0.2237;0.0000;0.1545 
34.78485409999848;0.0000;0.0000;0.1107 
34.83274619999975;0.0000;0.0000;0.0000 
34.88082789999862;-0.2237;0.0000;0.4635 
34.94483109999965;-0.2237;0.0000;0.4197 
34.992603199998484;-0.2237;0.0000;-0.0438 
35.0405899999987;0.2237;0.0000;0.4197 
35.08863569999994;0.2237;0.0000;-0.1107 
35.13687749999917;0.4474;0.0000;0.0438 
35.184969799998726;0.0000;0.0000;-0.0669 
35.2326841999984;0.2237;0.0000;1.4173 
35.28073499999846;0.2237;0.0000;-1.5280 
35.328758699999526;0.0000;0.0000;-0.1107 
35.376737099999445;0.2237;0.0000;0.1545 
35.4249136999988;-0.2237;0.0000;1.4611 
35.48873149999963;0.0000;0.0000;-1.1521 
35.53651050000008;0.2237;0.0000;0.1545 
35.58456819999992;0.4474;0.0000;1.4611 
35.63274689999889;-0.2237;0.0000;-1.6386 
35.6805717999996;0.0000;0.0000;0.2652 
35.72872989999996;0.0000;0.0000;1.4173 
35.77672910000001;0.0000;0.0000;0.0000 
35.82467949999955;0.2237;0.0000;0.0000 
35.872725600000194;0.4474;0.0000;-0.2652 
35.920818299999155;0.0000;0.0000;-0.3759 
35.968847499998446;0.0000;0.0000;1.7263 
36.01657829999931;0.0000;0.0000;0.0000 
36.06522489999952;0.2237;0.0000;0.1545 
36.12841560000015;0.0000;0.0000;0.0438 
36.17659149999963;0.0000;0.0000;-1.1083 
36.224647499999264;0.0000;0.0000;1.1083 
36.27256999999918;0.6711;0.0000;0.1545 
36.3207653999998;0.2237;0.0000;0.9307 
36.3686476999992;0.0000;0.0000;-0.1107 
36.41662759999963;0.0000;0.0000;0.1545 
36.46452270000009;0.2237;0.0000;0.1545 
36.51309079999919;0.0000;0.0000;-0.1107 
36.56067249999978;0.2237;0.0000;0.1545 
36.60894079999889;0.0000;0.0000;-0.1107 
36.65664199999992;0.0000;0.0000;0.0000 
36.704551199998605;-0.2237;0.0000;1.4173 
36.768361299999015;-0.2237;0.0000;0.1107 
36.81663949999893;0.0000;0.0000;-1.3066 
36.86471849999907;0.0000;0.0000;-0.3090 
36.912564599999314;0.2237;0.0000;0.3090 
36.96055199999864;0.2237;0.0000;-0.1107 
37.008629899999505;0.0000;0.0000;0.1983 
37.05646720000004;0.2237;0.0000;1.5718 
37.10491069999989;0.0000;0.0000;-0.2652 
37.15286569999989;0.0000;0.0000;0.1545 
37.20074029999887;0.2237;0.0000;-0.3090 
37.24889780000012;-0.2237;0.0000;1.3066 
37.312589899998784;0.2237;0.0000;-1.1521 
37.36083309999958;0.2237;0.0000;0.0438 
37.40844349999861;0.0000;0.0000;-0.2652 
37.45657149999897;0.2237;0.0000;0.1545 
37.504659000000174;0.0000;0.0000;-1.6825 
37.55285619999995;-0.2237;0.0000;0.1545 
37.60092089999853;0.0000;0.0000;0.2652 
37.648718200000076;-0.2237;0.0000;-0.1545 
37.69672619999983;0.0000;0.0000;-1.3066 
37.76047389999985;-0.2237;0.0000;0.0000 
37.80850129999999;-0.2237;0.0000;-0.0438 
37.85654590000013;-0.2237;0.0000;0.1107 
37.90465260000019;-0.2237;0.0000;-0.0438 
37.952801599998566;0.0000;0.0000;0.1107 
38.00076459999946;0.2237;0.0000;-1.4173 
38.04891229999885;0.0000;0.0000;0.0438 
38.09680809999918;-0.2237;0.0000;1.5718 
38.1604883;0.0000;0.0000;0.1107 
38.20843009999953;0.2237;0.0000;0.1545 
38.25645579999946;0.0000;0.0000;-0.1107 
38.30466249999881;-0.2237;0.0000;-0.1545 
38.352632000000085;0.2237;0.0000;0.2652 
38.400710599999;0.6711;0.0000;1.3066 
38.4485181;0.0000;0.0000;-0.3320 
38.49662639999951;0.0000;0.0000;0.0000 
38.545615899998666;0.2237;0.0000;-0.1545 
38.59271429999899;-0.2237;0.0000;-0.2652 
38.656488399999944;0.0000;0.0000;-0.0438 
38.7045349;0.0000;0.0000;0.0000 
38.752589399999124;0.2237;0.0000;-0.6181 
38.80064709999897;0.0000;0.0000;-1.5280 
38.84863739999855;0.0000;0.0000;0.0000 
38.8965393999988;0.2237;0.0000;0.1545 
38.94459479999932;0.0000;0.0000;-0.2652 
38.99259910000001;0.0000;0.0000;0.1545 
39.040679399999135;0.2237;0.0000;0.1545 
39.088647099999434;0.4474;0.0000;1.4611 
39.13676519999899;0.0000;0.0000;-0.2214 
39.18467189999865;0.0000;0.0000;-1.5718 
39.2327940999985;0.0000;0.0000;0.3090 
39.28080679999948;0.0000;0.0000;0.1545 
39.34451199999967;0.0000;0.0000;0.0000 
39.39247459999933;-0.2237;0.0000;0.1545 
39.44049409999934;0.0000;0.0000;0.2652 
39.48856319999868;0.0000;0.0000;0.1545 
39.53673319999871;-0.2237;0.0000;0.0000 
39.58464939999976;0.0000;0.0000;0.4197 
39.63268339999922;0.2237;0.0000;-1.4173 
39.68070859999898;0.0000;0.0000;0.0438 
39.72974299999987;-0.2237;0.0000;0.0000 
39.77652059999855;0.0000;0.0000;0.2652 
39.82511969999905;0.0000;0.0000;0.1545 
39.873019900000145;0.0000;0.0000;-1.4173 
39.93643829999928;0.2237;0.0000;-1.4173 
39.98454849999871;0.2237;0.0000;-0.1107 
40.03281429999879;-0.2237;0.0000;-1.6825 
40.0804876000002;-0.2237;0.0000;0.2652 
40.1286315999987;0.2237;0.0000;-0.0438 
40.17697499999849;0.2237;0.0000;0.0438 
40.22491979999904;0.2237;0.0000;1.3066 
40.2725808999985;0.4474;0.0000;-0.1107 
40.32086369999888;0.4474;0.0000;-0.2214 
40.36857889999919;0.2237;0.0000;-0.2214 
40.43253039999945;-0.4474;0.0000;1.4611 
40.48057569999946;0.0000;0.0000;0.2214 
40.528485299999375;0.2237;0.0000;0.0000 
40.57640910000009;0.0000;0.0000;-0.2652 
40.624410099999295;0.0000;0.0000;0.1545 
40.67242559999977;0.2237;0.0000;0.0000 
40.72062579999874;0.2237;0.0000;0.0438 
40.76888019999933;0.2237;0.0000;-1.5280 
40.8166016999985;0.0000;0.0000;-1.5280 
40.86467839999932;0.0000;0.0000;-0.1545 
40.91281100000015;0.0000;0.0000;0.3090 
40.96061759999975;0.0000;0.0000;0.1545 
41.0086081999998;0.0000;0.0000;0.0000 
41.05685799999992;0.2237;0.0000;-0.1545 
41.12031289999868;0.0000;0.0000;-0.1107 
41.16844899999887;0.0000;0.0000;-0.1545 
41.216451499998584;0.2237;0.0000;0.0000 
41.26459519999844;0.0000;0.0000;-0.2652 
41.31272649999846;0.0000;0.0000;1.4173 
41.36073469999974;0.0000;0.0000;0.1545 
41.408687199998894;-0.2237;0.0000;0.0000 
41.45663749999949;-0.2237;0.0000;0.1107 
41.5047212999998;0.0000;0.0000;1.6825 
41.55265949999921;0.0000;0.0000;0.0000 
41.60086959999899;0.0000;0.0000;0.0000 
41.64875380000012;-0.8948;0.0000;-1.4173 
41.712518599999385;0.0000;0.0000;0.5972 
41.760551999999734;0.0000;0.0000;0.3090 
41.808638299999075;0.0000;0.0000;-1.4173 
41.85651409999991;0.0000;0.0000;1.4173 
41.90454989999853;0.0000;0.0000;0.1545 
41.95287019999887;0.2237;0.0000;0.0000 
42.00056989999939;0.2237;0.0000;-0.1107 
42.04854609999893;0.0000;0.0000;0.0438 
42.09661919999962;0.2237;0.0000;-0.1545 
42.14465819999896;0.0000;0.0000;-1.3734 
42.193048799999815;0.0000;0.0000;-0.1545 
42.25645709999844;0.2237;0.0000;-0.1545 
42.304439399998955;0.0000;0.0000;-1.3734 
42.35247539999909;0.0000;0.0000;0.1545 
42.40059029999975;-0.2237;0.0000;0.0000 
42.44858529999874;0.4474;0.0000;0.1107 
42.49657969999862;0.0000;0.0000;-0.2214 
42.54464159999952;-0.2237;0.0000;0.0000 
42.59282749999875;0.0000;0.0000;1.5280 
42.64087549999931;-0.2237;0.0000;1.2628 
42.68853989999843;0.2237;0.0000;0.4197 
42.73690539999916;0.0000;0.0000;0.0438 
42.800424799999746;0.2237;0.0000;0.0000 
42.84854979999909;0.2237;0.0000;-0.1107 
42.896474999999555;-0.2237;0.0000;-0.2652 
42.94491579999885;-0.2237;0.0000;-0.0438 
42.99277669999901;0.0000;0.0000;0.2652 
43.0406527999985;0.0000;0.0000;0.1545 
43.0887604999989;0.0000;0.0000;-1.5718 
43.13710259999971;0.0000;0.0000;0.0000 
43.200736799999504;0.4474;0.0000;-1.5718 
43.24848119999842;0.2237;0.0000;-0.2214 
43.296745399999054;0.4474;0.0000;-0.2652 
43.3447114999999;0.2237;0.0000;-0.2214 
43.39251329999934;0.2237;0.0000;1.4611 
43.44056189999901;0.2237;0.0000;-0.2652 
43.48868570000013;0.0000;0.0000;-0.1107 
43.53678349999973;0.0000;0.0000;0.1545 
43.58486859999903;0.0000;0.0000;0.0000 
43.632723099999566;0.2237;0.0000;-0.3090 
43.680589799998415;0.2237;0.0000;-0.1107 
43.744266899999275;0.0000;0.0000;0.0438 
43.79252369999995;0.2237;0.0000;0.0000 
43.8404759999994;0.0000;0.0000;-0.1107 
43.88849489999848;0.2237;0.0000;0.0000 
43.93654219999917;-0.2237;0.0000;1.3066 
43.984625699999015;0.0000;0.0000;1.6825 
44.032715199999075;0.0000;0.0000;0.0000 
44.0808507999991;-0.6711;0.0000;-0.1545 
44.12874620000002;-0.2237;0.0000;1.5948 
44.17670289999842;0.2237;0.0000;0.1107 
44.224622899999304;0.0000;0.0000;-1.5280 
44.27254029999858;0.2237;0.0000;0.0000 
44.33645819999947;0.2237;0.0000;-0.1107 
44.38439609999841;0.0000;0.0000;0.1983 
44.43255599999975;-0.4474;0.0000;0.1545 
44.480567799999335;0.2237;0.0000;0.2214 
44.528754499999195;0.0000;0.0000;-0.2652 
44.576708399999916;0.2237;0.0000;0.0000 
44.624575599998934;0.2237;0.0000;-0.1107 
44.672621399999116;-0.2237;0.0000;1.3066 
44.72065919999841;0.2237;0.0000;0.4197 
44.76854099999946;0.2237;0.0000;-1.6825 
44.81662949999918;0.0000;0.0000;-0.1107 
44.8647637999984;0.0000;0.0000;0.1545 
44.91272529999878;0.0000;0.0000;0.0000 
44.97636160000002;-0.2237;0.0000;0.0000 
45.02484999999979;0.0000;0.0000;1.5280 
45.07250869999916;-0.2237;0.0000;0.0000 
45.1206334999988;-0.2237;0.0000;0.2652 
45.16892589999952;0.0000;0.0000;-0.0438 
45.216878799999904;0.4474;0.0000;0.1545 
45.26460539999971;0.0000;0.0000;1.1959 
45.312747999998464;-0.2237;0.0000;-0.1545 
45.36067719999846;0.2237;0.0000;0.4197 
45.40872329999911;0.0000;0.0000;-1.5280 
45.4726998999995;0.0000;0.0000;-1.4173 
45.520516299999144;0.0000;0.0000;-1.4173 
45.5684184999991;0.0000;0.0000;0.1545 
45.616535600000134;-0.2237;0.0000;-0.1545 
45.66456289999951;0.0000;0.0000;0.2652 
45.71256439999888;0.2237;0.0000;0.3090 
45.76052179999897;0.0000;0.0000;-0.2652 
45.80881489999956;0.0000;0.0000;-0.1545 
45.85671939999884;0.0000;0.0000;0.1545 
45.920360099999016;0.0000;0.0000;0.1545 
45.96854239999993;-0.2237;0.0000;0.0000 
46.016556200000196;-0.2237;0.0000;0.1107 
46.06465539999954;0.0000;0.0000;-0.0438 
46.11268679999921;0.2237;0.0000;0.1545 
46.16063729999951;0.2237;0.0000;1.3066 
46.208560099999886;0.2237;0.0000;-1.5280 
46.25666909999927;0.0000;0.0000;-0.1107 
46.30466759999945;0.0000;0.0000;1.5718 
46.35282169999846;0.2237;0.0000;0.0000 
46.40052529999957;0.0000;0.0000;-0.1107 
46.44871629999943;0.2237;0.0000;0.1545 
46.49671469999885;0.2237;0.0000;-0.1107 
46.54491169999892;0.0000;0.0000;0.0438 
46.59272149999924;0.0000;0.0000;0.0000 
46.640956399998686;0.2237;0.0000;0.3090 
46.70452259999911;-0.2237;0.0000;-1.6825 
46.75255839999954;0.0000;0.0000;0.4197 
46.80079560000013;-0.2237;0.0000;-0.3090 
46.848697399998855;0.0000;0.0000;0.2652 
46.896687099999326;0.0000;0.0000;0.0000 
46.944869999999355;0.0000;0.0000;0.1545 
46.99283569999898;0.2237;0.0000;0.3090 
47.04083139999966;0.0000;0.0000;-0.1107 
47.090057699999306;0.0000;0.0000;0.0000 
47.13654929999939;0.2237;0.0000;-1.2628 
47.184562899999946;0.2237;0.0000;0.0438 
47.24841799999922;0.0000;0.0000;-0.2652 
47.2964166999991;-0.4474;0.0000;0.3090 
47.344439799999236;0.0000;0.0000;1.6386 
47.39243009999882;0.2237;0.0000;0.0000 
47.44045240000014;0.2237;0.0000;-0.1107 
47.48888509999961;0.2237;0.0000;-0.1107 
47.53666290000001;-0.2237;0.0000;-1.5280 
47.58479759999864;0.0000;0.0000;0.2652 
47.63264899999922;0.0000;0.0000;0.3090 
47.68069539999851;0.2237;0.0000;0.0000 
47.728513699999894;0.0000;0.0000;-0.2652 
47.79239789999883;0.2237;0.0000;-0.9271 
47.840479499998764;-0.2237;0.0000;-0.1107 
47.88844539999991;-0.2237;0.0000;-0.1983 
47.9366571999999;0.0000;0.0000;0.2652 
47.98484159999862;0.2237;0.0000;-0.1545 
48.03264549999949;0.0000;0.0000;0.0438 
48.08052729999872;0.0000;0.0000;0.0000 
48.128549799999746;-0.2237;0.0000;1.4173 
48.19243099999949;0.2237;0.0000;-1.3066 
48.24064779999935;0.0000;0.0000;-0.1107 
48.288419200000135;0.2237;0.0000;-1.2628 
48.336524199999985;-0.2237;0.0000;-1.6825 
48.38455189999877;0.0000;0.0000;0.1107 
48.43267999999989;0.2237;0.0000;0.0000 
48.48064449999947;-0.2237;0.0000;-0.2652 
48.52864219999901;0.4474;0.0000;0.1107 
48.57683529999849;0.2237;0.0000;-0.2214 
48.62471299999925;-0.2237;0.0000;1.3066 
48.68841859999884;0.2237;0.0000;0.2652 
48.736460299998726;0.0000;0.0000;-0.1107 
48.78441109999949;-0.2237;0.0000;1.4173 
48.8324606999995;0.2237;0.0000;0.1107 
48.880515699998796;0.2237;0.0000;1.4611 
48.92856529999881;0.0000;0.0000;-0.1107 
48.9765540999997;0.2237;0.0000;-0.1545 
49.02462409999862;0.0000;0.0000;0.0438 
49.07269329999872;-0.2237;0.0000;-1.4173 
49.12075360000017;0.4474;0.0000;0.1107 
49.16949359999853;0.2237;0.0000;-0.0669 
49.216716999999335;0.2237;0.0000;-1.5280 
49.26546009999947;0.2237;0.0000;1.4611 
49.32847059999949;0.0000;0.0000;0.0438 
49.37650939999912;0.0000;0.0000;1.1083 
49.42452090000006;0.2237;0.0000;0.0000 
49.47254209999846;-0.2237;0.0000;1.3066 
49.52056139999877;-0.2237;0.0000;0.1107 
49.568700299998454;0.0000;0.0000;0.2652 
49.61651290000009;-0.2237;0.0000;-0.1545 
49.66463349999867;0.0000;0.0000;-1.3066 
49.72397479999927;0.0000;0.0000;0.0000 
49.76067089999924;0.0000;0.0000;-1.4173 
49.80905910000001;0.2237;0.0000;0.0000 
49.872416899999735;-0.2237;0.0000;-0.2652 
49.92062999999871;0.0000;0.0000;0.1107 
49.96849949999887;0.0000;0.0000;1.4173 
50.01649809999981;0.0000;0.0000;1.4173 
50.06437679999908;0.2237;0.0000;0.0000 
50.11251589999847;-0.2237;0.0000;-0.1107 
50.160419299998466;0.4474;0.0000;-1.1521 
50.2087980999986;0.0000;0.0000;-1.4841 
50.256676199998765;0.0000;0.0000;0.0000 
50.30453510000007;0.0000;0.0000;-0.1545 
50.368293800000174;-0.2237;0.0000;0.3090 
50.41642209999918;0.0000;0.0000;0.4197 
50.46442029999889;0.2237;0.0000;0.0000 
50.51250919999984;0.2237;0.0000;-0.1107 
50.56119319999925;0.0000;0.0000;-0.1107 
50.60863419999987;0.0000;0.0000;-1.4173 
50.65662019999945;0.2237;0.0000;0.0000 
50.70458399999916;0.2237;0.0000;-0.1107 
50.75258529999883;0.2237;0.0000;-0.1107 
50.80061419999947;0.0000;0.0000;-1.5280 
50.84877520000009;0.0000;0.0000;-0.1545 
50.89659239999855;-0.2237;0.0000;-1.2628 
50.94570079999903;0.0000;0.0000;0.2652 
51.00838069999918;0.2237;0.0000;-0.1545 
51.05655419999857;0.0000;0.0000;-0.2652 
51.10448159999942;0.0000;0.0000;-0.1545 
51.15254079999977;0.2237;0.0000;0.1545 
51.200760300000184;0.0000;0.0000;-0.2652 
51.248566199999914;0.2237;0.0000;0.1545 
51.296663699999044;-0.2237;0.0000;-0.7287 
51.34457529999963;0.0000;0.0000;0.1107 
51.39311439999983;0.0000;0.0000;-0.1545 
51.44056379999893;0.0000;0.0000;0.1545 
51.504256799998984;-0.2237;0.0000;0.0000 
51.55273289999968;-0.2237;0.0000;0.1107 
51.60054649999984;0.2237;0.0000;-0.1983 
51.64850269999988;-0.2237;0.0000;-0.1107 
51.696712499999194;0.0000;0.0000;-1.4611 
51.74455729999863;0.0000;0.0000;-1.2628 
51.79255019999982;0.0000;0.0000;0.3090 
51.8404419999988;0.0000;0.0000;0.1545 
51.90433349999876;-0.2237;0.0000;-0.1545 
51.95253689999845;0.0000;0.0000;-1.6156 
52.00053099999968;0.4474;0.0000;0.0000 
52.04871439999988;-0.2237;0.0000;1.1959 
52.09662810000009;0.2237;0.0000;0.1107 
52.14458139999988;0.0000;0.0000;-0.1107 
52.192539300000135;0.0000;0.0000;0.1545 
52.24076049999894;0.0000;0.0000;0.0000 
52.288860299999214;0.2237;0.0000;-0.3090 
52.33695350000016;-0.2237;0.0000;0.1983 
52.38500899999963;0.2237;0.0000;-1.1521 
52.4484111999991;0.0000;0.0000;-0.1107 
52.49660049999875;-0.2237;0.0000;0.0000 
52.544449399998484;-0.2237;0.0000;0.2652 
52.59253179999905;0.0000;0.0000;-0.0438 
52.64069070000005;0.2237;0.0000;0.0000 
52.68864819999908;-0.2237;0.0000;-0.1107 
52.736602899998616;0.2237;0.0000;0.2652 
52.78477079999902;-0.4474;0.0000;-1.5280 
52.83265819999906;0.0000;0.0000;0.3759 
52.88082719999875;0.2237;0.0000;-1.4173 
52.92879459999858;0.2237;0.0000;0.1983 
52.99240959999952;0.0000;0.0000;0.0438 
53.041376399998626;0.4474;0.0000;-0.1545 
53.088371599998936;0.2237;0.0000;-1.6386 
53.13652430000002;0.0000;0.0000;-0.1107 
53.184571399999186;-0.2237;0.0000;0.1545 
53.232626099999834;-0.2237;0.0000;-1.3066 
53.280800999998974;0.0000;0.0000;-0.0438 
53.328866500000004;-0.2237;0.0000;0.1545 
53.37669610000012;0.0000;0.0000;0.4197 
53.44026899999881;0.0000;0.0000;0.0000 
53.48847419999947;0.2237;0.0000;0.1545 
53.536471399998845;0.0000;0.0000;-1.3734 
53.58460229999946;0.0000;0.0000;1.4173 
53.632644999999684;0.0000;0.0000;-1.4173 
53.680544400000144;0.0000;0.0000;0.0000 
53.728538899998966;-0.2237;0.0000;-0.1545 
53.77673639999921;-0.2237;0.0000;0.2652 
53.82503219999853;0.0000;0.0000;-0.0438 
53.87271999999939;-0.2237;0.0000;0.0000 
53.92067689999931;0.0000;0.0000;0.1107 
53.96875600000021;0.0000;0.0000;0.1545 
54.0324899999996;0.0000;0.0000;-0.3090 
54.08050959999855;0.2237;0.0000;0.0000 
54.12843479999901;0.2237;0.0000;0.1983 
54.17656699999861;0.0000;0.0000;0.0438 
54.22469389999969;0.0000;0.0000;-0.1545 
54.27259369999956;0.2237;0.0000;0.1545 
54.32058859999961;0.4474;0.0000;-0.1107 
54.368752599999425;-0.2237;0.0000;-1.4841 
54.41665479999938;0.2237;0.0000;1.6825 
54.46483099999932;0.2237;0.0000;1.4611 
54.512555399998746;0.0000;0.0000;-0.1107 
54.56071890000021;0.0000;0.0000;0.1545 
54.624691499999244;0.4474;0.0000;0.0000 
54.67244759999994;0.2237;0.0000;-0.0669 
54.720499399998516;0.0000;0.0000;-0.2652 
54.76842939999915;0.2237;0.0000;0.1545 
54.816537400000016;0.2237;0.0000;-0.1107 
54.86448829999972;0.2237;0.0000;0.0438 
54.91261130000021;0.2237;0.0000;-1.3734 
54.960651499999585;0.0000;0.0000;0.0438 
55.008502699998644;0.2237;0.0000;0.1545 
55.05654719999984;0.2237;0.0000;-0.1107 
55.10531079999964;0.0000;0.0000;-0.2652 
55.152698699999746;0.0000;0.0000;1.5718 
55.20090600000003;0.4474;0.0000;0.0000 
55.24873839999964;0.0000;0.0000;0.0877 
55.29688629999873;-0.2237;0.0000;0.1545 
55.36028040000019;-0.2237;0.0000;0.4197 
55.40850119999959;0.0000;0.0000;0.2652 
55.456450499999846;-0.4474;0.0000;0.0000 
55.50446479999846;-0.4474;0.0000;0.3759 
55.55277139999998;0.0000;0.0000;0.0669 
55.60085209999852;-0.4474;0.0000;0.0000 
55.6486447999996;0.4474;0.0000;0.2214 
55.69651469999917;0.0000;0.0000;-0.0669 
55.7446549999986;-0.2237;0.0000;0.1545 
55.808411799998794;-0.2237;0.0000;1.5280 
55.85659709999891;-0.2237;0.0000;0.1107 
55.90442499999881;0.2237;0.0000;0.2652 
55.95287839999946;0.2237;0.0000;-0.2652 
56.00057149999884;0.0000;0.0000;-0.1107 
56.04849899999863;0.0000;0.0000;0.0000 
56.09649389999868;-0.2237;0.0000;-1.1083 
56.144463699998596;0.0000;0.0000;1.5280 
56.19249859999945;0.2237;0.0000;0.0000 
56.240949199998795;0.0000;0.0000;-0.2652 
56.30442429999857;0.2237;0.0000;-0.1545 
56.35247739999977;-0.2237;0.0000;-0.1107 
56.40049749999889;0.0000;0.0000;0.2652 
56.448483099999066;0.0000;0.0000;0.1545 
56.4963716000002;0.0000;0.0000;0.0000 
56.54465119999986;0.0000;0.0000;0.1545 
56.59265099999902;0.0000;0.0000;0.1545 
56.64071369999874;0.0000;0.0000;0.0000 
56.68852499999957;-0.2237;0.0000;0.0000 
56.736657899999045;0.2237;0.0000;-1.3066 
56.78462760000002;-0.4474;0.0000;1.1521 
56.84828679999919;0.2237;0.0000;-1.1959 
56.896499099999346;0.2237;0.0000;-0.2652 
56.9444953000002;0.0000;0.0000;-0.1107 
56.99249079999936;0.0000;0.0000;0.0000 
57.0406796999996;0.0000;0.0000;-0.1545 
57.08842349999941;-0.2237;0.0000;0.1545 
57.13750979999895;0.2237;0.0000;0.2652 
57.184659999998985;-0.2237;0.0000;1.4611 
57.23268800000005;0.0000;0.0000;0.1107 
57.28075579999859;0.0000;0.0000;0.0000 
57.32864890000019;0.2237;0.0000;0.1545 
57.376523999999336;0.0000;0.0000;-0.1107 
57.42459839999901;0.0000;0.0000;0.1545 
57.472657099999196;0.0000;0.0000;0.1545 
57.520695299999716;0.0000;0.0000;0.1545 
57.5843950999988;0.0000;0.0000;-0.1545 
57.63240819999919;0.0000;0.0000;0.0000 
57.6803936999986;0.0000;0.0000;1.7263 
57.72856039999897;0.0000;0.0000;-0.1545 
57.77652129999842;0.0000;0.0000;0.0000 
57.82459079999899;0.0000;0.0000;-0.1545 
57.87275849999969;-0.2237;0.0000;0.1545 
57.92050629999903;-0.2237;0.0000;0.1107 
57.968466700000135;0.2237;0.0000;-0.0438 
58.01685910000015;0.6711;0.0000;1.3066 
58.08041569999841;0.2237;0.0000;-0.4866 
58.1286371999995;0.0000;0.0000;-0.2652 
58.17647109999962;0.0000;0.0000;0.0000 
58.224392299998726;0.0000;0.0000;0.3090 
58.27233249999881;0.2237;0.0000;0.0000 
58.320382199999585;0.0000;0.0000;0.0438 
58.368799099998796;0.0000;0.0000;0.1545 
58.41650329999902;-0.2237;0.0000;0.0000 
58.46466279999913;0.0000;0.0000;0.1107 
58.51261449999947;0.0000;0.0000;0.0000 
58.560768199999075;0.0000;0.0000;-1.5718 
58.6084882999985;0.2237;0.0000;1.2628 
58.67240849999871;0.0000;0.0000;1.1521 
58.72040299999935;0.0000;0.0000;0.3090 
58.768470299999535;-0.2237;0.0000;0.1545 
58.816514899999675;0.0000;0.0000;0.2652 
58.86455889999888;0.0000;0.0000;1.2628 
58.91266539999924;0.2237;0.0000;1.4173 
58.960820799999055;0.4474;0.0000;-0.2652 
59.008596799998486;-0.2237;0.0000;1.1959 
59.07301209999969;0.2237;0.0000;-0.0438 
59.12034959999983;0.2237;0.0000;-0.1107 
59.16842919999908;0.2237;0.0000;1.3066 
59.21655509999982;0.0000;0.0000;-1.5280 
59.26440790000015;0.0000;0.0000;1.4173 
59.31243259999974;-0.2237;0.0000;1.4173 
59.360616399999344;0.4474;0.0000;-0.0438 
59.408512599999085;0.0000;0.0000;-0.3759 
59.456588199998805;0.0000;0.0000;0.0000 
59.50475860000006;0.0000;0.0000;0.0000 
59.552912499999366;0.0000;0.0000;0.0000 
59.60062419999849;0.0000;0.0000;0.0000 
59.64864619999935;0.2237;0.0000;0.1545 
59.71231019999868;-0.2237;0.0000;-0.2652 
59.76065649999873;-0.2237;0.0000;0.2652 
59.808436399998754;0.2237;0.0000;0.2652 
59.856461299999864;0.0000;0.0000;0.0438 
59.904445599999235;0.0000;0.0000;-0.1545 
59.95258449999892;-0.2237;0.0000;0.0000 
60.00057359999846;-0.2237;0.0000;1.5280 
60.04852329999994;0.2237;0.0000;-0.0438 
60.112264599998525;0.2237;0.0000;-0.2652 
60.16046429999915;0.0000;0.0000;0.0438 
60.208342699999776;0.0000;0.0000;0.0000 
60.25664509999842;0.2237;0.0000;-0.1545 
60.30443109999942;0.2237;0.0000;0.1983 
60.35261659999924;0.0000;0.0000;-0.2652 
60.40037289999964;0.0000;0.0000;0.0000 
60.448467000000164;0.0000;0.0000;-1.2628 
60.49655929999972;0.0000;0.0000;1.5718 
60.54472039999928;0.0000;0.0000;-0.1545 
60.592688999999154;0.0000;0.0000;1.2628 
60.64069849999942;0.4474;0.0000;0.0000 
60.704346200000145;0.0000;0.0000;-0.2214 
60.752747499998804;0.2237;0.0000;0.0000 
60.800774100000126;0.2237;0.0000;0.0438 
60.848391399998945;0.0000;0.0000;1.4611 
60.896337799998946;0.2237;0.0000;0.1545 
60.94432069999857;0.2237;0.0000;1.7701 
60.99247979999927;0.2237;0.0000;0.0438 
61.04052439999941;0.0000;0.0000;-0.1107 
61.088498600000094;0.2237;0.0000;1.2628 
61.13654039999892;0.4474;0.0000;-0.1107 
61.184443099999044;0.4474;0.0000;-1.3296 
61.232526799998595;0.2237;0.0000;1.0414 
61.280573599999116;0.0000;0.0000;-0.1107 
61.3285737999995;0.4474;0.0000;0.0000 
61.376649499999985;-0.2237;0.0000;-0.2214 
61.440469699999085;-0.2237;0.0000;0.2652 
61.48871179999878;-0.2237;0.0000;-0.1983 
61.53648809999868;0.4474;0.0000;0.1107 
61.58457019999878;0.2237;0.0000;-0.0669 
61.63262829999985;0.0000;0.0000;-0.1107 
61.680692899999485;0.4474;0.0000;0.0000 
61.72857739999927;0.0000;0.0000;1.1959 
61.77648259999842;0.0000;0.0000;0.1545 
61.824772299998585;-0.2237;0.0000;-0.1545 
61.88820440000018;0.2237;0.0000;1.3734 
61.93638610000016;-0.2237;0.0000;-0.1107 
61.98441939999975;-0.2237;0.0000;0.2652 
62.03254709999965;0.2237;0.0000;-1.1521 
62.080593799999406;-0.2237;0.0000;0.0438 
62.128674099998534;0.0000;0.0000;0.2652 
62.17652730000009;0.0000;0.0000;-1.4173 
62.22479459999886;0.0000;0.0000;-0.1545 
62.27266509999936;0.2237;0.0000;0.0000 
62.32067879999886;0.2237;0.0000;-0.1107 
62.36882819999846;0.2237;0.0000;0.0438 
62.432357599998795;0.0000;0.0000;-0.2652 
62.48052259999895;-0.2237;0.0000;1.2628 
62.52843500000017;0.2237;0.0000;0.2652 
62.57643459999963;0.2237;0.0000;-0.1107 
62.62450159999935;0.0000;0.0000;-1.3734 
62.67236090000006;-0.2237;0.0000;0.0000 
62.720636599999125;0.2237;0.0000;0.1107 
62.76847709999856;-0.2237;0.0000;-0.1107 
62.816624399998545;-0.2237;0.0000;0.1107 
62.88047790000019;-0.2237;0.0000;0.1107 
62.92846019999888;0.0000;0.0000;-1.6156 
62.976582499999495;0.0000;0.0000;0.1545 
63.02454619999844;-0.2237;0.0000;0.1545 
63.07240009999987;0.2237;0.0000;0.1107 
63.12046499999997;0.2237;0.0000;-1.5280 
63.16846339999938;0.0000;0.0000;0.0438 
63.21656149999944;0.2237;0.0000;0.0000 
63.26505459999862;0.0000;0.0000;-0.2652 
63.3127457999999;0.0000;0.0000;-0.1545 
63.376312999998845;-0.2237;0.0000;0.0000 
63.42444729999988;0.2237;0.0000;1.5280 
63.4725056999996;-0.2237;0.0000;0.3529 
63.52045179999914;0.0000;0.0000;0.1107 
63.568589299999076;0.4474;0.0000;0.1545 
63.616358299999774;0.2237;0.0000;-0.0669 
63.66440270000021;0.0000;0.0000;-0.1107 
63.71259589999863;0.0000;0.0000;1.4173 
63.760858099998586;0.2237;0.0000;-1.4173 
63.80858149999949;-0.2237;0.0000;-0.2652 
63.856436699999904;0.4474;0.0000;0.2652 
63.90476099999978;0.0000;0.0000;-0.0669 
63.95249890000014;0.2237;0.0000;1.5718 
64.01622229999884;0.0000;0.0000;1.4611 
64.0643498999998;-0.4474;0.0000;1.4173 
64.11240879999968;0.0000;0.0000;-1.1959 
64.16050910000013;-0.2237;0.0000;-0.1545 
64.20853969999916;0.2237;0.0000;0.1107 
64.25660489999973;-0.2237;0.0000;-0.1107 
64.30477369999971;0.0000;0.0000;0.4197 
64.35255629999847;-0.2237;0.0000;0.1545 
64.40081529999952;0.2237;0.0000;1.6825 
64.46439779999855;0.0000;0.0000;0.0438 
64.51246309999988;-0.2237;0.0000;0.0000 
64.56045799999993;0.2237;0.0000;0.2652 
64.60835760000009;0.0000;0.0000;0.0438 
64.65667309999844;0.0000;0.0000;-0.3090 
64.70456589999958;0.2237;0.0000;0.1545 
64.75249160000021;0.2237;0.0000;0.0438 
64.80061089999981;0.0000;0.0000;-0.1107 
64.84851359999993;-0.2237;0.0000;0.1545 
64.89710299999933;0.2237;0.0000;0.1107 
64.94495300000017;0.2237;0.0000;-0.1107 
64.9926220999987;0.0000;0.0000;-1.3734 
65.0562149999987;-0.2237;0.0000;0.0000 
65.10682899999847;-0.2237;0.0000;-0.0438 
65.15253859999939;-0.2237;0.0000;0.2652 
65.20043699999951;0.2237;0.0000;0.1107 
65.24847579999914;0.0000;0.0000;0.0438 
65.29670420000002;0.0000;0.0000;-0.1545 
65.34475179999936;0.0000;0.0000;0.0000 
65.39263249999931;0.0000;0.0000;0.0000 
65.44051679999939;0.0000;0.0000;0.0000 
65.48867229999996;0.2237;0.0000;-1.5718 
65.55225169999903;-0.2237;0.0000;-0.1107 
65.60043849999965;0.2237;0.0000;-0.0438 
65.64867459999914;0.0000;0.0000;-0.2652 
65.69637700000021;0.0000;0.0000;0.0000 
65.74439949999942;0.2237;0.0000;0.0000 
65.7924796999996;0.0000;0.0000;-0.4197 
65.84049269999923;0.2237;0.0000;0.0000 
65.88858679999976;0.2237;0.0000;1.3066 
65.9366603999988;0.2237;0.0000;-0.1107 
65.98447940000005;0.0000;0.0000;0.0438 
66.03257909999957;0.0000;0.0000;0.1545 
66.08053289999953;0.2237;0.0000;0.1545 
66.12851020000016;0.0000;0.0000;-0.2652 
66.19223529999908;0.0000;0.0000;-1.4173 
66.24029609999889;0.2237;0.0000;-0.1545 
66.28843640000014;-0.2237;0.0000;0.0438 
66.33659669999906;0.2237;0.0000;0.4197 
66.3846666999998;0.0000;0.0000;-0.1107 
66.43295690000014;-0.2237;0.0000;-1.5718 
66.48094799999853;0.0000;0.0000;-1.1521 
66.52864489999956;0.2237;0.0000;-0.3090 
66.59232279999924;0.2237;0.0000;-1.2189 
66.64039779999985;0.2237;0.0000;-0.2652 
66.68847409999944;0.2237;0.0000;0.0438 
66.73640089999935;0.2237;0.0000;-0.1107 
66.7843742999994;0.2237;0.0000;0.0438 
66.83242160000009;0.2237;0.0000;-0.4197 
66.88037689999874;0.0000;0.0000;-0.4197 
66.92850659999931;0.0000;0.0000;1.5718 
66.97655659999873;0.0000;0.0000;0.1545 
67.02454469999975;-0.2237;0.0000;0.0000 
67.07281349999903;0.2237;0.0000;-1.1521 
67.12072079999962;0.0000;0.0000;-0.1107 
67.17025619999913;0.2237;0.0000;0.0000 
67.23342489999959;-0.4474;0.0000;0.0438 
67.2811486999999;0.2237;0.0000;0.3759 
67.32964559999891;0.0000;0.0000;-0.1107 
67.37753639999937;0.0000;0.0000;1.5718 
67.42601549999927;0.4474;0.0000;0.0000 
67.47244199999841;0.4474;0.0000;-0.2214 
67.52032639999925;0.0000;0.0000;-0.0669 
67.56857889999992;0.0000;0.0000;0.1545 
67.6165645000001;0.0000;0.0000;0.1545 
67.66475199999877;0.2237;0.0000;-1.5718 
67.71274949999861;0.0000;0.0000;-0.1107 
67.76074909999988;0.6711;0.0000;0.0000 
67.80862929999967;0.0000;0.0000;-0.1775 
67.87270969999918;-0.2237;0.0000;0.0000 
67.92084719999912;-0.2237;0.0000;1.5280 
67.96845429999848;0.0000;0.0000;-1.4611 
68.01653339999939;0.4474;0.0000;-0.1545 
68.06466269999873;0.0000;0.0000;-0.2214 
68.11268699999891;0.0000;0.0000;0.1545 
68.16040519999842;0.2237;0.0000;0.0000 
68.20845249999911;0.0000;0.0000;0.0438 
68.25655929999994;0.2237;0.0000;-0.1545 
68.32020980000016;0.2237;0.0000;-0.1107 
68.36827699999958;0.0000;0.0000;0.0438 
68.41660179999963;-0.4474;0.0000;0.0000 
68.4647776999991;0.0000;0.0000;0.2214 
68.5123636999997;0.2237;0.0000;0.0000 
68.56057109999892;-0.2237;0.0000;1.3066 
68.60919359999934;0.2237;0.0000;0.1107 
68.65735229999882;0.2237;0.0000;-0.1107 
68.70482139999876;0.0000;0.0000;-0.1107 
68.75244909999856;0.0000;0.0000;0.0000 
68.80059739999888;0.0000;0.0000;0.1545 
68.84849659999963;0.4474;0.0000;0.0000 
68.89663509999991;0.0000;0.0000;-0.3759 
68.94456099999843;0.2237;0.0000;-0.1545 
69.00842949999969;-0.6711;0.0000;-0.2652 
69.05628849999994;0.0000;0.0000;0.3320 
69.10449169999993;0.0000;0.0000;1.5718 
69.15254039999854;0.0000;0.0000;1.4173 
69.20052889999897;0.0000;0.0000;-0.1545 
69.24920939999902;0.0000;0.0000;-0.1545 
69.2965648999998;0.0000;0.0000;1.4173 
69.34459689999858;0.4474;0.0000;-1.8808 
69.39430899999934;0.2237;0.0000;-0.2214 
69.45666199999869;0.0000;0.0000;-0.2652 
69.50426530000004;0.0000;0.0000;1.2628 
69.55229359999976;0.0000;0.0000;0.0000 
69.60039469999901;0.0000;0.0000;1.2628 
69.6485176999995;-0.2237;0.0000;0.0000 
69.69643790000009;0.0000;0.0000;0.2652 
69.74471129999984;0.0000;0.0000;0.0000 
69.79245269999956;0.2237;0.0000;0.1545 
69.84074679999867;-0.2237;0.0000;-0.1107 
69.88898119999976;-0.2237;0.0000;0.1107 
69.93650329999946;0.0000;0.0000;0.4197 
69.98467699999856;0.0000;0.0000;0.3090 
70.04833869999857;-0.2237;0.0000;0.0000 
70.09627809999984;0.2237;0.0000;1.5280 
70.14445569999953;0.2237;0.0000;0.0438 
70.19251230000009;0.0000;0.0000;-1.5280 
70.24075899999843;-0.2237;0.0000;0.1545 
70.28901169999881;0.2237;0.0000;0.1107 
70.33650899999884;0.0000;0.0000;-0.1107 
70.38480039999922;0.0000;0.0000;0.1545 
70.43368209999971;0.0000;0.0000;0.0000 
70.48100650000015;-0.4474;0.0000;0.0000 
70.52863609999986;0.2237;0.0000;0.3759 
70.57648359999985;0.0000;0.0000;0.0438 
70.62463669999852;0.4474;0.0000;0.0000 
70.67247059999863;0.2237;0.0000;-0.2214 
70.73622989999967;0.2237;0.0000;-0.2652 
70.78429079999842;0.2237;0.0000;-0.2652 
70.83317549999992;0.2237;0.0000;1.4611 
70.88119459999871;0.2237;0.0000;-0.1107 
70.92950209999981;0.0000;0.0000;0.0438 
70.97650839999915;0.0000;0.0000;1.4173 
71.02455139999984;0.0000;0.0000;0.1545 
71.07252069999959;0.2237;0.0000;0.0000 
71.12064159999863;0.0000;0.0000;-0.2652 
71.16857369999889;0.0000;0.0000;0.0000 
71.2165060999996;0.0000;0.0000;-1.4173 
71.26454430000013;0.0000;0.0000;-1.4173 
71.32839719999902;-0.2237;0.0000;-1.5718 
71.37632440000016;-0.2237;0.0000;0.1107 
71.42431309999847;0.2237;0.0000;0.1107 
71.47232879999865;-0.2237;0.0000;0.0438 
71.52100189999874;-0.4474;0.0000;1.6825 
71.56829920000018;0.0000;0.0000;0.2214 
71.61653729999853;0.0000;0.0000;0.0000 
71.66469939999843;0.4474;0.0000;1.2628 
71.71305570000004;0.0000;0.0000;-1.4841 
71.76059649999843;0.0000;0.0000;1.5718 
71.80867949999993;0.0000;0.0000;1.4173 
71.85648129999936;0.0000;0.0000;0.0000 
71.92049289999886;0.0000;0.0000;0.0000 
71.96842929999912;-0.2237;0.0000;0.0000 
72.01634919999924;0.0000;0.0000;0.4197 
72.06441249999989;-0.2237;0.0000;-1.2628 
72.11245929999859;0.6711;0.0000;0.4197 
72.16053239999928;-0.2237;0.0000;-1.5948 
72.20854959999997;0.2237;0.0000;-0.0438 
72.25651309999921;-0.2237;0.0000;0.0438 
72.30461329999889;0.0000;0.0000;0.1107 
72.35266489999958;-0.2237;0.0000;0.1545 
72.41641999999956;-0.2237;0.0000;-0.1983 
72.46434539999973;0.0000;0.0000;1.5280 
72.51245609999933;0.2237;0.0000;-1.2628 
72.5603018999991;-0.4474;0.0000;0.0438 
72.60851189999994;0.0000;0.0000;0.2214 
72.65648369999872;0.2237;0.0000;0.0000 
72.70431730000018;0.2237;0.0000;-0.1107 
72.75259659999938;-0.2237;0.0000;-0.1107 
72.80065549999927;0.2237;0.0000;0.1107 
72.84846440000001;0.0000;0.0000;0.0438 
72.89663399999881;0.0000;0.0000;0.1545 
72.94477319999896;0.2237;0.0000;0.0000 
72.99269549999917;0.0000;0.0000;-0.1107 
73.0405609999998;0.0000;0.0000;0.3090 
73.10427589999927;0.0000;0.0000;0.0000 
73.15240649999942;0.2237;0.0000;0.0000 
73.20044909999888;0.0000;0.0000;-0.2652 
73.24883979999868;0.2237;0.0000;-1.2628 
73.29632049999964;0.0000;0.0000;0.0438 
73.34437109999999;0.0000;0.0000;0.1545 
73.39256609999939;0.0000;0.0000;0.0000 
73.44061770000008;-0.2237;0.0000;0.0000 
73.48873239999921;0.2237;0.0000;-0.0438 
73.53660019999916;0.2237;0.0000;0.0438 
73.58482389999881;0.0000;0.0000;-0.1107 
73.63269889999901;0.0000;0.0000;0.0000 
73.68076419999852;0.2237;0.0000;-1.4173 
73.7287311;0.0000;0.0000;-0.1107 
73.77638639999896;0.0000;0.0000;0.3090 
73.84044849999918;0.2237;0.0000;0.0000 
73.88909759999842;0.0000;0.0000;-0.1107 
73.93629460000011;0.0000;0.0000;0.0000 
73.98451310000019;0.4474;0.0000;-1.4173 
74.03240399999959;0.0000;0.0000;-1.7931 
74.08046209999884;0.0000;0.0000;-1.2628 
74.12863019999895;0.2237;0.0000;-0.1545 
74.17718649999915;0.0000;0.0000;0.0438 
74.22456869999951;-0.2237;0.0000;-1.5718 
74.27287839999917;0.2237;0.0000;0.1107 
74.33623239999906;-0.2237;0.0000;-0.1107 
74.3844298999993;0.2237;0.0000;0.1107 
74.43241119999948;0.0000;0.0000;0.1983 
74.48043379999945;0.2237;0.0000;-1.2628 
74.5285434999987;0.0000;0.0000;-0.2652 
74.57642329999908;0.0000;0.0000;1.4173 
74.62457369999902;-0.4474;0.0000;0.3090 
74.6724450999991;0.2237;0.0000;0.0669 
74.72038389999943;0.0000;0.0000;0.1983 
74.76854599999933;0.0000;0.0000;0.0000 
74.81674679999924;0.0000;0.0000;0.0000 
74.86459459999969;0.0000;0.0000;0.1545 
74.91243389999909;0.2237;0.0000;0.0000 
74.96041409999998;0.0000;0.0000;-0.1107 
75.0242373000001;0.0000;0.0000;-1.7263 
75.07233719999931;0.0000;0.0000;0.0000 
75.12031789999855;-0.4474;0.0000;-1.2628 
75.16857059999893;0.0000;0.0000;0.5304 
75.216403299999;0.2237;0.0000;-1.5718 
75.26443309999922;0.2237;0.0000;0.0438 
75.3127704999988;0.0000;0.0000;0.0438 
75.36115520000021;-0.2237;0.0000;0.1545 
75.40838789999907;0.2237;0.0000;0.1107 
75.45651729999918;-0.2237;0.0000;1.4611 
75.50476179999896;-0.4474;0.0000;0.2652 
75.55251139999928;-0.2237;0.0000;0.2214 
75.61702199999854;0.2237;0.0000;0.1107 
75.66470019999906;0.2237;0.0000;-0.1107 
75.71302639999885;-0.2237;0.0000;0.0438 
75.76019329999872;0.2237;0.0000;1.6825 
75.8084588999991;0.2237;0.0000;-0.1107 
75.85651369999869;0.0000;0.0000;-0.2652 
75.90461820000019;0.0000;0.0000;0.0000 
75.95270530000016;-0.2237;0.0000;-0.1545 
76.00057899999956;-0.2237;0.0000;0.1107 
76.06431249999878;0.0000;0.0000;-0.1983 
76.1123291999993;0.0000;0.0000;0.0000 
76.16016739999941;0.0000;0.0000;0.1545 
76.2087163999986;0.0000;0.0000;0.1545 
76.25647939999908;0.0000;0.0000;1.4173 
76.30449359999875;0.2237;0.0000;1.5718 
76.35276299999896;0.0000;0.0000;-0.1107 
76.40057579999848;0.2237;0.0000;0.0000 
76.44849239999894;0.2237;0.0000;-0.2652 
76.49684659999912;0.0000;0.0000;-0.2652 
76.54481169999963;0.2237;0.0000;0.0000 
76.59255529999973;0.0000;0.0000;-0.1107 
76.6564731999988;0.2237;0.0000;-0.1545 
76.70438789999935;0.0000;0.0000;-0.2652 
76.75236039999982;0.2237;0.0000;0.1545 
76.80031889999918;0.2237;0.0000;-1.5280 
76.84863779999978;-0.2237;0.0000;-1.5280 
76.89650529999926;0.2237;0.0000;-1.1521 
76.94442600000002;0.0000;0.0000;0.0438 
76.99243899999965;0.2237;0.0000;1.4173 
77.04057920000014;0.0000;0.0000;-0.2652 
77.08848649999891;0.0000;0.0000;-1.4173 
77.1365128999987;0.2237;0.0000;0.1545 
77.1846491999986;-0.2237;0.0000;-0.1107 
77.24838219999947;-0.2237;0.0000;0.1107 
77.29631840000002;-0.2237;0.0000;0.1107 
77.34537479999926;0.0000;0.0000;0.2652 
77.39279919999899;0.2237;0.0000;-1.5718 
77.44086329999845;0.0000;0.0000;0.0438 
77.48871639999925;0.2237;0.0000;1.5718 
77.53656249999949;-0.2237;0.0000;-0.1107 
77.58477200000016;-0.2237;0.0000;0.1107 
77.63234430000011;0.0000;0.0000;1.6825 
77.69621939999888;0.2237;0.0000;1.4173 
77.74447719999989;0.2237;0.0000;-1.5280 
77.792338199999;0.2237;0.0000;-0.1107 
77.84025259999908;0.0000;0.0000;-0.2652 
77.88854679999895;0.0000;0.0000;-0.1545 
77.93662469999981;0.0000;0.0000;-1.2628 
77.98442069999874;0.2237;0.0000;-0.1545 
78.03367089999847;0.2237;0.0000;-0.1107 
78.08071299999938;0.0000;0.0000;-0.1107 
78.14415219999864;0.2237;0.0000;-0.1545 
78.19228370000019;-0.2237;0.0000;-0.1107 
78.24047079999946;-0.2237;0.0000;-1.4611 
78.28836349999983;0.4474;0.0000;-0.0438 
78.33653509999931;0.2237;0.0000;-0.3759 
78.38480159999926;0.0000;0.0000;-0.1107 
78.43256999999903;0.0000;0.0000;0.0000 
78.48079189999953;-0.2237;0.0000;0.0000 
78.54466439999851;0.0000;0.0000;1.3734 
78.59268519999932;0.0000;0.0000;0.1545 
78.64030409999941;0.0000;0.0000;0.1545 
78.688290099999;0.2237;0.0000;0.1545 
78.7364222999986;-0.2237;0.0000;0.0438 
78.78443269999843;0.0000;0.0000;0.1107 
78.8323049999999;0.0000;0.0000;0.0000 
78.88059769999927;-0.2237;0.0000;-0.1545 
78.92859749999843;-0.2237;0.0000;-0.0438 
78.99226099999942;0.0000;0.0000;0.2652 
79.0409254999995;-0.2237;0.0000;1.2628 
79.08846959999937;0.4474;0.0000;0.2652 
79.1365138000001;0.2237;0.0000;-0.2214 
79.18455349999931;0.0000;0.0000;0.0438 
79.23256880000008;0.0000;0.0000;0.1545 
79.28046279999944;0.2237;0.0000;-1.2628 
79.32858959999976;0.2237;0.0000;-0.1107 
79.3765542000001;-0.2237;0.0000;-0.1107 
79.42476569999963;0.4474;0.0000;0.1107 
79.47317719999955;0.0000;0.0000;-0.2214 
79.53624759999911;0.0000;0.0000;-0.3090 
79.58430899999985;-0.2237;0.0000;1.4173 
79.63226359999862;0.0000;0.0000;0.1107 
79.68022829999973;-0.2237;0.0000;0.0000 
79.72823699999935;0.2237;0.0000;-0.0438 
79.77630709999903;0.0000;0.0000;0.0438 
79.82427909999933;-0.2237;0.0000;-1.2628 
79.87261059999946;0.2237;0.0000;0.2652 
79.92051039999933;0.0000;0.0000;-0.2652 
79.96874109999953;0.0000;0.0000;0.3090 
80.01668609999979;-0.2237;0.0000;-1.2628 
80.08022229999915;0.2237;0.0000;0.1107 
80.12832039999921;0.2237;0.0000;0.1983 
80.17637029999969;0.2237;0.0000;-1.5280 
80.2243813999994;-0.2237;0.0000;-0.1107 
80.27249999999913;0.0000;0.0000;-0.0438 
80.32040999999845;0.0000;0.0000;1.4173 
80.36863660000017;-0.2237;0.0000;-0.1545 
80.41660669999874;0.2237;0.0000;-1.1521 
80.46467259999918;0.0000;0.0000;-0.1107 
80.51261569999951;0.0000;0.0000;1.5718 
80.5762055999985;0.0000;0.0000;-1.4173 
80.62437239999963;-0.2237;0.0000;0.0000 
80.67239079999854;0.0000;0.0000;-1.3066 
80.72030499999892;0.0000;0.0000;0.0000 
80.76851499999975;0.2237;0.0000;0.1545 
80.81632239999999;0.4474;0.0000;-1.3734 
80.8643878999992;0.2237;0.0000;-0.0669 
80.9125527999986;0.0000;0.0000;-0.2652 
80.96069819999866;0.0000;0.0000;1.4173 
81.00842889999876;-0.4474;0.0000;-0.1545 
81.05655499999921;-0.2237;0.0000;1.7931 
81.12025809999977;0.2237;0.0000;0.1107 
81.16839339999933;0.2237;0.0000;0.0438 
81.21638050000001;0.2237;0.0000;-0.1107 
81.26437199999964;0.2237;0.0000;-0.1107 
81.31229149999854;0.2237;0.0000;0.0438 
81.36031159999948;0.0000;0.0000;-0.2652 
81.40822440000011;0.2237;0.0000;1.5718 
81.45651009999892;-0.2237;0.0000;0.0438 
81.50463099999979;0.0000;0.0000;0.2652 
81.55281599999944;0.2237;0.0000;1.4173 
81.600504;0.2237;0.0000;-0.1107 
81.64838679999957;0.0000;0.0000;0.0438 
81.69633509999949;0.2237;0.0000;-1.2628 
81.74440030000005;0.2237;0.0000;-0.1107 
81.79234609999912;0.0000;0.0000;1.3066 
81.84050019999995;0.4474;0.0000;0.0000 
81.90436239999872;0.4474;0.0000;1.0414 
81.95229659999859;0.6711;0.0000;-0.0669 
82.00030919999881;-0.2237;0.0000;1.0852 
82.04836559999967;0.0000;0.0000;-0.0438 
82.09630909999942;0.4474;0.0000;-0.1545 
82.14434119999896;0.0000;0.0000;-1.3296 
82.19251749999967;0.2237;0.0000;0.0000 
82.24043819999861;0.2237;0.0000;0.1983 
82.28961290000007;0.2237;0.0000;1.3066 
82.33654579999893;0.0000;0.0000;-0.1107 
82.4005490999989;0.4474;0.0000;0.3090 
82.448331399999;-0.2237;0.0000;-0.2214 
82.49687139999878;0.0000;0.0000;-0.1983 
82.54454599999917;0.2237;0.0000;1.5718 
82.59262080000008;0.2237;0.0000;1.3066 
82.64044929999909;0.0000;0.0000;1.1521 
82.6886345999992;0.0000;0.0000;0.1545 
82.73656889999984;0.0000;0.0000;0.0000 
82.78434579999885;0.2237;0.0000;0.1545 
82.83260209999935;0.0000;0.0000;0.0438 
82.88061609999932;-0.2237;0.0000;0.0000 
82.9442455999997;0.0000;0.0000;-0.0438 
82.99228399999993;0.2237;0.0000;0.3090 
83.04045469999983;0.0000;0.0000;-0.4197 
83.08833889999914;0.0000;0.0000;0.1545 
83.1364356999984;-0.2237;0.0000;0.3090 
83.1848691999985;0.0000;0.0000;0.1107 
83.2325224999986;-0.2237;0.0000;0.1545 
83.28114259999893;-0.2237;0.0000;0.2652 
83.32839779999995;0.2237;0.0000;0.2652 
83.37820089999877;-0.4474;0.0000;1.1521 
83.44110029999865;0.2237;0.0000;0.3759 
83.48868889999903;0.0000;0.0000;-0.1107 
83.53631549999955;0.2237;0.0000;-0.1545 
83.58442449999893;0.0000;0.0000;-0.2652 
83.63244449999911;0.0000;0.0000;-1.1083 
83.68031169999995;0.2237;0.0000;0.1545 
83.72883489999913;0.2237;0.0000;-0.1107 
83.77628279999954;-0.2237;0.0000;-0.1107 
83.82442540000011;0.0000;0.0000;-0.0438 
83.87277839999842;0.4474;0.0000;0.0000 
83.93640789999881;-0.2237;0.0000;-0.2214 
83.98443229999975;-0.2237;0.0000;0.1107 
84.0329142999999;-0.2237;0.0000;1.6825 
84.08066139999937;0.0000;0.0000;-1.3066 
84.12873799999943;0.0000;0.0000;-1.5718 
84.17650869999852;0.0000;0.0000;0.1545 
84.22439630000008;-0.2237;0.0000;0.3090 
84.27262059999885;0.0000;0.0000;-1.3066 
84.33629010000004;0.2237;0.0000;-0.1545 
84.38435279999976;0.4474;0.0000;1.3066 
84.43232589999934;0.0000;0.0000;1.0414 
84.48051639999903;0.0000;0.0000;0.3090 
84.52836729999945;-0.2237;0.0000;0.0000 
84.57657389999986;-0.4474;0.0000;0.1107 
84.62445649999972;0.0000;0.0000;0.2214 
84.67245980000007;0.0000;0.0000;-0.1545 
84.72038839999914;0.4474;0.0000;-0.1545 
84.76858989999891;0.0000;0.0000;-0.0669 
84.832193799999;0.0000;0.0000;0.0000 
84.88021169999956;0.0000;0.0000;0.0000 
84.92840929999875;0.2237;0.0000;0.0000 
84.97632159999921;0.0000;0.0000;-0.2652 
85.02429179999854;0.4474;0.0000;0.0000 
85.07228979999854;0.0000;0.0000;-0.0669 
85.12037599999894;0.0000;0.0000;-0.1545 
85.16831779999848;-0.2237;0.0000;0.1545 
85.21646689999943;0.0000;0.0000;-1.3066 
85.26447629999893;0.0000;0.0000;0.0000 
85.31253029999971;0.2237;0.0000;0.1545 
85.36054849999891;0.2237;0.0000;-0.1107 
85.40863910000007;-0.2237;0.0000;-0.1107 
85.45645530000002;0.2237;0.0000;0.1107 
85.52027449999878;0.2237;0.0000;-0.1107 
85.56836079999994;0.2237;0.0000;-0.1107 
85.6162676999993;0.2237;0.0000;1.3066 
85.66431629999897;0.0000;0.0000;-0.1107 
85.71248849999938;0.0000;0.0000;1.4173 
85.76071629999933;0.2237;0.0000;-0.1545 
85.8088614999997;-0.2237;0.0000;-1.5280 
85.85664209999959;0.0000;0.0000;0.1107 
85.90479640000012;0.2237;0.0000;0.0000 
85.9524266999997;-0.2237;0.0000;-0.2652 
86.00050179999926;0.2237;0.0000;0.1107 
86.06423729999915;0.2237;0.0000;-0.1107 
86.11223559999962;0.0000;0.0000;0.0438 
86.16027029999896;0.0000;0.0000;0.0000 
86.20825650000006;0.0000;0.0000;0.1545 
86.25623069999892;-0.2237;0.0000;0.0000 
86.30440039999849;0.0000;0.0000;1.6825 
86.35225759999958;0.2237;0.0000;0.0000 
86.40058989999852;0.2237;0.0000;-1.3734 
86.448292699999;0.4474;0.0000;1.6156 
86.49643299999843;-0.2237;0.0000;-0.0669 
86.5446138999996;0.4474;0.0000;0.1107 
86.59267509999881;0.2237;0.0000;1.0414 
86.64050039999893;0.4474;0.0000;0.0438 
86.68853539999873;0.0000;0.0000;-0.0669 
86.75260239999989;-0.2237;0.0000;0.0000 
86.80021390000002;0.0000;0.0000;0.1107 
86.8484042;0.0000;0.0000;-0.1545 
86.89642509999976;0.0000;0.0000;-0.1545 
86.94441749999896;0.2237;0.0000;-1.4173 
86.99240589999863;0.2237;0.0000;-0.1107 
87.04036929999893;0.0000;0.0000;-0.1107 
87.08844859999954;0.0000;0.0000;-1.2628 
87.15215699999862;-0.2237;0.0000;-0.3090 
87.20031779999954;0.2237;0.0000;-1.1521 
87.24843529999998;-0.2237;0.0000;-0.1107 
87.29628699999921;0.2237;0.0000;0.4197 
87.34443800000008;0.0000;0.0000;1.6156 
87.39234880000004;0.0000;0.0000;0.0000 
87.44036039999992;0.0000;0.0000;0.1545 
87.48850849999872;-0.2237;0.0000;-1.4173 
87.53667289999976;0.2237;0.0000;-0.0438 
87.5845935999987;0.0000;0.0000;-0.2652 
87.64828569999918;-0.2237;0.0000;-1.2628 
87.69637559999865;0.2237;0.0000;0.2652 
87.74432100000013;0.0000;0.0000;1.1521 
87.79242969999905;0.2237;0.0000;0.0000 
87.84046559999842;0.0000;0.0000;-0.1107 
87.88881319999928;0.2237;0.0000;1.4173 
87.93644229999882;0.0000;0.0000;0.0438 
87.98506029999953;0.0000;0.0000;0.1545 
88.03256039999906;0.0000;0.0000;0.1545 
88.08037650000006;-0.2237;0.0000;0.3090 
88.12929359999907;0.2237;0.0000;0.1107 
88.17654020000009;0.0000;0.0000;-0.1107 
88.24056629999905;-0.2237;0.0000;-0.1545 
88.28846779999913;0.0000;0.0000;-1.1521 
88.33631640000021;0.0000;0.0000;0.0000 
88.38427069999852;0.0000;0.0000;0.1545 
88.43234679999841;0.2237;0.0000;1.4173 
88.48048190000009;0.4474;0.0000;1.3066 
88.52837389999877;0.2237;0.0000;-0.0669 
88.57636459999958;0.0000;0.0000;-0.1107 
88.62442039999951;0.2237;0.0000;0.1545 
88.67256409999936;0.0000;0.0000;-0.1107 
88.7204256999994;0.0000;0.0000;0.3090 
88.76861739999913;0.2237;0.0000;0.0000 
88.81665119999889;0.0000;0.0000;1.3066 
88.8646891999997;0.0000;0.0000;0.1545 
88.92833299999984;-0.2237;0.0000;-0.1545 
88.97631269999874;0.2237;0.0000;-1.3066 
89.02436080000007;-0.2237;0.0000;-0.1107 
89.0724410999992;0.6711;0.0000;0.1107 
89.1203749999986;0.0000;0.0000;-1.7493 
89.1685096000001;0.2237;0.0000;0.1545 
89.21630269999878;0.2237;0.0000;1.3066 
89.26445459999923;-0.2237;0.0000;-0.1107 
89.3131586999989;0.0000;0.0000;0.1107 
89.36052819999895;-0.2237;0.0000;0.1545 
89.42449599999964;-0.2237;0.0000;0.4197 
89.47226679999949;0.4474;0.0000;0.2652 
89.52026019999903;-0.2237;0.0000;-0.0669 
89.56853129999945;0.2237;0.0000;0.2652 
89.61643529999856;0.0000;0.0000;1.1521 
89.66436059999978;0.0000;0.0000;0.1545 
89.71243869999853;0.0000;0.0000;0.0000 
89.76043179999942;-0.4474;0.0000;0.0000 
89.80849729999863;0.0000;0.0000;0.0669 
89.85678619999999;0.0000;0.0000;0.1545 
89.90454099999988;0.0000;0.0000;0.1545 
89.96816319999925;-0.2237;0.0000;0.0000 
90.01632289999907;0.2237;0.0000;1.6825 
90.06437339999866;0.2237;0.0000;-1.5280 
90.11231359999874;0.0000;0.0000;0.0438 
90.16033529999913;0.0000;0.0000;0.0000 
90.20836280000003;0.0000;0.0000;0.1545 
90.25641819999873;0.0000;0.0000;0.0000 
90.3043992999992;0.0000;0.0000;0.0000 
90.35230379999848;0.2237;0.0000;1.4173 
90.40053939999962;0.0000;0.0000;-0.1107 
90.44850399999996;0.0000;0.0000;0.1545 
90.49638139999843;0.0000;0.0000;1.4173 
90.54431729999851;0.0000;0.0000;0.0000 
90.59238299999924;0.0000;0.0000;0.1545 
90.64034219999849;0.0000;0.0000;0.0000 
90.68863640000018;0.0000;0.0000;0.1545 
90.73650149999958;0.0000;0.0000;0.1545 
90.78454169999895;-0.4474;0.0000;-1.2628 
90.84828209999978;-0.4474;0.0000;0.2214 
90.8962722999986;0.0000;0.0000;1.3296 
90.94428770000013;-0.2237;0.0000;0.0000 
90.99249249999957;0.0000;0.0000;1.6825 
91.0404209999997;0.0000;0.0000;-1.2628 
91.08841709999979;0.0000;0.0000;0.0000 
91.13632839999991;0.2237;0.0000;0.0000 
91.18457469999885;0.2237;0.0000;-0.1107 
91.23270020000018;0.6711;0.0000;0.0438 
91.28050110000004;-0.2237;0.0000;-0.0230 
91.32868359999884;0.2237;0.0000;0.1107 
91.39238459999979;-0.4474;0.0000;-0.4197 
91.44038339999861;0.0000;0.0000;-1.3504 
91.48849759999939;0.0000;0.0000;0.1545 
91.53630729999895;0.0000;0.0000;-1.4173 
91.58470669999951;0.2237;0.0000;0.1545 
91.6323983000002;0.2237;0.0000;-0.1107 
91.68026629999986;0.0000;0.0000;-0.4197 
91.72841349999908;-0.2237;0.0000;0.1545 
91.77642059999926;0.0000;0.0000;0.1107 
91.82443319999948;0.2237;0.0000;0.0000 
91.87272510000003;0.2237;0.0000;-0.1107 
91.92112039999847;0.0000;0.0000;-0.1107 
91.98440969999865;-0.2237;0.0000;-1.4173 
92.03226379999978;-0.2237;0.0000;0.2652 
92.08034709999993;0.2237;0.0000;0.2652 
92.12847150000016;-0.2237;0.0000;0.0438 
92.1764480999991;0.2237;0.0000;0.1107 
92.22442749999936;0.0000;0.0000;-0.1107 
92.2723862999992;0.0000;0.0000;0.1545 
92.32038329999887;0.0000;0.0000;1.4173 
92.36840649999976;0.4474;0.0000;-1.5718 
92.41635339999993;0.0000;0.0000;1.3504 
92.46447879999869;0.2237;0.0000;0.0000 
92.51264979999905;0.0000;0.0000;-1.3734 
92.5763078;-0.2237;0.0000;-0.4635 
92.62425519999852;0.2237;0.0000;0.2652 
92.67233899999883;0.2237;0.0000;-0.2652 
92.7204858999994;0.2237;0.0000;-0.2652 
92.76837999999952;-0.2237;0.0000;-0.1107 
92.81642979999924;-0.2237;0.0000;0.2652 
92.86469709999983;0.0000;0.0000;0.2652 
92.91298439999991;-0.2237;0.0000;0.0000 
92.97627499999908;-0.2237;0.0000;1.3734 
93.02425579999908;0.0000;0.0000;0.2652 
93.07227049999892;0.0000;0.0000;0.0000 
93.12019659999896;0.2237;0.0000;0.1545 
93.16834799999924;-0.2237;0.0000;-0.1107 
93.21642519999841;-0.2237;0.0000;0.1107 
93.26458349999848;-0.2237;0.0000;0.5742 
93.31330189999971;0.0000;0.0000;-1.4611 
93.36047319999852;0.0000;0.0000;1.4173 
93.40851329999896;0.2237;0.0000;0.1545 
93.47229969999898;-0.4474;0.0000;-0.2652 
93.52030109999941;0.4474;0.0000;0.2214 
93.5683638999999;0.2237;0.0000;-0.2214 
93.61632159999863;0.0000;0.0000;-0.1107 
93.66441759999907;0.2237;0.0000;-1.2628 
93.7124232999995;-0.2237;0.0000;0.0438 
93.76115190000019;0.0000;0.0000;0.2652 
93.80832139999984;0.0000;0.0000;0.0000 
93.8566350000001;-0.2237;0.0000;0.3090 
93.90472599999885;0.0000;0.0000;0.4197 
93.95261380000011;0.4474;0.0000;0.0000 
94.01609709999866;-0.2237;0.0000;-0.0669 
94.06427449999865;-0.2237;0.0000;0.1107 
94.11247579999872;0.2237;0.0000;-1.3066 
94.16030599999976;-0.2237;0.0000;0.0438 
94.20837839999876;0.2237;0.0000;1.5280 
94.25646779999988;0.0000;0.0000;-1.5280 
94.30425359999936;-0.2237;0.0000;0.0000 
94.35245759999998;0.0000;0.0000;1.8370 
94.40046660000007;0.2237;0.0000;0.0000 
94.44833699999981;0.0000;0.0000;0.1983 
94.4963802000002;0.0000;0.0000;0.1545 
94.54450550000001;0.2237;0.0000;1.4173 
94.60850620000019;0.2237;0.0000;-0.2652 
94.6563761999987;0.2237;0.0000;-0.1107 
94.70426769999904;0.2237;0.0000;1.3066 
94.75227149999955;0.0000;0.0000;-1.5280 
94.80046279999988;0.2237;0.0000;0.0000 
94.84824729999855;0.0000;0.0000;-0.1107 
94.89626759999919;0.0000;0.0000;0.1545 
94.94442539999909;0.0000;0.0000;-1.2628 
94.99260629999844;0.2237;0.0000;0.0000 
95.04053529999874;-0.2237;0.0000;1.6156 
95.08836479999991;0.0000;0.0000;0.2652 
95.13632439999856;0.0000;0.0000;-0.4635 
95.18510409999908;0.0000;0.0000;0.0000 
95.24829189999946;-0.2237;0.0000;-0.1545 
95.29652429999987;0.2237;0.0000;0.1107 
95.34439149999889;0.2237;0.0000;-1.5280 
95.39229849999901;-0.4474;0.0000;1.3066 
95.44032770000013;-0.2237;0.0000;0.0669 
95.4885233999994;0.2237;0.0000;0.2652 
95.53650279999965;-0.2237;0.0000;0.0438 
95.58483659999911;-0.2237;0.0000;-1.1521 
95.63253129999975;0.2237;0.0000;-0.0438 
95.69624379999914;0.2237;0.0000;-0.1107 
95.74418349999905;0.2237;0.0000;0.0438 
95.79227549999996;0.0000;0.0000;-0.1107 
95.84031770000001;0.0000;0.0000;0.1545 
95.88828429999921;0.2237;0.0000;0.1545 
95.93632329999855;0.2237;0.0000;-0.1107 
95.98448019999887;0.0000;0.0000;1.1521 
96.0322500000002;0.2237;0.0000;0.0000 
96.080363699999;0.0000;0.0000;-1.6825 
96.1284375999985;0.2237;0.0000;0.3090 
96.17648909999843;0.0000;0.0000;-0.1107 
96.2246095999999;0.4474;0.0000;1.4173 
96.27252379999845;-0.2237;0.0000;-0.2214 
96.33618509999906;0.0000;0.0000;0.1107 
96.38417349999872;0.0000;0.0000;0.1545 
96.43242989999999;0.0000;0.0000;-0.1545 
96.48029419999875;0.2237;0.0000;0.0000 
96.52840189999915;0.2237;0.0000;-0.1107 
96.57637059999979;0.0000;0.0000;0.0438 
96.62450290000015;0.4474;0.0000;-0.3090 
96.67238489999909;0.2237;0.0000;-1.6386 
96.72035489999871;0.2237;0.0000;0.1983 
96.76840819999961;0.0000;0.0000;1.4611 
96.81643219999933;0.0000;0.0000;0.0000 
96.86454479999884;-0.2237;0.0000;0.1545 
96.91272749999916;0.2237;0.0000;0.1107 
96.96059969999988;0.2237;0.0000;0.1983 
97.0243104000001;-0.2237;0.0000;-0.2652 
97.07228020000002;0.0000;0.0000;0.1107 
97.12034969999877;0.0000;0.0000;0.0000 
97.1684454999995;-0.2237;0.0000;0.1545 
97.21648379999897;0.2237;0.0000;0.1107 
97.26442270000007;-0.2237;0.0000;-1.3734 
97.31281429999945;-0.2237;0.0000;-0.0438 
97.36072199999944;0.2237;0.0000;-1.3066 
97.42416569999841;0.2237;0.0000;-0.2652 
97.4721496000002;0.0000;0.0000;-0.4197 
97.52049439999973;0.0000;0.0000;-0.1545 
97.5683384999993;0.0000;0.0000;0.1545 
97.6163362999996;0.0000;0.0000;0.1545 
97.66445269999895;0.0000;0.0000;0.0000 
97.71242699999857;0.0000;0.0000;0.1545 
97.7604995999991;0.2237;0.0000;0.0000 
97.80853979999847;0.2237;0.0000;-0.1107 
97.85635149999871;0.0000;0.0000;-1.5280 
97.90441129999999;0.0000;0.0000;0.0000 
97.95257839999977;0.0000;0.0000;0.0000 
98.00048059999972;0.0000;0.0000;0.0000 
98.04853019999973;-0.2237;0.0000;0.1545 
98.096404599999;0.2237;0.0000;0.1107 
98.16024969999853;0.0000;0.0000;-0.1107 
98.20819189999929;-0.2237;0.0000;0.0000 
98.25625979999859;0.2237;0.0000;0.2652 
98.30431319999843;0.0000;0.0000;-0.1107 
98.35237239999879;0.0000;0.0000;0.1545 
98.40039979999892;0.0000;0.0000;0.0000 
98.44865869999921;0.0000;0.0000;0.0000 
98.49653089999993;0.2237;0.0000;0.0000 
98.54465639999944;0.0000;0.0000;-0.1107 
98.59231639999962;0.4474;0.0000;-0.1545 
98.64049049999994;0.2237;0.0000;0.0877 
98.68832819999989;0.0000;0.0000;-0.1107 
98.73650209999869;-0.2237;0.0000;-1.4173 
98.80017969999972;-0.2237;0.0000;-0.0438 
98.84832209999877;0.0000;0.0000;0.2652 
98.89621949999855;0.0000;0.0000;-1.4173 
98.94424769999932;-0.2237;0.0000;0.1545 
98.9923175999993;-0.2237;0.0000;0.1107 
99.0407383999991;0.0000;0.0000;0.5742 
99.08902789999956;0.2237;0.0000;1.4173 
99.13836119999905;0.0000;0.0000;-0.1107 
99.1849377999988;-0.2237;0.0000;-0.1545 
99.24824699999954;0.0000;0.0000;0.2652 
99.29631119999976;0.4474;0.0000;-1.2628 
99.34433139999965;0.0000;0.0000;-0.0669 
99.39225439999973;-0.2237;0.0000;1.5718 
99.44050069999867;0.0000;0.0000;-0.1983 
99.4884138999987;0.0000;0.0000;0.0000 
99.5364916999988;-0.2237;0.0000;0.3090 
99.58481589999974;0.2237;0.0000;0.1107 
99.63245339999958;0.4474;0.0000;-0.1107 
99.68049939999946;0.0000;0.0000;0.0877 
99.72843699999976;0.2237;0.0000;0.0000 
99.79222759999902;-0.2237;0.0000;-0.2652 
99.84023530000013;0.0000;0.0000;0.4197 
99.88845079999919;0.0000;0.0000;0.0000 
99.93628809999973;0.0000;0.0000;1.5718 
99.98443419999967;0.0000;0.0000;0.0000 
100.0326559999994;0.0000;0.0000;0.1545 
100.08080679999875;0.0000;0.0000;-1.2628 
100.12862359999963;0.0000;0.0000;0.3090 
100.1764149999999;0.0000;0.0000;0.0000 
100.22459619999972;0.2237;0.0000;-0.1545 
100.272492099999;0.2237;0.0000;-0.2652 
100.32040189999861;0.0000;0.0000;-0.2652 
100.38426729999992;-0.2237;0.0000;0.0000 
100.4322304999987;0.0000;0.0000;-0.1983 
100.48027349999938;0.0000;0.0000;0.0000 
100.52843489999941;-0.2237;0.0000;0.1545 
100.57626879999953;0.0000;0.0000;0.2652 
100.62446409999939;0.0000;0.0000;1.4173 
100.6722264;0.0000;0.0000;0.3090 
100.72036259999913;0.0000;0.0000;-1.4173 
100.76870309999867;0.2237;0.0000;0.3090 
100.81655099999989;0.2237;0.0000;-0.1107 
100.86459409999952;0.0000;0.0000;-0.1107 
100.91263280000021;0.2237;0.0000;1.5718 
100.96056589999898;0.0000;0.0000;-1.5280 
101.00840769999922;0.0000;0.0000;0.0000 
101.0721494999998;0.0000;0.0000;-1.2628 
101.12038659999962;0.0000;0.0000;-0.1545 
101.16821049999999;0.2237;0.0000;0.1545 
101.21661179999865;0.0000;0.0000;-0.4197 
101.26431219999904;0.2237;0.0000;0.0000 
101.31226950000018;-0.2237;0.0000;0.0438 
101.36032689999956;0.0000;0.0000;-0.0438 
101.40835199999856;0.0000;0.0000;1.4173 
101.45625849999851;0.0000;0.0000;0.0000 
101.50440089999938;0.0000;0.0000;0.0000 
101.55238349999854;0.0000;0.0000;0.3090 
101.60072429999855;0.0000;0.0000;0.0000 
101.64854129999912;0.0000;0.0000;0.1545 
101.6964455999987;0.0000;0.0000;0.0000 
101.74449879999884;0.0000;0.0000;0.0000 
101.79249799999889;0.0000;0.0000;0.0000 
101.84116279999944;0.2237;0.0000;0.0000 
101.90410319999864;0.2237;0.0000;-0.1107 
101.95247609999933;0.2237;0.0000;0.0438 
102.0002287999996;0.2237;0.0000;-0.1107 
102.04820529999961;0.0000;0.0000;0.0438 
102.09635619999972;0.2237;0.0000;-0.1545 
102.14445009999872;-0.2237;0.0000;-0.4197 
102.19245169999886;0.0000;0.0000;0.1107 
102.2404166999986;0.0000;0.0000;0.0000 
102.28853679999884;0.0000;0.0000;1.2628 
102.33652639999855;-0.2237;0.0000;0.0000 
102.38492309999856;0.0000;0.0000;0.1107 
102.43244999999843;0.0000;0.0000;0.3090 
102.49619050000001;0.2237;0.0000;-0.1545 
102.54426969999986;0.0000;0.0000;0.0438 
102.5922300000002;0.2237;0.0000;0.0000 
102.64032640000005;-0.2237;0.0000;-0.1107 
102.68838460000006;0.2237;0.0000;0.1107 
102.73629129999972;0.2237;0.0000;-1.2189 
102.78467329999876;0.0000;0.0000;-0.1107 
102.83238410000013;0.0000;0.0000;0.0000 
102.88027749999856;0.0000;0.0000;0.1545 
102.92839060000006;0.2237;0.0000;-0.1545 
102.99212239999906;-0.2237;0.0000;-0.2652 
103.04028130000006;0.0000;0.0000;0.1107 
103.08820899999955;-0.2237;0.0000;1.4173 
103.13633839999966;-0.4474;0.0000;-0.0438 
103.18484869999884;-0.2237;0.0000;-0.0877 
103.23285810000016;0.0000;0.0000;0.4197 
103.28049689999898;0.4474;0.0000;0.0000 
103.3283569999985;-0.2237;0.0000;-0.2214 
103.37663909999901;0.4474;0.0000;-1.3066 
103.44013660000019;-0.2237;0.0000;-0.0669 
103.48828529999992;-0.8948;0.0000;0.1107 
103.53632349999862;0.4474;0.0000;0.4427 
103.58431019999989;0.0000;0.0000;-0.3759 
103.63238459999957;0.2237;0.0000;0.1545 
103.68044989999908;0.2237;0.0000;-0.1107 
103.72833899999932;-0.2237;0.0000;1.3066 
103.77635589999954;0.0000;0.0000;0.1107 
103.82424549999996;0.0000;0.0000;0.3090 
103.87254679999933;0.0000;0.0000;0.1545 
103.92056689999845;0.0000;0.0000;0.1545 
103.96847709999929;0.2237;0.0000;0.0000 
104.03220069999952;0.0000;0.0000;-0.2652 
104.08023539999886;0.0000;0.0000;-1.4173 
104.12846769999851;0.4474;0.0000;-1.4173 
104.17629010000019;0.2237;0.0000;-0.2214 
104.22441959999924;0.0000;0.0000;-0.1107 
104.27237609999975;0.0000;0.0000;0.1545 
104.3203971999992;0.2237;0.0000;1.5718 
104.36870219999946;0.2237;0.0000;-0.1107 
104.4164036000002;0.2237;0.0000;-0.1107 
104.4644374999989;0.2237;0.0000;-0.1107 
104.51306010000008;0.2237;0.0000;1.3066 
104.5606448999988;0.2237;0.0000;-0.1107 
104.62421079999876;-0.2237;0.0000;-0.1107 
104.67233820000001;0.2237;0.0000;0.2652 
104.72030899999845;0.0000;0.0000;0.0438 
104.76821699999891;0.2237;0.0000;0.0000 
104.81624469999952;0.2237;0.0000;0.1983 
104.8649375999994;0.0000;0.0000;-0.7287 
104.91246409999985;0.0000;0.0000;-0.3090 
104.96029159999853;-0.4474;0.0000;0.0000 
105.00840269999935;0.0000;0.0000;1.6386 
105.05672059999961;-0.2237;0.0000;0.0000 
105.10445489999984;0.0000;0.0000;0.4197 
105.16814109999905;0.0000;0.0000;1.4173 
105.21618059999855;0.2237;0.0000;0.1545 
105.26420139999937;-0.2237;0.0000;1.4611 
105.31229600000006;0.2237;0.0000;0.2652 
105.36033029999999;-0.2237;0.0000;-0.1107 
105.40882729999976;0.0000;0.0000;0.4197 
105.45643089999976;-0.2237;0.0000;0.0000 
105.50445389999913;0.2237;0.0000;-1.1521 
105.5526278999987;-0.2237;0.0000;-0.2652 
105.60038939999868;0.2237;0.0000;0.1107 
105.66418999999951;-0.2237;0.0000;0.0438 
105.71224369999982;0.2237;0.0000;0.2652 
105.76094849999936;0.2237;0.0000;-0.1107 
105.80848439999863;0.4474;0.0000;0.0438 
105.856256699999;0.2237;0.0000;-0.3759 
105.90443559999949;0.0000;0.0000;0.0438 
105.95270059999893;0.0000;0.0000;1.5718 
106.00041649999912;-0.2237;0.0000;1.5718 
106.04883719999998;0.6711;0.0000;-1.3066 
106.0965856999992;0.0000;0.0000;-0.6411 
106.14457229999971;0.0000;0.0000;0.1545 
106.19253589999971;0.0000;0.0000;0.0000 
106.25615349999862;-0.2237;0.0000;0.1545 
106.3043775999995;0.4474;0.0000;-1.4611 
106.35231549999844;0.0000;0.0000;-0.2214 
106.40035239999997;0.0000;0.0000;0.1545 
106.4482594000001;0.0000;0.0000;0.0000 
106.49644759999865;0.4474;0.0000;0.0000 
106.54440129999966;0.0000;0.0000;-0.0669 
106.59236079999937;-0.2237;0.0000;1.5718 
106.64052709999851;0.6711;0.0000;0.1107 
106.68849809999847;0.2237;0.0000;-1.7493 
106.7364865999989;0.0000;0.0000;-0.1107 
106.78478739999991;0.0000;0.0000;0.1545 
106.83272359999864;-0.2237;0.0000;-0.1545 
106.89634399999886;0.2237;0.0000;0.1107 
106.9443556999995;0.0000;0.0000;-0.1107 
106.99232259999917;0.0000;0.0000;-0.1545 
107.04051949999848;0.0000;0.0000;0.0000 
107.0883603000002;0.2237;0.0000;0.1545 
107.13631429999987;0.0000;0.0000;-0.1107 
107.1846588999997;0.0000;0.0000;-1.4173 
107.23249669999859;0.0000;0.0000;0.0000 
107.2807245999993;0.0000;0.0000;0.0000 
107.32870249999905;-0.2237;0.0000;0.0000 
107.37646489999861;-0.2237;0.0000;0.1107 
107.42439709999962;-0.2237;0.0000;0.2652 
107.47252279999884;0.2237;0.0000;0.2652 
107.5362129999994;0.0000;0.0000;-0.2652 
107.58422849999988;0.0000;0.0000;0.0000 
107.63221039999917;0.2237;0.0000;0.0000 
107.68015559999913;0.2237;0.0000;0.1983 
107.72843739999917;0.0000;0.0000;0.0438 
107.77616599999965;0.0000;0.0000;0.0000 
107.82429509999929;0.2237;0.0000;1.5718 
107.8723700999999;0.4474;0.0000;-0.2652 
107.92021709999972;-0.2237;0.0000;-0.2214 
107.9685034999984;0.4474;0.0000;-0.0438 
108.01671889999852;0.2237;0.0000;-0.0669 
108.06453019999935;0.2237;0.0000;-0.1107 
108.1126093999992;0.0000;0.0000;0.0438 
108.17618559999937;0.0000;0.0000;0.0000 
108.22444759999962;0.0000;0.0000;0.0000 
108.27225249999901;0.0000;0.0000;0.0000 
108.32024979999915;0.0000;0.0000;-1.4173 
108.36838480000006;0.4474;0.0000;-0.1545 
108.4164939000002;0.0000;0.0000;-1.4841 
108.46447249999983;0.4474;0.0000;-1.4173 
108.5123711999986;0.0000;0.0000;1.3504 
108.5605130999993;0.0000;0.0000;0.0000 
108.60845049999989;0.0000;0.0000;0.0000 
108.65642029999981;0.2237;0.0000;-0.1545 
108.7044722999999;0.0000;0.0000;-0.1107 
108.75262809999913;0.2237;0.0000;0.0000 
108.80070569999953;0.2237;0.0000;0.0438 
108.84881049999967;0.0000;0.0000;1.3066 
108.89655719999973;-0.2237;0.0000;0.1545 
108.96016839999902;0.0000;0.0000;0.1107 
109.00821240000005;0.2237;0.0000;1.5718 
109.05620409999938;-0.2237;0.0000;1.1521 
109.1041854999985;0.4474;0.0000;0.1107 
109.15219369999977;0.2237;0.0000;-0.0669 
109.20023219999894;0.0000;0.0000;0.0438 
109.24867479999921;-0.2237;0.0000;1.2628 
109.29658719999861;0.0000;0.0000;0.2652 
109.34435089999897;-0.2237;0.0000;-0.6181 
109.40803539999979;0.0000;0.0000;0.2652 
109.4561595999985;0.2237;0.0000;0.1545 
109.50436829999853;0.0000;0.0000;-1.3734 
109.55234259999997;-0.2237;0.0000;0.0000 
109.60053639999933;0.0000;0.0000;0.2652 
109.64846319999924;-0.2237;0.0000;-0.3090 
109.69632129999991;-0.2237;0.0000;0.1107 
109.74461489999885;0.0000;0.0000;1.6825 
109.79268849999971;0.2237;0.0000;0.3090 
109.8562112999989;0.0000;0.0000;-0.1107 
109.90419699999984;0.0000;0.0000;-0.1545 
109.9523967999994;0.2237;0.0000;1.5718 
110.00029639999957;0.0000;0.0000;-0.1107 
110.04824709999957;0.0000;0.0000;1.2628 
110.09642019999956;-0.2237;0.0000;0.3090 
110.14444539999931;0.4474;0.0000;0.2652 
110.19256719999976;0.0000;0.0000;-0.3759 
110.24034369999936;0.2237;0.0000;-0.1545 
110.28854890000002;0.0000;0.0000;-1.3734 
110.35221149999961;0.0000;0.0000;0.1545 
110.40044269999999;0.0000;0.0000;-0.1545 
110.4490412999985;-0.2237;0.0000;0.0000 
110.49633639999956;0.2237;0.0000;0.1107 
110.54427049999867;0.0000;0.0000;-0.2652 
110.59235099999933;0.0000;0.0000;1.4173 
110.64045619999888;0.2237;0.0000;-0.1545 
110.68848199999957;-0.4474;0.0000;0.0438 
110.73653479999848;0.2237;0.0000;-0.0877 
110.80026429999998;0.2237;0.0000;-0.2652 
110.84829170000012;0.0000;0.0000;0.0438 
110.8963150999989;0.0000;0.0000;1.5718 
110.94440479999867;0.2237;0.0000;0.1545 
110.99285169999894;-0.4474;0.0000;0.1983 
111.04040089999944;0.2237;0.0000;-1.3504 
111.08832470000016;0.4474;0.0000;-0.1107 
111.13633739999932;0.0000;0.0000;0.0877 
111.18449580000015;0.2237;0.0000;0.0000 
111.23304049999933;0.2237;0.0000;1.3066 
111.28048919999856;0.0000;0.0000;-0.1107 
111.32846559999962;0.0000;0.0000;0.1545 
111.37650629999916;0.0000;0.0000;0.1545 
111.424812199999;0.2237;0.0000;-1.4173 
111.47301199999856;0.0000;0.0000;1.4611 
111.53610409999965;0.2237;0.0000;0.0000 
111.58414809999886;-0.2237;0.0000;-0.1107 
111.6322156999995;0.2237;0.0000;-0.0438 
111.68018870000014;-0.2237;0.0000;0.0438 
111.7282927999986;0.0000;0.0000;-0.1983 
111.77627709999979;0.2237;0.0000;0.0000 
111.82456769999953;-0.2237;0.0000;1.1521 
111.87237699999969;0.0000;0.0000;0.2652 
111.92059890000019;0.0000;0.0000;0.0000 
111.96907549999924;0.0000;0.0000;0.0000 
112.0175849999996;0.4474;0.0000;0.1545 
112.08057319999898;0.0000;0.0000;-0.0669 
112.12810799999897;0.0000;0.0000;0.1545 
112.17701769999985;0.0000;0.0000;0.1545 
112.2243099999996;-0.2237;0.0000;0.0000 
112.27219739999964;0.0000;0.0000;0.2652 
112.32029049999983;0.0000;0.0000;-0.1545 
112.3684706999993;0.0000;0.0000;0.0000 
112.41663059999883;0.0000;0.0000;-0.1545 
112.46447629999966;0.2237;0.0000;-0.1545 
112.52823999999964;-0.2237;0.0000;-0.1107 
112.57628990000012;0.0000;0.0000;0.2652 
112.62435299999925;0.0000;0.0000;-0.1545 
112.67228089999844;0.0000;0.0000;0.1545 
112.72057630000018;0.2237;0.0000;0.0000 
112.7684191999997;-0.2237;0.0000;-0.1107 
112.81639170000017;0.0000;0.0000;1.6825 
112.8644766999987;0.0000;0.0000;0.0000 
112.91243779999968;0.4474;0.0000;-0.1545 
112.96081549999872;-0.2237;0.0000;0.0877 
113.02439009999944;0.0000;0.0000;-0.1983 
113.07221570000002;0.4474;0.0000;1.2628 
113.12058219999926;-0.2237;0.0000;-0.2214 
113.16860369999995;0.2237;0.0000;0.1107 
113.21643529999892;0.0000;0.0000;1.4611 
113.26443479999944;0.0000;0.0000;0.0000 
113.31237859999965;0.0000;0.0000;0.1545 
113.3601835999998;0.0000;0.0000;0.0000 
113.40824249999969;0.2237;0.0000;1.4173 
113.45634169999903;0.0000;0.0000;0.0438 
113.50440109999909;0.0000;0.0000;0.0000 
113.55245560000003;0.0000;0.0000;0.1545 
113.61618549999912;-0.2237;0.0000;-0.1545 
113.66436819999944;0.0000;0.0000;0.2652 
113.71239950000017;0.4474;0.0000;-0.1545 
113.76085989999956;0.0000;0.0000;-0.3759 
113.80828349999865;0.0000;0.0000;1.4173 
113.85645579999982;0.0000;0.0000;0.0000 
113.90435089999846;0.2237;0.0000;-0.1545 
113.95263149999846;-0.2237;0.0000;-0.1107 
114.00033449999864;0.0000;0.0000;0.1107 
114.06412719999935;0.0000;0.0000;-0.1545 
114.11223849999988;0.0000;0.0000;-1.5718 
114.16009739999936;0.2237;0.0000;0.3090 
114.208209299999;0.0000;0.0000;-1.5280 
114.25626860000011;-0.4474;0.0000;0.0000 
114.30434169999899;-0.2237;0.0000;0.2214 
114.35256440000012;0.0000;0.0000;0.1107 
114.40039230000002;0.2237;0.0000;0.0000 
114.44878499999868;0.0000;0.0000;-0.1107 
114.49665579999964;0.0000;0.0000;1.4173 
114.54577439999957;-0.2237;0.0000;0.0000 
114.59249659999841;0.2237;0.0000;1.5280 
114.6561647999988;0.2237;0.0000;1.1521 
114.70441500000015;0.4474;0.0000;-0.2652 
114.75253519999933;-0.2237;0.0000;1.0414 
114.80021809999926;0.0000;0.0000;1.6825 
114.84840299999996;0.0000;0.0000;-1.4173 
114.89617649999855;0.2237;0.0000;1.2628 
114.94459399999869;0.0000;0.0000;0.0438 
114.99243339999884;0.2237;0.0000;0.0000 
115.04022919999989;0.0000;0.0000;-0.1107 
115.08836059999885;0.0000;0.0000;0.0000 
115.13652059999913;0.0000;0.0000;0.0000 
115.18458139999893;0.2237;0.0000;0.1545 
115.24823409999954;0.0000;0.0000;-0.1107 
115.29618889999983;0.0000;0.0000;-0.1545 
115.34418259999984;-0.2237;0.0000;0.1545 
115.39230009999847;-0.2237;0.0000;0.1107 
115.44034189999911;0.0000;0.0000;0.2652 
115.4887396999984;0.2237;0.0000;1.4173 
115.5363942999993;0.2237;0.0000;0.0438 
115.58456639999895;0.4474;0.0000;-1.3734 
115.63251619999937;0.0000;0.0000;-0.2214 
115.68035749999945;0.2237;0.0000;1.4173 
115.72960309999871;-0.2237;0.0000;0.0438 
115.79216420000012;0.0000;0.0000;-0.0438 
115.84009699999842;0.0000;0.0000;0.0000 
115.88809760000004;0.2237;0.0000;0.1545 
115.93618539999989;-0.2237;0.0000;-0.1107 
115.98450599999887;-0.2237;0.0000;0.1107 
116.03248050000002;0.0000;0.0000;0.1107 
116.08059239999966;0.0000;0.0000;0.1545 
116.12842359999922;0.2237;0.0000;0.1545 
116.17645289999928;0.2237;0.0000;-0.1107 
116.22435379999843;0.2237;0.0000;0.0438 
116.27246449999984;0.0000;0.0000;-0.2652 
116.3203384999997;0.2237;0.0000;0.0000 
116.36820709999847;0.0000;0.0000;0.0438 
116.41631619999862;0.0000;0.0000;0.3090 
116.48027029999866;0.2237;0.0000;-0.1545 
116.52822969999943;0.0000;0.0000;-0.1107 
116.57618599999842;0.0000;0.0000;0.1545 
116.62413809999998;0.0000;0.0000;0.0000 
116.67223009999907;0.2237;0.0000;0.0000 
116.72021189999941;0.0000;0.0000;0.0438 
116.76832709999871;0.2237;0.0000;-1.2628 
116.81621149999955;0.0000;0.0000;-0.1107 
116.86465969999881;0.0000;0.0000;0.0000 
116.91236529999878;0.0000;0.0000;-0.1545 
116.96030119999887;0.2237;0.0000;0.0000 
117.00828739999997;0.0000;0.0000;0.0438 
117.05617829999937;0.2237;0.0000;0.1545 
117.10454739999841;-0.2237;0.0000;-0.1107 
117.15242409999883;0.2237;0.0000;0.1107 
117.20041969999875;0.2237;0.0000;-0.1107 
117.26459710000017;-0.2237;0.0000;0.0438 
117.31204369999978;0.0000;0.0000;-1.3066 
117.36008339999898;0.0000;0.0000;1.4173 
117.40832679999949;0.2237;0.0000;0.0000 
117.45622430000003;-0.4474;0.0000;0.0438 
117.50431769999886;0.2237;0.0000;0.2214 
117.55275959999926;-0.2237;0.0000;-0.2652 
117.60044639999978;0.0000;0.0000;1.6825 
117.64837979999902;0.2237;0.0000;-1.2628 
117.69641959999899;0.0000;0.0000;0.0438 
117.74438240000018;0.2237;0.0000;-1.4173 
117.79241899999943;0.2237;0.0000;-0.1107 
117.85620579999886;-0.2237;0.0000;-1.6825 
117.90418820000014;0.0000;0.0000;0.2652 
117.95234469999923;0.0000;0.0000;-0.1545 
118.00042479999865;0.0000;0.0000;0.0000 
118.04835610000009;0.2237;0.0000;0.0000 
118.09680149999986;0.0000;0.0000;-1.5280 
118.14416669999991;-0.2237;0.0000;0.0000 
118.1924528999989;-0.2237;0.0000;0.1107 
118.24045669999941;0.4474;0.0000;0.1107 
118.28844129999925;0.0000;0.0000;0.0877 
118.33645219999926;0.2237;0.0000;-1.1083 
118.4001618000002;0.0000;0.0000;-0.2652 
118.44835129999956;-0.2237;0.0000;1.5718 
118.49683480000022;0.0000;0.0000;0.1107 
118.54432129999987;0.0000;0.0000;1.2628 
118.59232019999945;0.2237;0.0000;0.0000 
118.6402464999992;0.0000;0.0000;-1.6825 
118.68880089999948;-0.2237;0.0000;1.7263 
118.73676549999982;-0.2237;0.0000;0.1107 
118.78457049999997;-0.2237;0.0000;0.9099 
118.84820629999922;0.0000;0.0000;-0.0438 
118.896125199999;0.2237;0.0000;0.0000 
118.94416439999986;0.2237;0.0000;-0.4197 
118.99232889999985;0.0000;0.0000;-0.2652 
119.0402895999996;0.0000;0.0000;0.1545 
119.08826799999952;0.2237;0.0000;0.0000 
119.13638299999911;0.0000;0.0000;-0.2652 
119.184476299999;-0.2237;0.0000;0.1545 
119.23253729999851;0.2237;0.0000;-0.0438 
119.29616589999932;-0.2237;0.0000;-0.1107 
119.34419709999929;0.0000;0.0000;0.2652 
119.39230279999902;0.2237;0.0000;0.0000 
119.44038139999975;0.2237;0.0000;0.1983 
119.488452399999;0.4474;0.0000;-0.2652 
119.53632929999912;0.2237;0.0000;-0.3759 
119.58454019999954;0.0000;0.0000;-0.1107 
119.63266509999994;-0.2237;0.0000;0.1545 
119.68040130000009;0.2237;0.0000;0.4197 
119.7283785999989;0.2237;0.0000;0.0438 
119.77656409999872;0.2237;0.0000;-0.1107 
119.82455789999949;0.0000;0.0000;0.1983 
119.88828739999917;-0.4474;0.0000;-1.4173 
119.93625089999841;-0.4474;0.0000;-1.3504 
119.98435939999945;0.2237;0.0000;0.3759 
120.0321675999985;0.2237;0.0000;-0.2652 
120.08045279999897;0.0000;0.0000;0.0438 
120.12835300000006;0.2237;0.0000;-1.4173 
120.17679969999881;0.0000;0.0000;-0.1107 
120.2246344999985;0.2237;0.0000;1.4173 
120.27262179999889;0.0000;0.0000;0.0438 
120.32041759999993;0.2237;0.0000;0.0000 
120.38417739999932;-0.2237;0.0000;-0.2652 
120.4321887999995;-0.2237;0.0000;0.2652 
120.48020899999938;0.0000;0.0000;0.1107 
120.52824949999922;0.0000;0.0000;0.0000 
120.57642699999997;0.0000;0.0000;-1.5718 
120.62432110000009;0.2237;0.0000;0.3090 
120.67253009999877;-0.2237;0.0000;-0.4197 
120.72032719999879;0.0000;0.0000;0.2652 
120.76832909999939;0.0000;0.0000;0.3090 
120.8163171999986;-0.2237;0.0000;1.4173 
120.88011349999942;-0.4474;0.0000;0.2652 
120.92812439999943;0.0000;0.0000;1.7931 
120.97627589999865;0.0000;0.0000;-0.1545 
121.02423999999883;0.4474;0.0000;0.3090 
121.07253909999963;-0.4474;0.0000;-0.2214 
121.12046989999908;0.2237;0.0000;-1.0414 
121.16854059999969;0.0000;0.0000;0.0438 
121.21641499999896;0.4474;0.0000;-0.1545 
121.26513189999969;0.2237;0.0000;-0.2214 
121.31249500000013;0.2237;0.0000;-1.5280 
121.37619989999985;-0.2237;0.0000;0.0438 
121.42420959999981;0.2237;0.0000;0.1107 
121.4722185999999;-0.2237;0.0000;-1.5280 
121.52023329999975;0.2237;0.0000;0.1107 
121.56817809999848;0.2237;0.0000;-0.1107 
121.61645989999852;0.0000;0.0000;0.0438 
121.66464789999918;0.2237;0.0000;0.0000 
121.71246369999972;0.0000;0.0000;-0.1107 
121.76037009999891;0.0000;0.0000;1.4173 
121.80845549999867;-0.2237;0.0000;0.0000 
121.85640989999956;-0.2237;0.0000;0.2652 
121.90440229999876;0.0000;0.0000;0.1107 
121.9525023999995;0.2237;0.0000;0.4635 
122.01627009999902;0.2237;0.0000;-0.2652 
122.0642231999991;0.2237;0.0000;-0.1107 
122.1123837999985;0.2237;0.0000;-1.5280 
122.1602374999984;0.0000;0.0000;0.0438 
122.20839139999953;-0.2237;0.0000;0.1545 
122.2563257999991;0.0000;0.0000;1.5280 
122.30431200000021;0.2237;0.0000;0.0000 
122.35244199999943;0.0000;0.0000;-0.1107 
122.4004144999999;0.0000;0.0000;0.0000 
122.44842289999906;-0.2237;0.0000;0.0000 
122.4964473;0.2237;0.0000;0.4197 
122.54448179999963;-0.2237;0.0000;1.3066 
122.6082693999997;0.2237;0.0000;-1.1521 
122.6563016;0.0000;0.0000;-0.1107 
122.70466269999997;0.0000;0.0000;0.0000 
122.752204299999;0.4474;0.0000;0.1545 
122.80038619999868;-0.2237;0.0000;-1.3296 
122.84815759999947;0.4474;0.0000;1.5280 
122.89632379999966;0.2237;0.0000;-0.0669 
122.94428159999916;0.0000;0.0000;-0.1107 
122.99235880000015;-0.2237;0.0000;1.4173 
123.04109419999986;0.2237;0.0000;1.3734 
123.08845819999988;-0.2237;0.0000;0.0438 
123.15215519999947;-0.2237;0.0000;0.1107 
123.20022719999906;0.4474;0.0000;1.5280 
123.24823939999987;0.0000;0.0000;-0.2214 
123.29640800000016;0.0000;0.0000;0.0000 
123.34434059999876;0.2237;0.0000;1.4173 
123.39223390000006;0.0000;0.0000;1.4611 
123.4402226000002;0.0000;0.0000;-0.1545 
123.48852639999859;0.2237;0.0000;0.0000 
123.5364101999985;0.4474;0.0000;0.1983 
123.58462869999858;-0.2237;0.0000;-0.2214 
123.63248569999996;0.0000;0.0000;0.2652 
123.68043149999903;-0.2237;0.0000;1.5718 
123.74424629999885;0.0000;0.0000;0.2652 
123.79221569999936;0.0000;0.0000;0.0000 
123.84021179999945;0.2237;0.0000;0.1545 
123.88844590000008;0.2237;0.0000;-0.1107 
123.93629009999859;-0.2237;0.0000;-0.1107 
123.9844540999984;0.0000;0.0000;0.1107 
124.03229819999979;0.2237;0.0000;0.0000 
124.08044489999884;0.0000;0.0000;-0.1107 
124.12845609999931;-0.2237;0.0000;0.0000 
124.17683729999953;0.0000;0.0000;0.1107 
124.22476829999869;0.0000;0.0000;-0.1545 
124.27262379999956;-0.2237;0.0000;0.1545 
124.32059949999893;0.2237;0.0000;0.1107 
124.38409270000011;0.2237;0.0000;-0.1107 
124.43224379999992;0.2237;0.0000;-0.1107 
124.4801568999992;0.0000;0.0000;-0.1107 
124.52836299999944;0.6711;0.0000;0.0000 
124.5763283999986;0.2237;0.0000;-0.3320 
124.62419939999927;0.0000;0.0000;-0.2652 
124.67231269999866;0.0000;0.0000;0.1545 
124.72029779999866;0.0000;0.0000;0.0000 
124.7683436999996;0.0000;0.0000;-1.4173 
124.81640220000008;0.2237;0.0000;-0.3090 
124.86455769999884;-0.2237;0.0000;-0.2652 
124.91246609999871;0.2237;0.0000;0.1107 
124.97631619999993;0.6711;0.0000;-0.1107 
125.02448249999907;0.2237;0.0000;-0.1775 
125.07220909999887;0.0000;0.0000;-0.1107 
125.12025269999867;0.0000;0.0000;1.4173 
125.16823859999931;0.2237;0.0000;-1.4173 
125.21632859999954;0.2237;0.0000;-0.2652 
125.26452539999991;0.0000;0.0000;-0.2652 
125.31231479999951;0.4474;0.0000;0.0000 
125.36035559999982;0.0000;0.0000;-0.3759 
125.40856149999854;0.2237;0.0000;-1.4173 
125.4564190000001;-0.2237;0.0000;0.0438 
125.5044242999993;0.2237;0.0000;1.6825 
125.56838119999884;-0.2237;0.0000;-1.5280 
125.61623220000001;0.2237;0.0000;-0.0438 
125.66428149999956;0.0000;0.0000;-0.2652 
125.71225559999948;0.0000;0.0000;0.0000 
125.76037619999988;0.0000;0.0000;0.1545 
125.80835200000001;0.4474;0.0000;0.0000 
125.85633309999866;0.0000;0.0000;-0.2214 
125.90440089999902;0.2237;0.0000;0.0000 
125.95234149999851;0.0000;0.0000;0.0438 
126.00023890000011;0.0000;0.0000;0.0000 
126.04834849999861;0.0000;0.0000;0.1545 
126.09641159999956;0.0000;0.0000;-0.1545 
126.14450020000004;0.2237;0.0000;0.1545 
126.20806589999847;0.2237;0.0000;-0.2652 
126.25609359999908;-0.2237;0.0000;-0.1107 
126.3042220999996;0.2237;0.0000;1.5280 
126.35232679999899;0.2237;0.0000;-0.2652 
126.40041569999994;0.2237;0.0000;-0.1107 
126.4484326999991;0.2237;0.0000;-0.2652 
126.49642569999924;0.0000;0.0000;0.0438 
126.54507329999979;0.2237;0.0000;0.0000 
126.5942202999995;0.2237;0.0000;0.0438 
126.6404480000001;0.2237;0.0000;0.0438 
126.68841319999956;-0.2237;0.0000;0.1983 
126.75222839999878;0.0000;0.0000;-0.0438 
126.80021870000019;0.4474;0.0000;0.0000 
126.84832490000008;0.0000;0.0000;-1.7931 
126.89635709999857;0.0000;0.0000;0.1545 
126.94435429999976;0.2237;0.0000;-1.5718 
126.99231639999925;-0.2237;0.0000;0.0438 
127.04035269999986;-0.2237;0.0000;1.3734 
127.08848509999916;0.0000;0.0000;0.1107 
127.13636929999848;-0.4474;0.0000;-1.4173 
127.18434929999967;0.2237;0.0000;0.3759 
127.23262749999958;0.2237;0.0000;0.0438 
127.29625309999938;-0.2237;0.0000;-1.3734 
127.34526489999917;0.2237;0.0000;1.5280 
127.39221919999909;0.0000;0.0000;-0.2652 
127.44025629999851;0.2237;0.0000;1.4173 
127.4884891999991;-0.2237;0.0000;-0.2652 
127.53641229999994;0.2237;0.0000;0.1107 
127.58435469999858;0.2237;0.0000;1.4611 
127.63299240000015;-0.2237;0.0000;-1.6825 
127.69609459999992;0.0000;0.0000;0.1107 
127.74418499999956;-0.2237;0.0000;0.0000 
127.79219679999915;0.0000;0.0000;-0.1983 
127.84026139999878;-0.2237;0.0000;0.0000 
127.88941739999973;-0.2237;0.0000;0.1107 
127.93639099999928;0.2237;0.0000;-0.9976 
127.98446030000014;0.0000;0.0000;-0.1107 
128.03246899999976;0.2237;0.0000;0.0000 
128.08036269999866;0.2237;0.0000;-0.1107 
128.12857629999962;0.0000;0.0000;1.3066 
128.17636369999855;0.2237;0.0000;0.1545 
128.22449479999887;0.0000;0.0000;-0.1107 
128.28817629999867;-0.4474;0.0000;0.0000 
128.33613439999863;0.2237;0.0000;0.2214 
128.38412979999885;-0.2237;0.0000;-0.1107 
128.43222999999853;-0.2237;0.0000;1.6825 
128.48031149999952;-0.2237;0.0000;0.1107 
128.52854079999997;0.4474;0.0000;0.2652 
128.57634770000004;0.0000;0.0000;-0.2214 
128.6245461999988;0.0000;0.0000;0.0000 
128.67240719999972;0.0000;0.0000;-1.5718 
128.72034769999846;-0.2237;0.0000;-1.2628 
128.78404409999894;-0.2237;0.0000;0.2652 
128.8322449999996;0.4474;0.0000;-0.1983 
128.88041089999933;0.0000;0.0000;-0.2214 
128.92831379999916;0.0000;0.0000;1.5718 
128.97631059999912;0.2237;0.0000;1.5718 
129.0245020000002;0.0000;0.0000;-1.3734 
129.07249469999988;0.4474;0.0000;0.0000 
129.12051729999985;0.0000;0.0000;-0.0669 
129.1684499999992;0.0000;0.0000;-0.1545 
129.21658829999978;0.2237;0.0000;0.0000 
129.27999889999955;0.2237;0.0000;-0.2652 
129.32806459999847;0.0000;0.0000;-0.1107 
129.37615919999917;0.0000;0.0000;-1.4173 
129.424512399999;0.0000;0.0000;-1.5718 
129.47231029999966;0.0000;0.0000;0.0000 
129.5201288999997;0.0000;0.0000;0.0000 
129.5682997999993;-0.2237;0.0000;0.0000 
129.6164914000001;0.0000;0.0000;-0.0438 
129.66433499999948;0.2237;0.0000;0.0000 
129.71232449999843;0.2237;0.0000;1.4611 
129.7604526999985;0.0000;0.0000;1.4611 
129.8084562999993;0.0000;0.0000;0.1545 
129.87237229999846;0.0000;0.0000;-0.1545 
129.92018519999874;-0.2237;0.0000;-1.5718 
129.9682131999998;-0.2237;0.0000;-1.4611 
130.01615599999968;0.0000;0.0000;0.2652 
130.06436079999912;0.0000;0.0000;0.0000 
130.11231319999933;0.0000;0.0000;0.0000 
130.16031759999896;0.0000;0.0000;0.0000 
130.208577899999;-0.2237;0.0000;-0.1545 
130.2569311999996;0.2237;0.0000;-1.1521 
130.3046448999994;-0.2237;0.0000;0.0438 
130.36816299999919;0.2237;0.0000;1.3734 
130.41629829999874;0.0000;0.0000;-0.2652 
130.46426249999968;0.0000;0.0000;0.0000 
130.51229729999977;0.2237;0.0000;-1.1083 
130.56034659999932;0.0000;0.0000;-1.3734 
130.60818130000007;-0.2237;0.0000;0.0000 
130.65653969999948;0.2237;0.0000;1.5280 
130.70441949999986;0.4474;0.0000;0.1983 
130.75256329999866;0.2237;0.0000;-0.2214 
130.8006510999985;0.0000;0.0000;-0.1107 
130.86402559999988;0.2237;0.0000;-0.1545 
130.91215399999965;-0.2237;0.0000;-0.1107 
130.9602720999992;0.4474;0.0000;0.1107 
131.00822699999844;0.2237;0.0000;1.1959 
131.0566276999998;0.2237;0.0000;-0.1107 
131.1042663999997;0.0000;0.0000;0.0438 
131.15226569999868;0.2237;0.0000;0.0000 
131.20028319999983;0.0000;0.0000;-1.5280 
131.24837509999998;0.2237;0.0000;0.1545 
131.29638149999846;0.0000;0.0000;-0.2652 
131.34434539999893;0.2237;0.0000;0.0000 
131.39236869999877;0.0000;0.0000;-0.1107 
131.44064689999868;0.0000;0.0000;0.3090 
131.48830139999882;-0.2237;0.0000;0.0000 
131.55197459999908;0.0000;0.0000;0.1107 
131.60005319999982;0.2237;0.0000;1.5718 
131.64821099999972;0.0000;0.0000;-0.1107 
131.69642569999996;0.0000;0.0000;0.0000 
131.7447057999998;0.2237;0.0000;0.0000 
131.7922483000002;0.2237;0.0000;-0.2652 
131.84022339999865;0.2237;0.0000;-0.1107 
131.88825839999845;0.0000;0.0000;-0.7287 
131.93639040000016;0.2237;0.0000;-0.1545 
131.98442149999937;0.2237;0.0000;-0.1107 
132.03268019999996;0.4474;0.0000;-0.1107 
132.0803974999999;0.0000;0.0000;-0.2214 
132.1284242999991;0.2237;0.0000;0.0000 
132.19239070000003;0.0000;0.0000;-0.2652 
132.24028689999977;0.4474;0.0000;0.0000 
132.28813949999858;0.2237;0.0000;-0.2214 
132.33625690000008;0.2237;0.0000;-0.1107 
132.3843256;0.0000;0.0000;-0.2652 
132.43260999999984;0.0000;0.0000;0.1545 
132.48036289999982;-0.2237;0.0000;0.0000 
132.52859889999854;0.2237;0.0000;0.1107 
132.5764313999989;0.0000;0.0000;0.0438 
132.6244053999999;0.0000;0.0000;0.1545 
132.67279640000015;0.2237;0.0000;0.1545 
132.7203486999988;0.0000;0.0000;1.3066 
132.78417099999933;0.2237;0.0000;-0.1545 
132.83215869999913;-0.2237;0.0000;-0.1107 
132.88028769999983;0.2237;0.0000;-1.3066 
132.92830629999844;-0.2237;0.0000;-0.2652 
132.97648089999893;0.2237;0.0000;1.5280 
133.0242978999995;-0.2237;0.0000;-0.2652 
133.0725711999985;0.0000;0.0000;0.1107 
133.12084159999904;0.0000;0.0000;-1.2628 
133.16839699999946;0.2237;0.0000;0.0000 
133.2320878999999;-0.2237;0.0000;-0.1107 
133.2803318999995;-0.2237;0.0000;0.1107 
133.3283870999985;-0.2237;0.0000;0.2652 
133.37643919999937;0.4474;0.0000;0.1107 
133.42435870000008;0.2237;0.0000;-0.3759 
133.47245669999938;0.0000;0.0000;-1.2189 
133.5203529999999;0.0000;0.0000;0.1545 
133.56834059999892;0.0000;0.0000;-0.1545 
133.61657579999883;0.0000;0.0000;1.5718 
133.68002539999907;0.0000;0.0000;0.0000 
133.72813589999896;0.0000;0.0000;0.0000 
133.77610699999968;0.0000;0.0000;0.0000 
133.8241581000002;0.0000;0.0000;0.1545 
133.87220650000017;0.2237;0.0000;-0.1545 
133.92030019999947;-0.2237;0.0000;0.0438 
133.96841339999992;0.0000;0.0000;-0.0438 
134.0163438999989;0.0000;0.0000;-0.3090 
134.0643970000001;-0.4474;0.0000;0.0000 
134.11254539999936;0.2237;0.0000;1.6386 
134.17605079999885;0.6711;0.0000;0.0438 
134.2242505999984;0.2237;0.0000;-0.1775 
134.27219569999943;0.0000;0.0000;-0.1107 
134.32019949999994;-0.4474;0.0000;0.1545 
134.3683535;0.0000;0.0000;-0.0877 
134.41629039999862;0.0000;0.0000;-1.4173 
134.4641888999995;0.0000;0.0000;0.0000 
134.51282600000013;0.0000;0.0000;1.4173 
134.5603245000002;0.0000;0.0000;0.0000 
134.60842429999866;0.0000;0.0000;0.3090 
134.6563599000001;0.0000;0.0000;0.1545 
134.70459569999912;0.4474;0.0000;-0.1545 
134.7680722999994;-0.2237;0.0000;-0.2214 
134.81612359999963;0.2237;0.0000;0.4197 
134.86464419999902;-0.2237;0.0000;0.0438 
134.91221749999931;0.2237;0.0000;0.1107 
134.96036139999887;-0.2237;0.0000;0.0438 
135.00833779999994;0.2237;0.0000;0.1107 
135.05632989999867;0.0000;0.0000;-1.0644 
135.10439210000004;0.0000;0.0000;0.1545 
135.15238599999975;-0.2237;0.0000;1.2628 
135.21634110000014;-0.2237;0.0000;-0.0438 
135.26425749999908;-0.2237;0.0000;0.1107 
135.31212409999898;-0.2237;0.0000;0.1107 
135.36021639999854;0.0000;0.0000;0.2652 
135.40830079999978;0.2237;0.0000;0.0000 
135.45622079999885;-0.2237;0.0000;-1.3734 
135.50440739999976;-0.2237;0.0000;0.1107 
135.55234459999883;0.0000;0.0000;-0.0438 
135.60034379999888;0.2237;0.0000;0.0000 
135.64838090000012;0.2237;0.0000;0.1983 
135.71210799999972;0.0000;0.0000;0.0438 
135.760320899999;0.0000;0.0000;1.5718 
135.80809109999973;0.0000;0.0000;0.0000 
135.8562413999989;-0.2237;0.0000;-1.2628 
135.90440039999885;0.0000;0.0000;-0.0438 
135.95233609999923;-0.4474;0.0000;-1.4173 
136.00043519999963;0.0000;0.0000;1.9477 
136.0488777999999;-0.2237;0.0000;0.0000 
136.09658789999958;0.0000;0.0000;1.6825 
136.16009929999927;0.0000;0.0000;0.0000 
136.2082716999994;-0.2237;0.0000;0.0000 
136.2562896999989;0.2237;0.0000;-0.0438 
136.30422779999935;0.0000;0.0000;1.4611 
136.3523342999997;0.0000;0.0000;0.1545 
136.40027799999916;0.2237;0.0000;0.1545 
136.44827129999976;0.2237;0.0000;0.0438 
136.49638009999944;0.0000;0.0000;0.0438 
136.5442454999993;0.2237;0.0000;0.0000 
136.59256939999977;0.0000;0.0000;-0.2652 
136.6405408999999;0.2237;0.0000;-0.1545 
136.68851489999906;0.2237;0.0000;1.4611 
136.73644839999906;0.0000;0.0000;1.1521 
136.79998650000016;0.0000;0.0000;-1.4173 
136.84809089999908;0.0000;0.0000;0.0000 
136.89628189999894;0.2237;0.0000;-0.1545 
136.94444089999888;0.0000;0.0000;0.1983 
136.99229789999845;0.0000;0.0000;0.3090 
137.0402768999993;0.0000;0.0000;0.0000 
137.0882915000002;-0.2237;0.0000;0.1545 
137.13635199999953;0.2237;0.0000;-0.9976 
137.18430839999928;0.2237;0.0000;-0.1107 
137.23235699999896;0.4474;0.0000;-0.1107 
137.2810673999993;0.0000;0.0000;-0.0669 
137.32865709999896;0.2237;0.0000;0.0000 
137.3763801999994;0.0000;0.0000;-1.2189 
137.44010589999925;-0.2237;0.0000;0.1545 
137.48825729999953;-0.2237;0.0000;-0.0438 
137.53631759999917;0.0000;0.0000;0.2652 
137.58425589999933;0.0000;0.0000;0.1545 
137.6323343999993;0.2237;0.0000;0.1545 
137.68054409999968;0.4474;0.0000;-0.2652 
137.72841340000014;0.0000;0.0000;-0.2214 
137.77651359999982;0.0000;0.0000;1.7263 
137.82437059999938;0.0000;0.0000;0.3090 
137.888196599999;0.0000;0.0000;-0.1545 
137.93606139999974;0.2237;0.0000;0.0000 
137.9841637999998;-0.2237;0.0000;-0.1107 
138.03231569999843;0.0000;0.0000;0.1107 
138.08033579999938;-0.4474;0.0000;1.2628 
138.12830699999904;-0.2237;0.0000;-1.1959 
138.17629289999968;0.0000;0.0000;-1.1521 
138.22428819999914;0.0000;0.0000;0.1545 
138.28801909999856;0.0000;0.0000;-0.1545 
138.33613589999914;0.0000;0.0000;0.0000 
138.38416249999864;0.0000;0.0000;-0.1545 
138.43221549999907;0.0000;0.0000;0.0000 
138.48025679999955;-0.2237;0.0000;0.0000 
138.52846519999912;0.4474;0.0000;-0.0438 
138.57648169999993;0.0000;0.0000;-0.0669 
138.624826199999;0.2237;0.0000;0.1545 
138.6722066000002;0.0000;0.0000;-0.1107 
138.72032679999938;0.0000;0.0000;-0.1545 
138.76853389999997;0.0000;0.0000;0.1545 
138.81647410000005;-0.2237;0.0000;0.0000 
138.88002269999924;0.4474;0.0000;0.2652 
138.92812069999854;0.0000;0.0000;-0.2214 
138.9761260999985;0.0000;0.0000;0.1545 
139.02416129999983;-0.2237;0.0000;0.0000 
139.07266619999973;0.0000;0.0000;-1.1521 
139.1201981999984;0.0000;0.0000;0.1545 
139.16837159999886;0.0000;0.0000;0.1545 
139.21655289999944;0.0000;0.0000;0.0000 
139.26442879999922;0.0000;0.0000;0.1545 
139.3126113999988;0.0000;0.0000;-1.2628 
139.36049529999946;0.2237;0.0000;0.1545 
139.40839919999962;0.2237;0.0000;0.0438 
139.45656619999863;-0.2237;0.0000;-0.2652 
139.52014539999982;-0.2237;0.0000;0.2652 
139.5686754999988;0.0000;0.0000;0.2652 
139.61624329999904;0.0000;0.0000;0.0000 
139.66422590000002;0.0000;0.0000;-0.1545 
139.71209239999916;0.2237;0.0000;0.1545 
139.76044809999985;0.2237;0.0000;-0.1107 
139.80837470000006;-0.2237;0.0000;-1.5280 
139.85636259999956;0.0000;0.0000;0.2652 
139.90428249999968;0.2237;0.0000;0.0000 
139.95234889999847;0.0000;0.0000;-0.1107 
140.0004063999986;0.2237;0.0000;0.0000 
140.04835139999886;0.0000;0.0000;0.6885 
140.09635309999976;0.0000;0.0000;0.0000 
140.15996829999858;-0.2237;0.0000;0.0000 
140.2081445999993;0.2237;0.0000;-0.1983 
140.25610459999916;0.2237;0.0000;-0.1107 
140.304089199999;0.0000;0.0000;-0.1107 
140.35208299999977;0.2237;0.0000;-0.1545 
140.4001903999997;0.2237;0.0000;0.0438 
140.4481168000002;-0.2237;0.0000;0.0438 
140.49634220000007;0.2237;0.0000;0.2652 
140.5444026999994;0.0000;0.0000;0.0438 
140.5924430999985;0.0000;0.0000;-0.1545 
140.64029149999988;0.2237;0.0000;0.0000 
140.70404129999952;-0.4474;0.0000;-0.1107 
140.7520203999993;0.0000;0.0000;0.2214 
140.80014549999942;0.0000;0.0000;0.0000 
140.84814639999968;0.2237;0.0000;0.1545 
140.89619549999952;-0.2237;0.0000;0.0438 
140.94425049999882;0.2237;0.0000;0.2652 
140.99247389999982;0.0000;0.0000;1.4611 
141.04036499999893;0.2237;0.0000;0.0000 
141.0889532000001;0.2237;0.0000;-0.2652 
141.1363609;0.0000;0.0000;-0.1107 
141.18487949999871;0.0000;0.0000;0.0000 
141.23224919999848;0.2237;0.0000;0.1545 
141.2804877999988;0.2237;0.0000;-0.2652 
141.32849050000004;0.2237;0.0000;-0.2652 
141.37655129999985;0.2237;0.0000;0.0438 
141.44021179999982;-0.2237;0.0000;-0.2652 
141.48813139999947;0.0000;0.0000;0.1107 
141.53619909999907;0.0000;0.0000;-0.1545 
141.58422079999946;0.0000;0.0000;0.0000 
141.63232249999965;0.0000;0.0000;-0.1545 
141.6803048999991;0.4474;0.0000;0.1545 
141.72830609999983;0.2237;0.0000;-0.3759 
141.77622189999965;0.0000;0.0000;-0.2652 
141.8242620000001;0.0000;0.0000;0.1545 
141.87228549999963;0.0000;0.0000;1.5718 
141.9203822999989;0.2237;0.0000;0.0000 
141.98403599999983;0.0000;0.0000;-0.1107 
142.03207049999946;-0.2237;0.0000;0.0000 
142.08013949999986;0.2237;0.0000;1.6825 
142.12831959999858;0.2237;0.0000;-1.3734 
142.17617979999886;0.0000;0.0000;-0.1107 
142.22424219999994;0.2237;0.0000;0.1545 
142.27212509999845;-0.2237;0.0000;0.0438 
142.32029039999907;0.0000;0.0000;0.1107 
142.3680760999996;0.2237;0.0000;0.0000 
142.4162397;0.0000;0.0000;-0.1107 
142.4642745000001;-0.2237;0.0000;0.0000 
142.5123513999988;0.2237;0.0000;1.5280 
142.56035599999996;0.0000;0.0000;-0.1107 
142.60853549999956;-0.2237;0.0000;-1.2628 
142.6719252999992;0.2237;0.0000;0.2652 
142.7201272000002;0.0000;0.0000;0.3529 
142.76820869999938;0.0000;0.0000;0.0000 
142.8162123000002;0.0000;0.0000;0.3090 
142.8641190999988;0.2237;0.0000;0.1545 
142.91252669999994;0.0000;0.0000;-0.1107 
142.96019149999847;0.0000;0.0000;-0.1545 
143.0081449999998;0.0000;0.0000;0.0000 
143.05624050000006;0.0000;0.0000;0.0000 
143.10415309999917;0.2237;0.0000;0.1545 
143.1520836999989;-0.2237;0.0000;1.3066 
143.2001954999996;0.2237;0.0000;-1.4611 
143.2482330999992;0.0000;0.0000;-0.2652 
143.29633579999972;0.2237;0.0000;0.1545 
143.3442785999996;0.0000;0.0000;0.0438 
143.408201799999;-0.2237;0.0000;0.1545 
143.4561518999999;0.2237;0.0000;-0.0438 
143.50415109999994;0.0000;0.0000;-0.2652 
143.55267709999862;0.2237;0.0000;-1.4173 
143.6002202999989;0.0000;0.0000;0.0438 
143.6483180999985;0.0000;0.0000;0.0000 
143.69636309999987;-0.2237;0.0000;0.3090 
143.74452289999863;0.4474;0.0000;-1.3066 
143.79251549999935;-0.2237;0.0000;-0.2214 
143.840336199999;0.4474;0.0000;0.1107 
143.88850069999899;0.2237;0.0000;-0.2214 
143.95205119999991;-0.2237;0.0000;-0.1107 
144.00011769999946;0.0000;0.0000;1.5280 
144.04812559999846;0.0000;0.0000;0.0000 
144.0962045999986;0.0000;0.0000;1.2628 
144.14416859999983;0.0000;0.0000;1.5718 
144.19223259999853;0.2237;0.0000;-0.1545 
144.24037150000004;-0.2237;0.0000;-0.2652 
144.30423340000016;0.0000;0.0000;-0.0438 
144.35209450000002;-0.2237;0.0000;0.0000 
144.40007369999876;0.0000;0.0000;0.2652 
144.44821429999865;0.0000;0.0000;0.0000 
144.49658479999925;-0.2237;0.0000;-0.3090 
144.5443123999994;0.0000;0.0000;1.3734 
144.5921417999998;0.2237;0.0000;0.3090 
144.64035319999857;0.0000;0.0000;-0.1107 
144.68830009999874;-0.2237;0.0000;0.1545 
144.73651979999886;0.2237;0.0000;0.4197 
144.78417850000005;0.0000;0.0000;-1.3734 
144.84804449999865;-0.2237;0.0000;0.0000 
144.89619859999948;0.0000;0.0000;0.1107 
144.9441612999999;0.2237;0.0000;-0.3090 
144.99225289999958;0.2237;0.0000;-1.3734 
145.0402110999985;0.2237;0.0000;-0.1107 
145.08836849999898;0.0000;0.0000;0.0438 
145.13611630000014;0.0000;0.0000;0.0000 
145.18434659999912;0.2237;0.0000;0.1545 
145.23242429999846;0.0000;0.0000;-0.1107 
145.28033239999968;0.2237;0.0000;0.1545 
145.32814999999937;0.0000;0.0000;-0.1107 
145.3764061999991;0.0000;0.0000;-1.5718 
145.42423739999867;0.0000;0.0000;1.4173 
145.47242639999968;0.0000;0.0000;0.1545 
145.53611060000003;-0.8948;0.0000;-1.2628 
145.58404079999855;0.2237;0.0000;0.4427 
145.63225629999943;-0.2237;0.0000;-1.5280 
145.68016840000018;-0.2237;0.0000;0.1107 
145.728497099999;-0.2237;0.0000;-1.1521 
145.77633629999946;0.2237;0.0000;0.1107 
145.82442789999914;0.2237;0.0000;-0.1107 
145.87239679999948;0.0000;0.0000;-0.1107 
145.92044969999915;0.0000;0.0000;-1.4173 
145.98432239999966;0.0000;0.0000;-0.1545 
146.03228399999898;-0.2237;0.0000;0.0000 
146.080111199999;0.0000;0.0000;0.2652 
146.12828399999853;0.0000;0.0000;0.0000 
146.17722139999933;-0.2237;0.0000;0.1545 
146.2242957999988;-0.2237;0.0000;-0.0438 
146.27235250000012;0.0000;0.0000;0.2652 
146.3203799999992;0.2237;0.0000;-1.2628 
146.3683293999984;0.2237;0.0000;-0.1107 
146.41638599999897;0.0000;0.0000;-0.2652 
146.46420129999933;0.0000;0.0000;0.0000 
146.5122397999985;0.0000;0.0000;0.1545 
146.57612119999976;0.2237;0.0000;0.0000 
146.62403039999845;0.2237;0.0000;-1.2189 
146.67218899999898;0.2237;0.0000;1.3066 
146.7202727999993;-0.2237;0.0000;-1.3734 
146.7682079999995;0.0000;0.0000;0.2652 
146.8162554999999;0.0000;0.0000;-1.2628 
146.8642493999996;0.0000;0.0000;1.4173 
146.9124044;0.0000;0.0000;0.0000 
146.9603406999995;0.0000;0.0000;-0.1545 
147.00831859999926;-0.4474;0.0000;0.1545 
147.05663289999939;0.2237;0.0000;-1.3504 
147.12026519999927;0.2237;0.0000;-1.5280 
147.16808469999887;-0.2237;0.0000;0.0438 
147.21621029999915;0.4474;0.0000;0.4197 
147.2642010999989;0.2237;0.0000;-0.3759 
147.31234409999888;-0.2237;0.0000;-0.1107 
147.3602598999987;0.0000;0.0000;0.1107 
147.40828220000003;0.2237;0.0000;0.0000 
147.45644129999891;-0.2237;0.0000;-0.1107 
147.5044729000001;-0.4474;0.0000;0.1107 
147.55237489999854;0.2237;0.0000;0.3759 
147.6160146000002;0.2237;0.0000;-0.1107 
147.66405399999894;0.0000;0.0000;0.0438 
147.71218149999913;-0.2237;0.0000;0.0000 
147.7602408999992;0.4474;0.0000;1.0644 
147.80829979999908;0.2237;0.0000;-1.4841 
147.8564220999997;-0.2237;0.0000;-0.2652 
147.9043461000001;0.0000;0.0000;0.1107 
147.9522941999985;0.2237;0.0000;0.1545 
148.00027549999868;0.2237;0.0000;0.0438 
148.04882149999867;-0.4474;0.0000;-1.5280 
148.0961987999999;0.0000;0.0000;0.2214 
148.14434139999867;0.0000;0.0000;0.3090 
148.20803290000003;0.0000;0.0000;0.1545 
148.25618479999866;0.0000;0.0000;0.0000 
148.3044108999984;0.2237;0.0000;-0.1545 
148.35212460000002;0.0000;0.0000;0.0438 
148.4002032999997;0.0000;0.0000;-1.4173 
148.44842079999944;0.2237;0.0000;0.1545 
148.4962574000001;0.0000;0.0000;1.4611 
148.5447425000002;0.0000;0.0000;-0.1545 
148.5922585999997;0.0000;0.0000;1.5718 
148.64010589999998;0.0000;0.0000;0.0000 
148.68847859999914;0.2237;0.0000;-1.2628 
148.73634409999977;0.0000;0.0000;-0.2652 
148.78435809999974;0.0000;0.0000;0.1545 
148.83317459999853;0.2237;0.0000;0.0000 
148.89618059999884;-0.2237;0.0000;1.1521 
148.94418199999927;0.0000;0.0000;0.1107 
148.99205429999893;0.0000;0.0000;0.0000 
149.0401454999992;0.2237;0.0000;0.0000 
149.0881163999984;0.0000;0.0000;1.3066 
149.13622719999876;0.2237;0.0000;-0.1545 
149.18429939999987;0.2237;0.0000;-0.2652 
149.23243059999913;0.2237;0.0000;-1.5280 
149.28033349999896;0.2237;0.0000;-0.1107 
149.32826679999926;0.2237;0.0000;0.1983 
149.37643279999975;-0.2237;0.0000;-0.1107 
149.42435639999894;0.0000;0.0000;0.2652 
149.48803539999972;0.2237;0.0000;0.1545 
149.5361187999988;0.2237;0.0000;-0.2652 
149.5840879999996;-0.2237;0.0000;-0.1107 
149.63230619999922;-0.2237;0.0000;-0.0438 
149.68029930000012;0.0000;0.0000;0.1107 
149.72811889999866;0.0000;0.0000;0.0000 
149.77641719999883;0.4474;0.0000;1.4173 
149.82432489999883;-0.2237;0.0000;-0.3759 
149.8880180999986;0.0000;0.0000;0.2652 
149.93599259999974;0.0000;0.0000;0.1545 
149.98430899999948;-0.4474;0.0000;0.1545 
150.03235109999878;0.2237;0.0000;0.2214 
150.08036699999866;-0.2237;0.0000;-1.2189 
150.12825899999916;0.0000;0.0000;1.5280 
150.17630519999875;0.2237;0.0000;-1.4173 
150.2243166999997;0.2237;0.0000;-0.1107 
150.27244019999853;0.4474;0.0000;-0.2652 
150.32048450000002;0.0000;0.0000;-0.0669 
150.36857109999983;0.0000;0.0000;0.0000 
150.43201399999998;-0.2237;0.0000;1.2628 
150.48034449999977;0.2237;0.0000;-0.0438 
150.5285176999987;-0.2237;0.0000;-0.4197 
150.5764726999987;0.2237;0.0000;-0.0438 
150.62434639999992;0.2237;0.0000;0.0438 
150.67222989999937;0.4474;0.0000;-0.4197 
150.7205759999997;0.0000;0.0000;0.0877 
150.7683920999989;0.2237;0.0000;0.0000 
150.83214079999925;-0.2237;0.0000;-1.6825 
150.88010269999904;-0.2237;0.0000;1.5280 
150.92818449999868;0.0000;0.0000;-1.3066 
150.9762787999989;0.0000;0.0000;0.1545 
151.02438259999872;0.0000;0.0000;0.0000 
151.07229629999892;0.0000;0.0000;-0.1545 
151.12026479999986;0.2237;0.0000;0.0000 
151.16843059999883;0.0000;0.0000;-0.1107 
151.21635229999993;0.2237;0.0000;0.1545 
151.26432599999862;0.2237;0.0000;-0.2652 
151.32800789999965;-0.4474;0.0000;-0.2652 
151.37608589999945;0.6711;0.0000;0.3759 
151.4240575999993;0.0000;0.0000;-0.3320 
151.47205979999853;0.0000;0.0000;1.4173 
151.52019130000008;0.0000;0.0000;-1.4173 
151.56819939999878;0.0000;0.0000;0.1545 
151.61624219999976;-0.2237;0.0000;0.0000 
151.6643949999998;0.2237;0.0000;-0.0438 
151.7121256999999;0.0000;0.0000;1.3066 
151.76041970000006;0.0000;0.0000;-0.1545 
151.8082427999998;0.0000;0.0000;0.1545 
151.87209099999927;0.0000;0.0000;-0.1545 
151.92005299999983;-0.2237;0.0000;0.1545 
151.9683802999989;0.0000;0.0000;0.1107 
152.0163279999997;-0.2237;0.0000;-0.1545 
152.06418979999944;0.2237;0.0000;0.2652 
152.11220849999881;0.0000;0.0000;-0.1107 
152.16031329999896;0.0000;0.0000;1.1083 
152.20827139999892;0.0000;0.0000;0.1545 
152.2561870999998;0.2237;0.0000;0.0000 
152.30420369999956;0.0000;0.0000;0.0438 
152.35268369999903;0.0000;0.0000;0.1545 
152.4001935999986;0.0000;0.0000;1.5718 
152.4640920999991;0.2237;0.0000;-1.4173 
152.5119958999985;0.0000;0.0000;0.0438 
152.56016159999854;0.0000;0.0000;0.1545 
152.6082486999985;0.0000;0.0000;0.0000 
152.65604209999947;0.0000;0.0000;0.0000 
152.70412709999982;-0.2237;0.0000;0.0000 
152.75216829999954;0.0000;0.0000;-1.3066 
152.80024609999964;0.0000;0.0000;-1.2628 
152.84812649999913;0.4474;0.0000;0.1545 
152.8961279999985;0.0000;0.0000;-0.3759 
152.94407069999943;0.4474;0.0000;0.0000 
152.99222149999878;0.2237;0.0000;-0.3759 
153.04012309999962;0.0000;0.0000;0.0438 
153.08833389999927;-0.2237;0.0000;0.0000 
153.15200249999907;-0.2237;0.0000;0.1107 
153.2001365999986;0.0000;0.0000;0.2652 
153.24847229999978;-0.2237;0.0000;-0.1545 
153.29623899999933;-0.2237;0.0000;-0.0438 
153.34433239999998;-0.2237;0.0000;0.1107 
153.39216569999917;0.0000;0.0000;0.1107 
153.44054799999867;0.4474;0.0000;1.4173 
153.50398569999925;0.0000;0.0000;1.0414 
153.55205299999943;0.0000;0.0000;0.0000 
153.60018689999924;0.0000;0.0000;0.0000 
153.64800859999923;0.0000;0.0000;0.1545 
153.69601619999958;0.0000;0.0000;0.0000 
153.74423969999953;0.2237;0.0000;0.1545 
153.7921735;0.2237;0.0000;1.1521 
153.84012409999923;0.2237;0.0000;-1.5280 
153.8880513999993;0.2237;0.0000;0.0438 
153.93627289999858;0.0000;0.0000;-0.4197 
153.9840639999984;-0.4474;0.0000;0.0000 
154.03229259999898;0.2237;0.0000;0.2214 
154.08026040000004;0.2237;0.0000;-0.2652 
154.12836179999977;-0.2237;0.0000;0.0438 
154.17639419999978;0.2237;0.0000;0.2652 
154.2401592999995;0.2237;0.0000;-0.1107 
154.28857929999867;-0.2237;0.0000;-0.2652 
154.33613650000007;0.0000;0.0000;0.1107 
154.38424200000009;0.0000;0.0000;-1.4173 
154.4323209999984;-0.2237;0.0000;1.5718 
154.48011809999844;0.2237;0.0000;-1.3066 
154.528448699999;0.0000;0.0000;0.9976 
154.57611729999917;0.2237;0.0000;0.1545 
154.62435409999853;0.2237;0.0000;-1.3734 
154.6722839999984;0.0000;0.0000;-0.1107 
154.7360334999994;-0.4474;0.0000;-0.1545 
154.7840041999989;0.2237;0.0000;0.0669 
154.83230029999868;0.2237;0.0000;0.0438 
154.8800631999984;0.0000;0.0000;-0.2652 
154.92808389999846;0.2237;0.0000;1.4173 
154.97641949999888;0.2237;0.0000;-1.3734 
155.0241004999989;0.2237;0.0000;-0.1107 
155.07218599999942;0.2237;0.0000;0.1983 
155.1201420999987;0.0000;0.0000;-0.1107 
155.16812559999926;0.2237;0.0000;0.0000 
155.2161243999999;0.2237;0.0000;-0.1107 
155.2643629999984;-0.2237;0.0000;-0.1107 
155.3283113999987;0.0000;0.0000;1.3734 
155.3761469000001;0.0000;0.0000;0.0000 
155.4241052999987;0.0000;0.0000;0.0000 
155.47200249999878;0.2237;0.0000;0.0000 
155.52005109999845;0.0000;0.0000;-0.2652 
155.56810269999914;-0.2237;0.0000;0.0000 
155.6161495999986;0.0000;0.0000;0.1107 
155.6644655;-0.2237;0.0000;0.0000 
155.71230399999877;0.2237;0.0000;0.2652 
155.7601622000002;0.2237;0.0000;-1.2189 
155.8085751999988;-0.2237;0.0000;0.0438 
155.87211599999864;-0.2237;0.0000;-0.0438 
155.92011399999865;-0.2237;0.0000;0.2652 
155.96801459999915;0.2237;0.0000;0.2652 
156.01620249999905;0.0000;0.0000;-0.2652 
156.06423989999894;0.0000;0.0000;0.1545 
156.11260669999865;0.2237;0.0000;0.0000 
156.16015549999975;-0.2237;0.0000;-1.5280 
156.20810410000013;0.2237;0.0000;0.4197 
156.25625609999952;0.0000;0.0000;-0.2652 
156.3200571999987;-0.4474;0.0000;0.3090 
156.36857229999987;0.0000;0.0000;0.3759 
156.41616379999869;0.0000;0.0000;-0.1545 
156.46407240000008;-0.2237;0.0000;0.0000 
156.51220469999862;0.0000;0.0000;0.1107 
156.56039249999958;0.0000;0.0000;0.1545 
156.60838309999963;0.4474;0.0000;0.3090 
156.6564398999999;0.0000;0.0000;-0.2214 
156.70429949999925;0.4474;0.0000;0.1545 
156.75244679999923;0.2237;0.0000;-0.2214 
156.8006174000002;0.0000;0.0000;0.0438 
156.84837530000004;0.2237;0.0000;0.0000 
156.89616459999888;0.2237;0.0000;0.0438 
156.94427170000017;0.0000;0.0000;-0.1107 
156.9922805999995;0.2237;0.0000;0.3090 
157.05594129999918;0.2237;0.0000;0.0438 
157.10407889999988;0.0000;0.0000;-0.1107 
157.152017299999;-0.2237;0.0000;0.1545 
157.20002439999917;0.0000;0.0000;-1.3066 
157.2482046999994;0.0000;0.0000;0.4635 
157.29622409999865;-0.2237;0.0000;-1.4173 
157.3443505999985;0.0000;0.0000;0.1107 
157.3925382999987;0.0000;0.0000;0.0000 
157.44059259999995;0.0000;0.0000;1.4173 
157.4881022999998;0.2237;0.0000;0.0000 
157.536312799999;-0.2237;0.0000;0.0438 
157.58414309999898;-0.2237;0.0000;0.2652 
157.63217709999844;0.0000;0.0000;0.2652 
157.69610909999938;0.0000;0.0000;-0.3090 
157.74416349999956;-0.2237;0.0000;-0.1545 
157.7923680999993;0.0000;0.0000;0.1107 
157.84025509999992;0.0000;0.0000;0.0000 
157.88811509999869;-0.2237;0.0000;-0.1545 
157.9361718;0.2237;0.0000;0.1107 
157.98504199999843;0.0000;0.0000;-0.2652 
158.03213219999998;0.0000;0.0000;0.0000 
158.0802617999998;0.2237;0.0000;0.0000 
158.12811049999982;0.2237;0.0000;1.3066 
158.1919162999984;0.2237;0.0000;-0.2652 
158.2401030000001;-0.2237;0.0000;-0.1107 
158.28816430000006;0.2237;0.0000;0.1107 
158.3360757999999;0.2237;0.0000;-0.1107 
158.3842126999989;0.0000;0.0000;-1.6825 
158.43212719999974;0.0000;0.0000;0.0000 
158.48032499999863;0.0000;0.0000;0.1545 
158.52817679999862;0.2237;0.0000;0.0000 
158.5760924999995;0.2237;0.0000;0.0438 
158.62409939999998;0.0000;0.0000;-1.5280 
158.67216149999877;0.0000;0.0000;1.7263 
158.7203129999998;0.0000;0.0000;0.0000 
158.76836639999965;0.2237;0.0000;1.4173 
158.81609690000005;0.2237;0.0000;-0.2652 
158.86438689999886;0.0000;0.0000;1.4611 
158.92796149999958;0.2237;0.0000;0.1545 
158.97597700000006;0.0000;0.0000;-0.1107 
159.02424729999984;0.2237;0.0000;0.1545 
159.07204009999987;0.0000;0.0000;0.0438 
159.11994179999965;-0.2237;0.0000;-1.1083 
159.1681996999996;0.0000;0.0000;0.1107 
159.2160546999985;0.0000;0.0000;0.0000 
159.2639935999996;0.0000;0.0000;0.0000 
159.31209669999953;-0.2237;0.0000;0.0000 
159.36003429999982;-0.4474;0.0000;0.2652 
159.40816749999976;-0.2237;0.0000;0.6849 
159.45633459999954;0.0000;0.0000;-1.1521 
159.50462249999873;0.4474;0.0000;0.0000 
159.55241229999956;0.0000;0.0000;-0.0669 
159.61593849999917;0.2237;0.0000;-1.2628 
159.66418209999938;0.0000;0.0000;-0.1107 
159.7119881999988;0.2237;0.0000;0.0000 
159.76017319999846;0.0000;0.0000;0.0438 
159.80816119999872;0.2237;0.0000;-0.1545 
159.85624669999925;0.0000;0.0000;-0.1107 
159.9041574999992;0.2237;0.0000;0.0000 
159.95200059999843;0.4474;0.0000;0.0438 
160.00003599999945;0.0000;0.0000;-0.2214 
160.04831299999933;0.4474;0.0000;0.0000 
160.09621199999856;0.0000;0.0000;-0.2214 
160.14428469999984;-0.2237;0.0000;-1.4173 
160.1922943999998;0.2237;0.0000;0.1107 
160.24029139999948;0.0000;0.0000;0.0438 
160.28844299999946;-0.2237;0.0000;0.0000 
160.3362137999993;0.0000;0.0000;-1.3066 
160.4001129999997;0.0000;0.0000;0.0000 
160.44803669999965;0.4474;0.0000;0.0000 
160.49622459999955;0.0000;0.0000;-1.3296 
160.5442234000002;-0.2237;0.0000;0.1545 
160.5921256999991;-0.2237;0.0000;0.5742 
160.6402694999997;-0.2237;0.0000;-0.0438 
160.6881885999992;0.0000;0.0000;0.2652 
160.73629429999892;0.0000;0.0000;0.0000 
160.78430169999956;0.0000;0.0000;-0.6181 
160.83227049999914;0.0000;0.0000;0.1545 
160.89592540000012;0.2237;0.0000;0.0000 
160.94391069999983;0.2237;0.0000;0.0438 
160.99200519999977;0.0000;0.0000;-0.2652 
161.0401485000002;0.4474;0.0000;0.0000 
161.0881223999986;0.2237;0.0000;-0.0669 
161.13613579999947;-0.2237;0.0000;-0.2652 
161.18418399999973;0.0000;0.0000;0.1107 
161.23230939999848;-0.2237;0.0000;0.0000 
161.28027809999912;-0.2237;0.0000;1.8370 
161.32835029999842;0.0000;0.0000;-1.4611 
161.3762689999985;0.0000;0.0000;1.5718 
161.4399715999989;0.2237;0.0000;0.0000 
161.4880478999985;0.0000;0.0000;0.0438 
161.53613059999952;0.0000;0.0000;-0.1545 
161.58394950000002;0.0000;0.0000;0.0000 
161.6320642999999;0.2237;0.0000;0.1545 
161.68018080000002;0.0000;0.0000;-0.2652 
161.72822709999855;0.0000;0.0000;-1.4173 
161.77617029999965;0.0000;0.0000;0.0000 
161.82422749999932;0.0000;0.0000;0.0000 
161.87231919999977;0.0000;0.0000;0.0000 
161.9200807999987;0.0000;0.0000;0.0000 
161.96824449999986;0.0000;0.0000;0.1545 
162.01604509999925;0.4474;0.0000;1.4173 
162.06423299999915;0.0000;0.0000;-0.2214 
162.1121708999999;-0.2237;0.0000;0.1545 
162.17601469999863;0.0000;0.0000;-0.0438 
162.22408959999848;-0.2237;0.0000;0.1545 
162.27210519999971;0.0000;0.0000;-0.0438 
162.32016680000015;-0.2237;0.0000;0.0000 
162.36843020000015;0.2237;0.0000;0.1107 
162.41676879999977;0.2237;0.0000;-0.1107 
162.46411029999945;0.0000;0.0000;-0.1107 
162.51216959999874;0.2237;0.0000;-0.1545 
162.56028100000003;0.2237;0.0000;-0.1107 
162.6083843999986;-0.2237;0.0000;0.0438 
162.67201039999964;0.2237;0.0000;-1.4611 
162.71996669999862;-0.2237;0.0000;-0.1107 
162.7680019999989;0.2237;0.0000;0.1107 
162.81634459999987;0.0000;0.0000;-0.2652 
162.8641009999992;0.2237;0.0000;0.1545 
162.91219089999868;0.2237;0.0000;-0.2652 
162.96078179999859;0.0000;0.0000;-0.2652 
163.00818789999903;0.2237;0.0000;0.4635 
163.05625549999968;0.0000;0.0000;-0.1107 
163.10419899999943;0.4474;0.0000;0.0000 
163.152536399999;0.0000;0.0000;0.0877 
163.2001763999997;0.2237;0.0000;0.1545 
163.2486777999984;0.0000;0.0000;0.0438 
163.31191709999985;0.0000;0.0000;0.0000 
163.3600824999994;0.0000;0.0000;1.4173 
163.40814129999853;0.4474;0.0000;-0.1545 
163.4561238999995;-0.2237;0.0000;-0.0669 
163.50404909999997;0.0000;0.0000;0.2652 
163.5520722000001;0.2237;0.0000;-0.1545 
163.6002415999992;0.0000;0.0000;-0.1107 
163.64832489999935;0.2237;0.0000;0.0000 
163.69634119999864;0.4474;0.0000;-1.3734 
163.74410290000014;-0.2237;0.0000;-0.2214 
163.80789709999954;0.2237;0.0000;0.2652 
163.85596309999892;0.0000;0.0000;1.3066 
163.90408989999924;-0.2237;0.0000;-1.2628 
163.9520049999992;0.0000;0.0000;1.3734 
164.00003619999916;0.2237;0.0000;-1.2628 
164.04808779999985;0.0000;0.0000;0.0438 
164.0962475999986;0.2237;0.0000;0.0000 
164.14413289999902;0.2237;0.0000;-0.1107 
164.19210439999915;0.0000;0.0000;-0.2652 
164.2402764999988;0.0000;0.0000;-1.4173 
164.28825489999872;0.0000;0.0000;0.0000 
164.33629109999856;0.2237;0.0000;0.0000 
164.3841725000002;0.0000;0.0000;-0.1107 
164.4324889999989;0.6711;0.0000;0.1545 
164.49592389999998;0.0000;0.0000;-0.4866 
164.54399980000017;0.2237;0.0000;0.0000 
164.5920628999993;0.0000;0.0000;-0.1107 
164.63999629999853;0.2237;0.0000;-1.2628 
164.68810829999893;0.2237;0.0000;-1.5280 
164.73603319999893;0.0000;0.0000;1.3066 
164.78410369999983;0.0000;0.0000;-1.5718 
164.832193799999;-0.2237;0.0000;1.5718 
164.88034949999928;0.0000;0.0000;0.1107 
164.92800149999857;0.0000;0.0000;0.1545 
164.9762136999998;-0.2237;0.0000;0.0000 
165.0244101999997;0.2237;0.0000;0.2652 
165.07214639999984;0.2237;0.0000;1.4611 
165.13596039999902;0.0000;0.0000;-0.2652 
165.18423350000012;0.0000;0.0000;-1.2628 
165.23209759999918;0.2237;0.0000;0.1545 
165.2803262999987;-0.2237;0.0000;-0.1107 
165.3283467000001;0.0000;0.0000;0.2652 
165.37617359999967;0.2237;0.0000;0.4635 
165.42425899999944;0.0000;0.0000;-0.1107 
165.47219389999918;0.0000;0.0000;0.1545 
165.52021989999957;0.2237;0.0000;-0.1545 
165.56805149999855;0.0000;0.0000;0.0438 
165.61640449999868;0.0000;0.0000;1.4173 
165.6800277000002;-0.2237;0.0000;1.4173 
165.72812049999993;-0.2237;0.0000;1.3734 
165.77614019999965;0.0000;0.0000;0.4197 
165.8239754999995;-0.2237;0.0000;0.1545 
165.87216219999937;0.0000;0.0000;-1.3066 
165.92027529999905;-0.2237;0.0000;0.0000 
165.96817740000006;0.0000;0.0000;1.5280 
166.01628960000016;0.2237;0.0000;-0.1545 
166.06428959999903;0.0000;0.0000;-0.1107 
166.1279474999992;0.0000;0.0000;-1.4173 
166.17591170000014;0.2237;0.0000;0.1545 
166.2239626999999;0.4474;0.0000;-0.2652 
166.27220919999854;0.0000;0.0000;-1.7931 
166.32024319999982;0.0000;0.0000;0.3090 
166.3682245;0.0000;0.0000;1.5718 
166.4160398999993;-0.2237;0.0000;0.0000 
166.4642017999995;0.4474;0.0000;0.1107 
166.51245070000004;0.0000;0.0000;-0.3759 
166.56005539999933;-0.2237;0.0000;1.4173 
166.62416259999918;0.2237;0.0000;-1.4611 
166.6719575999996;0.0000;0.0000;-0.1107 
166.72015539999848;-0.2237;0.0000;0.1545 
166.7681808999987;0.0000;0.0000;0.1107 
166.81617079999887;-0.2237;0.0000;-0.1545 
166.86428749999868;0.2237;0.0000;0.2652 
166.9124867999999;0.0000;0.0000;-0.1107 
166.96000579999964;0.0000;0.0000;-1.2628 
167.00856289999865;0.0000;0.0000;0.0000 
167.0562976000001;0.0000;0.0000;-0.1545 
167.1200431999987;0.0000;0.0000;-0.1545 
167.16802929999903;0.2237;0.0000;0.0000 
167.21605119999913;0.2237;0.0000;-0.1107 
167.26419720000013;0.0000;0.0000;-0.2652 
167.31220289999874;0.0000;0.0000;0.0000 
167.36017829999946;0.0000;0.0000;0.0000 
167.40812299999925;0.2237;0.0000;0.0000 
167.45621239999855;0.2237;0.0000;-0.1107 
167.5042186999999;0.0000;0.0000;-0.1107 
167.55211919999965;0.2237;0.0000;0.3090 
167.6002456999995;0.0000;0.0000;-1.5280 
167.64830379999876;-0.2237;0.0000;0.0000 
167.6961107999996;0.0000;0.0000;0.1107 
167.7441889999991;-0.4474;0.0000;1.4173 
167.79236709999896;0.2237;0.0000;0.8394 
167.84064859999853;0.0000;0.0000;0.3529 
167.90408729999945;0.0000;0.0000;1.4173 
167.95205469999928;0.0000;0.0000;-1.1083 
168.00007529999857;0.0000;0.0000;0.1545 
168.04840009999862;0.0000;0.0000;0.1545 
168.09612109999944;-0.2237;0.0000;0.0000 
168.14405420000003;-0.2237;0.0000;0.2652 
168.19210819999898;0.2237;0.0000;1.3734 
168.2401616999996;0.0000;0.0000;1.3066 
168.2881712999988;0.2237;0.0000;1.5718 
168.3518865999995;-0.2237;0.0000;-0.1107 
168.4002432999987;0.2237;0.0000;0.2652 
168.4481672999991;0.0000;0.0000;0.0438 
168.49615769999946;-0.2237;0.0000;0.0000 
168.54420089999985;0.0000;0.0000;-0.0438 
168.59222529999897;0.0000;0.0000;0.1545 
168.64084430000003;-0.2237;0.0000;0.0000 
168.68821169999865;-0.4474;0.0000;1.5280 
168.7362863999988;0.2237;0.0000;-1.0414 
168.7999151999993;0.4474;0.0000;-0.4197 
168.84805269999924;-0.4474;0.0000;-0.2214 
168.89606429999913;0.2237;0.0000;-0.2422 
168.94410029999926;-0.2237;0.0000;0.0438 
168.9922028000001;0.2237;0.0000;-0.0438 
169.0402110999985;0.0000;0.0000;0.0438 
169.0882344999991;0.2237;0.0000;0.0000 
169.1365240999985;-0.2237;0.0000;0.0438 
169.18407809999917;0.0000;0.0000;0.1107 
169.23217139999906;0.2237;0.0000;0.0000 
169.2804873999994;0.2237;0.0000;0.0438 
169.3282565999998;0.2237;0.0000;-0.1107 
169.3919713999985;0.0000;0.0000;-0.1107 
169.43990379999923;0.0000;0.0000;0.0000 
169.48847999999998;0.0000;0.0000;-1.2628 
169.536086099999;0.2237;0.0000;0.1545 
169.58407239999906;0.0000;0.0000;-0.1107 
169.6325008999993;0.0000;0.0000;-0.1545 
169.6802872999997;0.0000;0.0000;0.0000 
169.72808209999857;0.0000;0.0000;-1.4173 
169.7761214000002;0.0000;0.0000;0.1545 
169.82447539999885;0.2237;0.0000;1.4173 
169.87206739999965;0.2237;0.0000;-0.1107 
169.92064260000006;-0.4474;0.0000;-0.1107 
169.98402749999877;-0.2237;0.0000;0.2214 
170.03202779999992;0.0000;0.0000;0.1107 
170.08003250000002;0.2237;0.0000;1.5718 
170.128154;0.2237;0.0000;-0.2652 
170.17599999999948;0.0000;0.0000;-1.5280 
170.2241653000001;0.0000;0.0000;0.0000 
170.27212839999993;0.4474;0.0000;1.4173 
170.3204114;-0.2237;0.0000;1.1959 
170.36818630000016;0.2237;0.0000;0.1107 
170.4163797000001;0.2237;0.0000;-1.6825 
170.4645058999995;-0.4474;0.0000;-0.1107 
170.51247479999984;0.2237;0.0000;1.6386 
170.57609989999946;0.2237;0.0000;-0.1107 
170.62400499999967;0.2237;0.0000;-0.1107 
170.67203809999955;0.0000;0.0000;-0.1107 
170.72023699999954;-0.2237;0.0000;0.0000 
170.7681493;0.0000;0.0000;-0.0438 
170.81604089999928;0.2237;0.0000;0.0000 
170.86440049999874;-0.2237;0.0000;0.0438 
170.91206799999964;0.0000;0.0000;-1.3066 
170.96007370000007;0.2237;0.0000;0.0000 
171.0084723;0.4474;0.0000;1.1521 
171.07203299999856;0.0000;0.0000;-0.3759 
171.11995289999868;0.6711;0.0000;0.1545 
171.16791569999987;0.4474;0.0000;1.3942 
171.21603049999976;0.2237;0.0000;-0.3759 
171.26426679999895;-0.2237;0.0000;1.4611 
171.31209899999885;0.2237;0.0000;0.2652 
171.3600239999996;0.2237;0.0000;-0.2652 
171.4081843999993;0.2237;0.0000;-0.1107 
171.45615299999918;0.0000;0.0000;-0.1107 
171.5041216999998;0.2237;0.0000;0.1545 
171.55211109999982;0.0000;0.0000;-0.1107 
171.6002908999999;0.0000;0.0000;0.0000 
171.64860429999862;0.0000;0.0000;0.0000 
171.69640359999903;0.2237;0.0000;0.0000 
171.7442536999988;0.2237;0.0000;-0.1107 
171.80797819999862;-0.2237;0.0000;-0.7287 
171.85599209999964;0.0000;0.0000;0.1107 
171.9041318999989;0.0000;0.0000;0.0000 
171.95208449999882;0.2237;0.0000;0.0000 
171.99999299999945;0.4474;0.0000;0.3529 
172.0480888000002;0.2237;0.0000;-1.4841 
172.0961269999989;0.0000;0.0000;0.0438 
172.14406559999952;0.0000;0.0000;0.3090 
172.1920474999988;-0.2237;0.0000;0.0000 
172.24010979999912;0.0000;0.0000;0.1107 
172.2880494000001;0.0000;0.0000;0.1545 
172.3363746999985;0.0000;0.0000;-1.1083 
172.38401539999904;0.2237;0.0000;0.0000 
172.43227619999925;0.0000;0.0000;-0.1107 
172.4802923999996;-0.2237;0.0000;1.2628 
172.52874469999915;0.0000;0.0000;0.4197 
172.59220819999973;0.0000;0.0000;-0.1545 
172.6399851999995;0.0000;0.0000;0.1545 
172.68797839999934;0.2237;0.0000;0.1545 
172.73601009999948;0.2237;0.0000;-0.2652 
172.78397829999994;0.4474;0.0000;0.0438 
172.83212619999904;0.0000;0.0000;-0.0669 
172.8799815000002;0.2237;0.0000;0.1545 
172.9282566999991;0.0000;0.0000;-0.1107 
172.97610489999897;-0.2237;0.0000;0.1545 
173.0243735999993;-0.2237;0.0000;0.2652 
173.08785799999896;0.4474;0.0000;-0.0438 
173.13591879999876;0.0000;0.0000;-0.2214 
173.18391269999847;0.2237;0.0000;0.1545 
173.23256149999906;0.0000;0.0000;-1.5280 
173.27992169999925;0.2237;0.0000;-0.1545 
173.32806429999982;-0.2237;0.0000;0.0438 
173.37627189999876;-0.4474;0.0000;1.6825 
173.42398999999932;0.2237;0.0000;0.3759 
173.47219210000003;0.0000;0.0000;-0.1107 
173.52026279999882;0.0000;0.0000;-1.4173 
173.56806309999956;0.0000;0.0000;1.5718 
173.6161723999994;0.0000;0.0000;0.1545 
173.67983989999993;0.0000;0.0000;-0.1545 
173.72870469999907;-0.2237;0.0000;0.0000 
173.77600989999883;0.2237;0.0000;0.1107 
173.82412399999885;0.0000;0.0000;-0.1107 
173.87216569999873;0.0000;0.0000;0.1545 
173.92021629999908;0.2237;0.0000;0.3090 
173.96802919999936;-0.2237;0.0000;-1.3734 
174.01672609999878;0.0000;0.0000;0.1107 
174.0644658000001;-0.2237;0.0000;0.0000 
174.1120117999999;0.0000;0.0000;0.1107 
174.1603672000001;0.6711;0.0000;-0.1545 
174.22389519999888;0.2237;0.0000;-0.4866 
174.27194289999898;-0.2237;0.0000;-0.1107 
174.32009789999938;0.2237;0.0000;0.1107 
174.36796279999908;0.2237;0.0000;0.0438 
174.41599739999947;0.0000;0.0000;-0.1107 
174.46405409999898;0.2237;0.0000;0.1545 
174.51215029999912;0.0000;0.0000;-0.1107 
174.56007519999912;0.0000;0.0000;0.0000 
174.60878520000006;0.2237;0.0000;0.1545 
174.65617229999953;0.0000;0.0000;-0.1107 
174.7041577;-0.8948;0.0000;-0.1545 
174.7522745999995;0.0000;0.0000;0.5972 
174.80137579999973;-0.2237;0.0000;-1.4173 
174.86410409999917;0.0000;0.0000;-0.0438 
174.91203399999904;0.2237;0.0000;1.2628 
174.96495309999955;0.0000;0.0000;-0.1107 
175.00873729999876;0.2237;0.0000;0.1545 
175.0559777999988;0.0000;0.0000;-0.1107 
175.10424769999918;0.0000;0.0000;0.0000 
175.15218490000007;0.0000;0.0000;-1.5718 
175.2000584999987;0.2237;0.0000;0.0000 
175.2483046999987;-0.2237;0.0000;0.0438 
175.29613149999932;0.2237;0.0000;1.5280 
175.34427379999943;0.2237;0.0000;1.3066 
175.39231089999885;0.0000;0.0000;0.0438 
175.45605619999878;-0.2237;0.0000;0.0000 
175.50405679999858;-0.2237;0.0000;0.2652 
175.55247229999986;0.0000;0.0000;-0.0438 
175.59994729999926;0.0000;0.0000;0.1545 
175.64813649999996;0.4474;0.0000;-0.1545 
175.6962069000001;-0.2237;0.0000;-0.2214 
175.74426949999906;0.2237;0.0000;1.6825 
175.79226169999856;0.0000;0.0000;-0.1107 
175.84028899999976;0.2237;0.0000;-1.4173 
175.90408359999856;0.0000;0.0000;-1.5280 
175.95221630000015;0.2237;0.0000;0.0000 
176.0001142000001;0.2237;0.0000;-0.1107 
176.04796589999933;0.4474;0.0000;-0.1107 
176.09610189999876;-0.2237;0.0000;-0.3759 
176.19378369999868;0.0000;0.0000;1.5280 
176.20074709999972;-0.2237;0.0000;-1.2628 
7.898855100000219;0.0000;0.0000;-0.6411 
7.946926699998585;1.3422;0.0000;9.9944 
7.99486959999922;-0.8948;0.0000;1.8348 
8.042889000000287;0.8948;0.0000;0.2882 
8.09108009999909;0.2237;0.0000;-9.1025 
8.139148099999147;-1.3422;0.0000;-9.0795 
8.20315599999958;-2.9091;0.0000;-9.8765 
8.2509014999996;-3.1331;0.0000;16.4400 
8.29893119999906;-2.0136;0.0000;2.3759 
8.34742290000031;-0.8948;0.0000;-14.7240 
8.41100699999879;-6.2757;0.0000;-12.0861 
8.458884599998783;-6.2757;0.0000;12.9452 
8.507260499998665;-4.0296;0.0000;11.5432 
8.570800899999085;-4.4782;0.0000;-9.5839 
8.618849899999987;-6.0507;0.0000;7.6278 
8.66697959999874;-1.5660;0.0000;12.1695 
8.714950399998997;-0.2237;0.0000;-2.9868 
8.778933599998709;0.6711;0.0000;-25.8681 
8.826967699998931;0.4474;0.0000;-31.5175 
8.875013999999283;-2.9091;0.0000;-36.8954 
8.923150299999179;-4.2539;0.0000;-2.2563 
8.98696259999997;-13.3169;0.0000;-10.3976 
9.035034399999859;-22.2524;0.0000;20.1347 
9.098821899999166;-25.6800;0.0000;11.0654 
9.147071199999118;-24.1998;0.0000;16.2305 
9.195108399999299;-28.9533;0.0000;-11.5702 
9.258782999999312;-36.1218;0.0000;7.2546 
9.307110499999908;-32.5987;0.0000;-14.4471 
9.370793000000049;-34.2064;0.0000;6.4034 
9.418909199999689;-33.6672;0.0000;18.8712 
9.467372899998736;-35.5699;0.0000;40.7356 
9.530882299999575;-25.6800;0.0000;13.3480 
9.57897789999879;-22.9794;0.0000;0.8358 
9.643010099998719;-16.7919;0.0000;16.2472 
9.691097400000217;-14.4690;0.0000;-81.7061 
9.739110499998787;-8.5314;0.0000;24.5547 
9.80321399999957;-12.8576;0.0000;10.8453 
9.850908599999457;0.2237;0.0000;-37.5805 
9.898965599999428;-0.8948;0.0000;2.2343 
9.947311099998842;0.6711;0.0000;-6.1812 
10.0108726999988;-0.4474;0.0000;-0.6411 
10.05886509999982;0.2237;0.0000;0.5304 
10.106805699999313;0.6711;0.0000;-2.1732 
10.154945299998872;1.3422;0.0000;-0.1775 
10.20296959999905;0.4474;0.0000;-0.0461 
10.250817500000267;0.2237;0.0000;-0.2214 
10.298918499998763;0.4474;0.0000;1.3066 
10.347261799999615;0.0000;0.0000;-0.2214 
10.39495849999912;0.0000;0.0000;1.5718 
10.443328299999848;0.4474;0.0000;0.1545 
10.507164699998611;0.0000;0.0000;-0.3759 
10.554780499998742;0.2237;0.0000;-0.1545 
10.602844899998672;0.0000;0.0000;-0.1107 
10.650846599999568;-0.2237;0.0000;0.1545 
10.69892609999988;0.2237;0.0000;-0.0438 
10.746946299999763;0.0000;0.0000;1.3066 
10.79522949999955;0.2237;0.0000;0.1545 
10.842936199998803;0.0000;0.0000;0.0438 
10.89092890000029;0.2237;0.0000;0.3090 
10.939038399999845;0.0000;0.0000;-0.1107 
10.987414199998966;0.0000;0.0000;1.5718 
11.050726699999359;0.0000;0.0000;-1.2628 
11.098776900000303;0.0000;0.0000;0.1545 
11.146828499999174;0.2237;0.0000;0.0000 
11.19489479999902;0.2237;0.0000;-0.2652 
11.243122799998673;0.2237;0.0000;-1.5280 
11.291045699999813;0.4474;0.0000;0.0438 
11.338895900000352;0.2237;0.0000;-0.0669 
11.387129599999753;0.2237;0.0000;-1.3734 
11.43503419999979;0.0000;0.0000;0.1983 
11.483146200000192;0.0000;0.0000;0.0000 
11.531096599999728;-0.2237;0.0000;0.1545 
11.579090999999607;-0.2237;0.0000;-1.3066 
11.627177000000302;0.0000;0.0000;0.2652 
11.690763700000389;-0.2237;0.0000;0.3090 
11.738970299998982;0.0000;0.0000;-1.3066 
11.786838099998931;0.0000;0.0000;0.0000 
11.834989899998618;0.0000;0.0000;0.0000 
11.882825999999113;0.4474;0.0000;0.0000 
11.9310033999991;0.2237;0.0000;1.1959 
11.978839199999129;0.0000;0.0000;0.0438 
12.026984699999957;-0.2237;0.0000;0.0000 
12.074980999999752;0.2237;0.0000;0.2652 
12.122911700000259;0.2237;0.0000;-0.1107 
12.170931099999507;0.6711;0.0000;-0.1107 
12.218969599998672;0.0000;0.0000;0.9307 
12.267073600000003;0.2237;0.0000;-0.1545 
12.31522219999897;0.0000;0.0000;0.0438 
12.379095099999176;-0.2237;0.0000;1.4173 
12.426930599998741;-0.2237;0.0000;-1.1521 
12.474823700000343;0.0000;0.0000;-0.0438 
12.523001399998975;-0.2237;0.0000;0.0000 
12.570994599998812;0.0000;0.0000;-1.3066 
12.619070799999463;0.0000;0.0000;-0.1545 
12.667585999999574;0.0000;0.0000;0.1545 
12.715057100000195;-0.2237;0.0000;0.0000 
12.763067099998807;0.0000;0.0000;0.1107 
12.826828100000057;-0.4474;0.0000;-0.1545 
12.874878299999182;0.4474;0.0000;0.3759 
12.92280000000028;0.2237;0.0000;-0.0669 
12.97089859999869;0.0000;0.0000;-0.2652 
13.018965600000229;0.0000;0.0000;-0.1545 
13.066953199999261;-0.8948;0.0000;0.0000 
13.115044599999237;-0.2237;0.0000;0.5972 
13.1630669999995;0.0000;0.0000;0.1107 
13.226883899998938;-0.2237;0.0000;-0.3090 
13.274766099999397;0.0000;0.0000;1.3734 
13.323047899999438;0.2237;0.0000;0.0000 
13.370910399999048;0.2237;0.0000;0.0438 
13.419081099998948;0.0000;0.0000;-1.3734 
13.467071299999589;0.2237;0.0000;-0.1545 
13.515239599999404;0.0000;0.0000;-0.1107 
13.562951099998827;0.0000;0.0000;1.4173 
13.611318100000062;0.2237;0.0000;-1.4173 
13.658842799999547;0.0000;0.0000;0.1983 
13.706823900000018;0.0000;0.0000;0.0000 
13.754987299998902;0.0000;0.0000;-0.4635 
13.80313279999973;0.2237;0.0000;-1.4173 
13.866740800000116;0.0000;0.0000;-0.1107 
13.914646699999139;0.0000;0.0000;0.0000 
13.962601799999902;0.0000;0.0000;0.0000 
14.011048599999413;0.2237;0.0000;0.3090 
14.058788599999389;0.0000;0.0000;-0.2652 
14.106975599999714;-0.2237;0.0000;1.2628 
14.154942299999675;0.2237;0.0000;-1.3066 
14.203261399999974;0.2237;0.0000;0.0438 
14.251034099999742;-0.2237;0.0000;0.0438 
14.29902839999886;0.0000;0.0000;1.6825 
14.347008099999584;0.0000;0.0000;0.0000 
14.395027299999128;0.0000;0.0000;-1.4173 
14.458781699999236;-0.2237;0.0000;-0.1545 
14.506889199999932;0.0000;0.0000;-0.1983 
14.554786900000181;-0.2237;0.0000;0.1545 
14.602886399999988;0.0000;0.0000;0.2652 
14.651052999999592;0.0000;0.0000;0.0000 
14.699206600000252;0.0000;0.0000;-1.4173 
14.746984899999006;0.2237;0.0000;0.1545 
14.794957799998883;0.2237;0.0000;-0.1107 
14.842969999999696;0.2237;0.0000;0.0438 
14.891121399999975;0.0000;0.0000;1.4611 
14.938964099999794;0.0000;0.0000;0.1545 
14.986980899999253;0.2237;0.0000;0.3090 
15.035155599998689;-0.2237;0.0000;-0.1107 
15.098699000000124;0.0000;0.0000;1.5280 
15.146760899999208;0.2237;0.0000;0.1545 
15.194797899999685;0.0000;0.0000;-0.1107 
15.242879800000082;0.4474;0.0000;1.5718 
15.290911299998697;0.0000;0.0000;-0.3759 
15.338943599999766;0.0000;0.0000;0.1545 
15.38699859999906;0.0000;0.0000;-0.3090 
15.434975500000292;0.6711;0.0000;0.0000 
15.483071099999506;0.2237;0.0000;-0.1775 
15.530901699999959;0.2237;0.0000;0.0438 
15.578987799999595;0.0000;0.0000;-0.2652 
15.627184499999203;0.0000;0.0000;0.1545 
15.690727600000173;0.0000;0.0000;-0.1545 
15.73879130000023;0.2237;0.0000;-0.1545 
15.78701639999963;0.2237;0.0000;0.0438 
15.834817699998894;0.4474;0.0000;0.0438 
15.882878000000346;0.0000;0.0000;-0.0669 
15.930849200000011;0.0000;0.0000;-1.2628 
15.978953899999397;0.0000;0.0000;-1.5718 
16.0272101999999;0.0000;0.0000;0.1545 
16.074997699999585;0.2237;0.0000;0.0000 
16.12306829999943;-0.4474;0.0000;-0.1107 
16.171045899998717;0.0000;0.0000;0.0669 
16.234902799998963;-0.2237;0.0000;1.5718 
16.282929899998635;0.0000;0.0000;0.1107 
16.33090699999957;-0.2237;0.0000;0.3090 
16.380127899999934;0.2237;0.0000;-0.0438 
16.426980399999593;0.2237;0.0000;-0.1107 
16.47502859999986;-0.2237;0.0000;1.3066 
16.52301869999974;-0.2237;0.0000;0.1107 
16.571085599998696;0.0000;0.0000;1.5280 
16.619227499999397;-0.2237;0.0000;0.0000 
16.66734179999912;0.2237;0.0000;-0.9976 
16.730705099998886;0.2237;0.0000;-0.1107 
16.77877400000034;0.0000;0.0000;0.3529 
16.826764299999923;-0.2237;0.0000;0.1545 
16.874907399998847;-0.2237;0.0000;1.6825 
16.922893699998895;0.0000;0.0000;1.5280 
16.971088399999644;-0.2237;0.0000;0.1545 
17.018965399998706;0.2237;0.0000;0.1107 
17.06725219999862;0.4474;0.0000;0.0438 
17.115103599999202;0.0000;0.0000;-0.2214 
17.16304990000026;0.0000;0.0000;-0.1545 
17.211531499999182;0.2237;0.0000;0.0000 
17.274680700000317;0.2237;0.0000;-0.2652 
17.322724499999822;0.0000;0.0000;-0.1107 
17.370864399999846;-0.2237;0.0000;-0.1545 
17.418938199998593;0.0000;0.0000;0.4197 
17.46703349999916;-0.2237;0.0000;-0.1545 
17.51516149999952;0.0000;0.0000;0.1107 
17.563106999999945;0.0000;0.0000;0.0000 
17.611060799999905;-0.2237;0.0000;-0.1545 
17.675346199999694;0.0000;0.0000;-0.0438 
17.722806399999172;0.0000;0.0000;0.0000 
17.77084939999986;0.4474;0.0000;0.0000 
17.818952100000388;-0.4474;0.0000;-0.3759 
17.86697549999917;0.0000;0.0000;0.2214 
17.914944999998625;0.0000;0.0000;0.0000 
17.96301669999957;0.0000;0.0000;0.0000 
18.011023999999452;0.2237;0.0000;-1.5718 
18.058914299999742;-0.2237;0.0000;-0.2652 
18.10700949999955;0.0000;0.0000;-1.3066 
18.15525709999929;0.2237;0.0000;-1.4173 
18.20325469999989;0.2237;0.0000;1.3066 
18.267298400000072;0.2237;0.0000;-0.1107 
18.314951000000292;-0.2237;0.0000;0.0438 
18.362923599999704;0.0000;0.0000;0.4197 
18.41099959999883;0.0000;0.0000;0.3090 
18.458945599999424;-0.2237;0.0000;0.0000 
18.506999399998676;-0.4474;0.0000;0.1107 
18.55502989999877;0.2237;0.0000;0.2214 
18.60298270000021;0.2237;0.0000;-0.1107 
18.651170099999945;0.0000;0.0000;0.1983 
18.69905749999998;-0.2237;0.0000;0.1545 
18.762987299998713;-0.2237;0.0000;-0.0438 
18.811282399999982;0.0000;0.0000;0.1107 
18.85876719999942;0.0000;0.0000;0.0000 
18.906969800000297;0.0000;0.0000;-0.1545 
18.954801199999565;0.0000;0.0000;0.0000 
19.002794099998937;0.2237;0.0000;1.5718 
19.050914399998874;0.0000;0.0000;1.4611 
19.098980499999016;0.2237;0.0000;-1.4173 
19.146942999999737;0.0000;0.0000;-0.1107 
19.195321799999874;0.0000;0.0000;0.1545 
19.24299389999942;0.0000;0.0000;-0.1545 
19.306743899998764;-0.2237;0.0000;-0.1545 
19.354866699999548;0.0000;0.0000;0.2652 
19.402726499998607;0.2237;0.0000;0.1545 
19.45095070000025;0.2237;0.0000;-0.1107 
19.498884999999063;-0.2237;0.0000;-0.1107 
19.54698610000014;0.0000;0.0000;1.5280 
19.59531749999951;0.0000;0.0000;-1.4173 
19.64277409999886;0.2237;0.0000;0.0000 
19.690874699999767;0.0000;0.0000;-1.3734 
19.738917699998638;-0.2237;0.0000;0.1545 
19.802929999999833;0.2237;0.0000;-0.0438 
19.850951399999758;0.4474;0.0000;0.0438 
19.898807499999748;0.2237;0.0000;-0.2214 
19.947211299999253;-0.2237;0.0000;0.0438 
19.99490650000007;-0.2237;0.0000;-0.0438 
20.0428308999999;0.2237;0.0000;1.6825 
20.090960599998652;0.2237;0.0000;1.1521 
20.13899339999989;0.2237;0.0000;1.3066 
20.20269349999944;-0.2237;0.0000;-0.2652 
20.250955199999225;0.6711;0.0000;-0.0438 
20.29892749999999;0.0000;0.0000;1.2397 
20.347044799998912;-0.4474;0.0000;-0.1545 
20.395173099999738;0.4474;0.0000;0.2214 
20.443331799999214;-0.2237;0.0000;-0.2214 
20.4910519999994;0.0000;0.0000;-0.0438 
20.53922099999909;0.2237;0.0000;0.1545 
20.586843899998712;0.0000;0.0000;0.0438 
20.650869999999486;-0.2237;0.0000;-0.1545 
20.698877900000298;0.0000;0.0000;0.4197 
20.746853299999202;0.2237;0.0000;-1.5718 
20.794980999999098;0.0000;0.0000;0.0438 
20.842903099999603;0.6711;0.0000;1.2628 
20.89092189999974;0.0000;0.0000;-0.3320 
20.93902270000035;-0.2237;0.0000;0.3090 
20.986936799999967;0.2237;0.0000;0.1107 
21.035049199999776;-0.2237;0.0000;-1.3734 
21.09880919999887;-0.2237;0.0000;0.2652 
21.147012199999153;0.2237;0.0000;0.2652 
21.194857599999523;0.0000;0.0000;-1.5280 
21.24299599999904;0.0000;0.0000;0.1545 
21.290955599999506;-0.2237;0.0000;-0.1545 
21.339062799999738;0.2237;0.0000;0.1107 
21.386992300000202;0.0000;0.0000;-0.1107 
21.4349074999991;0.2237;0.0000;0.3090 
21.483038299998952;0.0000;0.0000;1.3066 
21.5311987999994;-0.4474;0.0000;0.0000 
21.59480059999987;-0.2237;0.0000;0.3759 
21.642834799999036;0.0000;0.0000;0.1107 
21.690860200000316;0.2237;0.0000;0.1545 
21.738749899999675;0.0000;0.0000;0.0438 
21.78681619999952;0.4474;0.0000;-1.4173 
21.834843999999066;0.4474;0.0000;-0.0669 
21.882938499999;0.4474;0.0000;-0.2214 
21.930971799998588;-0.2237;0.0000;-0.2214 
21.97891189999973;0.0000;0.0000;-0.0438 
22.02707729999929;0.0000;0.0000;0.0000 
22.0749665000003;0.0000;0.0000;0.0000 
22.123004699999;0.0000;0.0000;1.4173 
22.171217899998737;0.0000;0.0000;-1.4173 
22.219043499999316;0.2237;0.0000;1.4173 
22.267217799999344;0.2237;0.0000;-0.1107 
22.330925299998853;0.0000;0.0000;-0.2652 
22.37877809999918;-0.2237;0.0000;0.0000 
22.427699300000313;-0.2237;0.0000;0.2652 
22.475008699999307;0.0000;0.0000;0.1107 
22.52284299999883;0.0000;0.0000;1.4173 
22.571056900000258;-0.2237;0.0000;1.5718 
22.6188932999994;0.0000;0.0000;-0.0438 
22.667098399999304;0.0000;0.0000;0.0000 
22.715416999999434;0.2237;0.0000;0.0000 
22.76293739999892;0.0000;0.0000;1.3066 
22.811098399999537;0.0000;0.0000;-0.1545 
22.87462830000004;0.2237;0.0000;0.1545 
22.92273279999972;0.2237;0.0000;-0.1107 
22.970759599998928;0.0000;0.0000;-1.5280 
23.019012299999304;0.0000;0.0000;-0.1545 
23.066841199999544;0.0000;0.0000;1.4173 
23.11490049999884;0.0000;0.0000;-0.1545 
23.163075299999036;0.2237;0.0000;1.4173 
23.210969099998692;0.0000;0.0000;-0.2652 
23.258970799999588;0.0000;0.0000;0.4635 
23.306868800000302;-0.2237;0.0000;0.0000 
23.370710099999997;0.2237;0.0000;1.2189 
23.41882869999972;0.0000;0.0000;-0.1107 
23.46688449999965;-0.2237;0.0000;0.1545 
23.515018699999928;0.2237;0.0000;-1.3066 
23.5630115999993;0.2237;0.0000;-0.1107 
23.610855299999457;-1.5660;0.0000;-0.1107 
23.659118300000046;-1.1185;0.0000;-0.3334 
23.70706269999937;-1.7898;0.0000;-10.9414 
23.77084339999965;-0.4474;0.0000;3.7207 
23.818859499999235;-0.8948;0.0000;4.7566 
23.867111300000033;-1.3422;0.0000;-1.5926 
23.91491599999972;-1.1185;0.0000;5.8708 
23.962781799998993;-1.3422;0.0000;-0.0646 
24.026977699999406;-1.3422;0.0000;-1.3712 
24.074898699998812;-1.3422;0.0000;1.3088 
24.12298869999904;-1.7898;0.0000;3.8348 
24.171249799999714;-1.3422;0.0000;1.6848 
24.219043400000373;-1.1185;0.0000;-1.3712 
24.282831700000315;-1.3422;0.0000;4.3423 
24.330924199999572;0.2237;0.0000;2.0814 
24.378809899999396;-0.6711;0.0000;-0.3172 
24.427085299999817;0.0000;0.0000;0.7956 
24.475146499999028;0.0000;0.0000;-0.1545 
24.522958199999266;0.0000;0.0000;0.0000 
24.57096449999881;0.0000;0.0000;0.0000 
24.618836499999816;0.2237;0.0000;0.0000 
24.667081300000063;-0.4474;0.0000;-0.1107 
24.714884699998947;0.0000;0.0000;0.6849 
24.778677700000117;-0.2237;0.0000;-0.1545 
24.826809899999716;0.0000;0.0000;-1.3066 
24.87479119999989;0.0000;0.0000;0.1545 
24.922834499999226;0.0000;0.0000;-0.1545 
24.971031699999003;0.2237;0.0000;0.1545 
25.0190548999999;0.0000;0.0000;-0.1107 
25.066817799999626;0.0000;0.0000;0.0000 
25.114943599999606;0.0000;0.0000;-0.1545 
25.16299710000021;0.0000;0.0000;0.0000 
25.2110303999998;0.0000;0.0000;-6.7784 
25.258967399999165;-0.8948;0.0000;5.3606 
25.32277029999932;-0.8948;0.0000;-3.1649 
25.37107079999987;-2.2374;0.0000;-6.1286 
25.418980399999782;-1.3422;0.0000;2.7054 
25.46710559999883;-3.1331;0.0000;-2.2986 
25.530669699999635;-4.4782;0.0000;-2.1865 
25.57899129999896;-5.3763;0.0000;-2.4498 
25.62697279999884;-4.7026;0.0000;3.8198 
25.674915100000362;-5.3763;0.0000;-2.1837 
25.7230172999989;-6.2757;0.0000;-4.6652 
25.786726099999214;-6.7259;0.0000;0.3430 
25.835290400000304;-7.1766;0.0000;-1.3179 
25.8829214999987;-7.4021;0.0000;0.1673 
25.930868199999168;-7.6277;0.0000;-2.5567 
25.979089099999328;-7.6277;0.0000;-1.9626 
26.042890900000202;-8.9841;0.0000;-1.9992 
26.09107539999968;-8.9841;0.0000;0.7617 
26.139184399999067;-8.9841;0.0000;2.4920 
26.18702779999876;-8.5314;0.0000;-0.1862 
26.25073799999882;-7.8535;0.0000;-3.5709 
26.298788799998874;-8.7577;0.0000;0.5153 
26.347018799999205;-6.9512;0.0000;5.9960 
26.394895100000213;-6.7259;0.0000;-1.2064 
26.44300639999892;-3.1331;0.0000;15.6921 
26.50677910000013;-0.2237;0.0000;7.7592 
26.554785299998912;-2.6852;0.0000;-13.7029 
26.603101499998957;-0.4474;0.0000;-2.1245 
26.651036399998702;0.2237;0.0000;-37.2789 
26.699029600000358;0.0000;0.0000;-1.5280 
26.747938599999543;0.0000;0.0000;-1.4173 
26.79506649999894;0.0000;0.0000;0.0000 
26.858760499999335;-0.4474;0.0000;-1.1083 
26.90675740000006;-0.2237;0.0000;0.5304 
26.95484690000012;-0.2237;0.0000;1.6825 
27.002878999999666;-0.2237;0.0000;-0.3529 
27.051011699999435;0.0000;0.0000;0.2652 
27.099031099998683;0.0000;0.0000;-1.4173 
27.147423000000344;-0.4474;0.0000;-0.3090 
27.210690500000055;-0.2237;0.0000;-1.3504 
27.258745199998884;0.2237;0.0000;0.1107 
27.30683669999962;-0.2237;0.0000;-0.1107 
27.354881399998703;-0.2237;0.0000;0.2652 
27.402889199998754;0.2237;0.0000;1.3734 
27.45091820000016;0.2237;0.0000;0.0438 
27.49907600000006;1.1185;0.0000;-0.1107 
27.547255399998903;-0.4474;0.0000;-3.6975 
27.59506439999859;-3.3572;0.0000;0.3759 
27.658771000000343;-1.7898;0.0000;5.2426 
27.706717400000343;-8.9841;0.0000;-3.7404 
27.75497279999945;1.1185;0.0000;10.9756 
27.803101399998923;10.1182;0.0000;-1.1715 
27.866817199999787;-25.4320;0.0000;-6.2693 
27.91483530000005;-0.4474;0.0000;9.4906 
27.9628077999987;8.5314;0.0000;4.0902 
28.010705400000006;-1.3422;0.0000;-0.9493 
28.05893660000038;2.2374;0.0000;2.5189 
28.107061200000317;-0.4474;0.0000;-1.5706 
28.155200899998817;0.8948;0.0000;-0.7324 
28.203012199999648;-0.2237;0.0000;-0.4427 
28.266744700000345;0.2237;0.0000;0.4197 
28.314884800000073;0.4474;0.0000;-0.2652 
28.362815399999818;-0.8948;0.0000;-0.2214 
28.411020100000314;2.6852;0.0000;-0.0208 
28.459224500000346;0.0000;0.0000;-0.0659 
28.507009899998593;0.0000;0.0000;0.0000 
28.55492619999859;0.0000;0.0000;0.1545 
28.603035599999203;-0.2237;0.0000;0.3090 
28.66672049999943;-0.4474;0.0000;0.1107 
28.714831299999787;-0.4474;0.0000;1.4841 
28.76286599999912;0.2237;0.0000;0.2214 
28.810954599999604;0.2237;0.0000;-0.1107 
28.859053700000004;-0.2237;0.0000;-0.1107 
28.907494600000064;0.0000;0.0000;0.1107 
28.95485319999898;0.0000;0.0000;0.0000 
29.00279489999957;0.0000;0.0000;0.0000 
29.051077399999485;0.0000;0.0000;0.3090 
29.099176099998658;0.0000;0.0000;-1.1083 
29.146977999998853;0.2237;0.0000;0.1545 
29.195007099999202;0.0000;0.0000;1.1521 
29.25869899999998;-0.6711;0.0000;1.5718 
29.306840100000045;0.0000;0.0000;1.1046 
29.354777999998987;0.2237;0.0000;-1.2628 
29.402679799999532;0.4474;0.0000;0.6619 
29.450697999998738;0.0000;0.0000;1.0414 
29.49880309999935;0.0000;0.0000;0.0000 
29.54690909999954;-0.2237;0.0000;0.0000 
29.59505519999948;0.6711;0.0000;2.7642 
29.643210199999885;0.2237;0.0000;1.0852 
29.690933399999267;0.4474;0.0000;-1.2189 
29.73902939999971;-0.8948;0.0000;0.0877 
29.78706179999972;0.2237;0.0000;1.8600 
29.850838700000168;0.0000;0.0000;-0.1107 
29.899194399999033;0.4474;0.0000;0.1545 
29.946767999999793;0.4474;0.0000;-0.5304 
29.995085099999415;0.2237;0.0000;-0.3759 
30.04294569999911;0.2237;0.0000;-0.1107 
30.090827099998933;0.0000;0.0000;-1.5280 
30.13876899999923;0.0000;0.0000;0.3090 
30.187200700000176;0.0000;0.0000;-1.2628 
30.234880299998622;0.0000;0.0000;1.5718 
30.28301300000021;0.2237;0.0000;0.1545 
30.33116279999922;0.0000;0.0000;1.3066 
30.37916839999889;-0.2237;0.0000;1.5718 
30.44263039999896;-0.2237;0.0000;0.1107 
30.49073429999953;0.0000;0.0000;0.1107 
30.538932899999054;0.4474;0.0000;-0.1545 
30.586784299999636;-0.2237;0.0000;-0.2214 
30.634815999999773;0.0000;0.0000;1.8370 
30.68288079999911;-0.6711;0.0000;0.3090 
30.73088949999874;-0.4474;0.0000;-1.0852 
30.778789699999834;0.0000;0.0000;0.3759 
30.82710649999899;0.4474;0.0000;-1.4173 
30.875024199998734;0.0000;0.0000;-0.0669 
30.938861999999062;0.0000;0.0000;0.0000 
30.986817599999995;-0.2237;0.0000;0.0000 
31.034744700000374;0.2237;0.0000;0.1107 
31.082771100000173;0.0000;0.0000;0.1983 
31.13081239999883;-0.2237;0.0000;0.1545 
31.17891520000012;-0.2237;0.0000;0.8833 
31.22697580000022;0.4474;0.0000;-1.4611 
31.275013200000103;0.4474;0.0000;1.5055 
31.32291869999972;1.3422;0.0000;0.0877 
31.371200199999294;1.7898;0.0000;0.2630 
31.418945399998847;3.3572;0.0000;1.6139 
31.46706599999925;1.3422;0.0000;-4.3680 
31.514969300000303;2.9091;0.0000;1.3453 
31.563100999999733;2.4613;0.0000;-1.4659 
31.611140899998645;3.1331;0.0000;-3.1518 
31.659156300000177;3.3572;0.0000;4.0682 
31.72270699999899;3.5813;0.0000;2.2304 
31.770907799998895;4.0296;0.0000;1.4763 
31.81879309999931;4.0296;0.0000;5.3518 
31.866896100000304;5.3763;0.0000;-2.9979 
31.9148038000003;5.6010;0.0000;-2.2470 
31.962915999998586;4.7026;0.0000;0.1670 
32.01089270000011;5.1516;0.0000;4.0667 
32.058962600000086;5.6010;0.0000;1.4751 
32.107109700000365;5.8258;0.0000;1.2528 
32.15537450000011;6.2757;0.0000;-1.0718 
32.20293969999875;6.9512;0.0000;-2.0714 
32.25125069999922;6.9512;0.0000;0.8954 
32.29878970000027;6.9512;0.0000;0.0999 
32.34718079999948;4.9271;0.0000;-8.4048 
32.39551879999999;6.0507;0.0000;7.4117 
32.44300699999985;6.2757;0.0000;4.0207 
32.506780399999116;6.0507;0.0000;3.9093 
32.55466349999915;6.9512;0.0000;1.6520 
32.60270859999946;6.7259;0.0000;1.3620 
32.65088819999983;6.7259;0.0000;1.3179 
32.698964299999716;6.7259;0.0000;-3.8852 
32.746905299998616;6.2757;0.0000;6.3663 
32.79485550000027;6.0507;0.0000;-4.2850 
32.84285959999943;6.0507;0.0000;6.7004 
32.89090789999864;6.2757;0.0000;-0.3876 
32.93899149999925;6.0507;0.0000;3.5987 
32.98701049999909;5.6010;0.0000;-1.4936 
33.034864899998865;5.3763;0.0000;-5.2129 
33.08316179999929;3.8054;0.0000;-6.1662 
33.1469390000002;2.6852;0.0000;-15.7755 
33.194805899998755;5.3763;0.0000;-4.8089 
33.24290949999886;-2.0136;0.0000;60.4570 
33.2909765000004;0.0000;0.0000;0.9963 
33.338940300000104;-1.7898;0.0000;-1.4173 
33.387569200000144;1.3422;0.0000;1.0401 
33.434977299999446;-1.5660;0.0000;-0.0461 
33.498644699999204;0.0000;0.0000;0.3113 
33.54688410000017;-1.5660;0.0000;-2.3444 
33.59491759999946;-2.0136;0.0000;-0.7706 
33.642943099999684;-2.0136;0.0000;-2.7659 
33.706775699998616;-3.5813;0.0000;-1.6323 
33.75494719999915;-4.0296;0.0000;4.1701 
33.8031962999994;-4.0296;0.0000;-2.3623 
33.85096929999963;-5.1516;0.0000;-5.0419 
33.89901180000015;-6.0507;0.0000;1.6705 
33.96289859999888;-5.8258;0.0000;-0.8750 
34.011291199998595;-5.8258;0.0000;-0.3455 
34.05891479999991;-6.2757;0.0000;-1.4523 
34.10707679999905;-6.9512;0.0000;-3.5987 
34.17153759999928;-6.9512;0.0000;0.2114 
34.218887499999255;-7.8535;0.0000;-2.9355 
34.26709119999941;-8.0793;0.0000;3.0253 
34.314978299998984;-8.3053;0.0000;-3.3132 
34.37865140000031;-8.0793;0.0000;1.2077 
34.426700099998925;-8.0793;0.0000;-0.0098 
34.474801899999875;-8.7577;0.0000;-3.0009 
34.523036599999614;-8.3053;0.0000;-1.4035 
34.57128509999893;-8.5314;0.0000;-5.0878 
34.63486120000016;-8.7577;0.0000;1.0071 
34.682753299999604;-8.7577;0.0000;-1.8724 
34.73091039999963;-9.2106;0.0000;-3.1338 
34.77903159999914;-9.2106;0.0000;-1.6483 
34.84275119999984;-9.2106;0.0000;-0.0746 
34.890861899999436;-9.2106;0.0000;-1.9613 
34.93905839999934;-9.4373;0.0000;-1.8048 
35.00261150000006;-9.6641;0.0000;-1.6926 
35.050908600000184;-8.7577;0.0000;1.0982 
35.09885909999866;-9.2106;0.0000;-4.5511 
35.14706079999996;-9.2106;0.0000;-0.3875 
35.210797300000195;-8.7577;0.0000;-0.3869 
35.258797099999356;-9.4373;0.0000;-2.1854 
35.30694269999913;-8.9841;0.0000;-3.1099 
35.35496779999994;-8.7577;0.0000;-3.4907 
35.41882269999951;-9.4373;0.0000;-2.3421 
35.467011299999285;-9.2106;0.0000;-1.5361 
35.51481679999961;-8.7577;0.0000;0.8738 
35.562916900000346;-8.7577;0.0000;-3.1338 
35.61101339999914;-9.2106;0.0000;1.7437 
35.674633699998594;-7.6277;0.0000;0.0822 
35.72282499999892;-8.5314;0.0000;0.5600 
35.77099389999967;-6.7259;0.0000;1.1634 
35.819665499999246;-7.1766;0.0000;-7.6110 
35.8670549999988;-4.9271;0.0000;1.7402 
35.930858399999124;-6.9512;0.0000;17.6371 
35.97881099999904;-3.8054;0.0000;-15.5566 
36.027168900000106;-4.0296;0.0000;-1.0554 
36.09070799999972;-3.1331;0.0000;-3.3150 
36.1387493000002;-2.2374;0.0000;2.3759 
36.18701549999969;-1.7898;0.0000;-0.5930 
36.23541420000038;-0.2237;0.0000;-0.8413 
36.28295629999957;0.8948;0.0000;2.9458 
36.33086539999931;1.1185;0.0000;0.0479 
36.394707800000106;1.7898;0.0000;1.3279 
36.443036499998925;0.2237;0.0000;9.8095 
36.49085699999887;1.3422;0.0000;-5.4980 
36.53886049999892;2.6852;0.0000;3.2047 
36.58679139999913;2.2374;0.0000;3.9575 
36.63470319999942;4.7026;0.0000;-3.6839 
36.683001800000056;3.8054;0.0000;-0.0305 
36.731126499998936;3.8054;0.0000;-1.7797 
36.77895600000011;6.0507;0.0000;0.4129 
36.82696049999868;6.9512;0.0000;2.6034 
36.87475049999921;6.9512;0.0000;0.2557 
36.922964699999284;6.5007;0.0000;-1.1205 
36.97111369999948;8.9841;0.0000;8.8281 
37.018945699999676;8.9841;0.0000;1.3073 
37.08280709999963;10.8006;0.0000;-6.2772 
37.13076919999912;8.3053;0.0000;9.6793 
37.17899690000013;10.1182;0.0000;3.6823 
37.22690999999941;12.6282;0.0000;-8.8859 
37.27497989999938;12.8576;0.0000;2.1580 
37.32302069999969;11.2564;0.0000;4.5638 
37.386698700000125;14.0074;0.0000;-5.5103 
37.43498220000038;12.6282;0.0000;-3.5612 
37.48352270000032;12.8576;0.0000;9.2566 
37.530997099998785;13.5468;0.0000;-0.9387 
37.578966400000354;11.9414;0.0000;1.3956 
37.642792999999074;14.0074;0.0000;3.2899 
37.690760299999965;12.3991;0.0000;3.0635 
37.738898899999185;13.3169;0.0000;1.1839 
37.786803599999985;13.0871;0.0000;4.5036 
37.835207699999955;13.5468;0.0000;1.1470 
37.88310359999923;14.0074;0.0000;4.0717 
37.9310964999986;13.7770;0.0000;1.3274 
37.99458389999927;14.0074;0.0000;2.8587 
38.04267669999899;14.0074;0.0000;2.5855 
38.090885399999024;14.0074;0.0000;2.2676 
38.1388795999992;12.3991;0.0000;-0.4086 
38.18696329999875;13.5468;0.0000;3.0634 
38.23494789999859;13.5468;0.0000;1.3961 
38.28297869999915;12.8576;0.0000;5.1719 
38.34672709999904;13.7770;0.0000;-2.8336 
38.39538399999947;12.3991;0.0000;11.8285 
38.442877899999075;12.3991;0.0000;0.0697 
38.490849399999206;12.8576;0.0000;2.9047 
38.53908620000038;13.0871;0.0000;3.6199 
38.60270709999895;12.6282;0.0000;-1.6880 
38.65121269999872;12.3991;0.0000;1.8501 
38.69888030000038;11.0284;0.0000;4.0051 
38.74683489999916;12.8576;0.0000;7.6768 
38.794862799999464;12.3991;0.0000;5.0378 
38.842984400000205;12.3991;0.0000;3.6887 
38.89137569999912;12.6282;0.0000;1.0122 
38.95507079999879;11.9414;0.0000;-0.3607 
39.002811099999235;11.4846;0.0000;0.9220 
39.05099429999973;11.2564;0.0000;8.2355 
39.09892799999943;11.2564;0.0000;9.6084 
39.14688879999994;11.4846;0.0000;-1.7314 
39.210885399999825;10.3455;0.0000;-6.5695 
39.25891429999865;10.8006;0.0000;7.8544 
39.306946900000185;8.0793;0.0000;-4.9711 
39.35509069999898;10.3455;0.0000;3.4628 
39.4029419999988;4.7026;0.0000;0.6099 
39.45090019999952;9.4373;0.0000;-12.0265 
39.51459149999937;7.8535;0.0000;17.5986 
39.562894999999116;6.0507;0.0000;1.7326 
39.6109164999998;8.5314;0.0000;-14.1108 
39.658821299999545;6.0507;0.0000;11.6290 
39.707019800000126;4.7026;0.0000;-9.0476 
39.754908499999146;2.0136;0.0000;2.5177 
39.803020299999844;2.2374;0.0000;-4.9904 
39.85092789999908;1.3422;0.0000;4.2275 
39.91457259999879;2.9091;0.0000;-7.4687 
39.96269140000004;-1.1185;0.0000;3.9217 
40.01103630000034;0.6711;0.0000;-6.6891 
40.05882169999859;-2.0136;0.0000;4.3838 
40.10695779999878;-1.5660;0.0000;-4.4923 
40.1550814000002;-2.9091;0.0000;4.2546 
40.21882009999899;-3.8054;0.0000;-3.5363 
40.26701560000038;-4.2539;0.0000;16.5745 
40.31516929999998;-5.3763;0.0000;-12.1531 
40.378784799999266;-6.2757;0.0000;-3.5783 
40.426819799999066;-6.7259;0.0000;-5.9487 
40.47523749999891;-7.8535;0.0000;-4.4828 
40.53886109999985;-7.4021;0.0000;-4.0621 
40.58692510000037;-7.4021;0.0000;-0.6565 
40.634833099999014;-8.9841;0.0000;1.0724 
40.682933899999625;-7.8535;0.0000;-6.6392 
40.73111719999906;-10.3455;0.0000;8.8635 
40.79510859999937;-10.1182;0.0000;-8.8007 
40.842929899999945;-10.5730;0.0000;-0.8789 
40.890846299998884;-12.3991;0.0000;-7.7419 
40.954654299999675;-9.4373;0.0000;-7.1524 
41.00285660000009;-13.0871;0.0000;3.3505 
41.06667329999982;-11.7129;0.0000;-3.9768 
41.11480239999946;-12.1702;0.0000;0.0660 
41.16287409999859;-12.8576;0.0000;-5.6945 
41.226737999999386;-12.3991;0.0000;3.1508 
41.275019200000315;-14.0074;0.0000;-2.7462 
41.32278789999873;-14.0074;0.0000;-6.5205 
41.386693899999955;-14.0074;0.0000;-0.0689 
41.434826200000316;-14.2381;0.0000;-2.9040 
41.48288750000029;-13.0871;0.0000;2.7208 
41.54670259999875;-14.4690;0.0000;6.8816 
41.59493870000006;-11.7129;0.0000;24.7416 
41.64316119999967;-6.9512;0.0000;-2.1373 
41.706673599999704;-9.8911;0.0000;15.4928 
41.75503209999988;-8.7577;0.0000;-25.0893 
41.803032699999676;-7.8535;0.0000;18.2930 
41.86718379999911;-6.5007;0.0000;-25.3245 
41.914834399998654;-6.5007;0.0000;8.0077 
41.96295909999935;-2.9091;0.0000;-2.0701 
42.01099859999886;-3.8054;0.0000;5.5641 
42.058938500000295;-2.0136;0.0000;1.5739 
42.12268640000002;-1.1185;0.0000;-0.7305 
42.17109369999889;0.2237;0.0000;-11.1225 
42.21884649999993;1.7898;0.0000;3.9607 
42.26720229999955;3.5813;0.0000;-0.1392 
42.315023199998905;3.1331;0.0000;1.5000 
42.363014999998995;5.3763;0.0000;-0.8039 
42.41118979999919;6.2757;0.0000;-0.3638 
42.47464789999867;6.7259;0.0000;2.8024 
42.523367300000245;6.7259;0.0000;3.0470 
42.57065159999911;6.7259;0.0000;4.1524 
42.61862899999869;7.1766;0.0000;-4.6628 
42.666794499999014;8.7577;0.0000;-6.9433 
42.71485909999865;6.7259;0.0000;14.3173 
42.76286590000018;7.6277;0.0000;-5.9256 
42.81098740000016;8.9841;0.0000;-3.3945 
42.859051100000215;8.5314;0.0000;4.1266 
42.90693939999983;7.4021;0.0000;-4.3108 
42.9549281999989;8.0793;0.0000;4.2855 
43.00309399999969;6.7259;0.0000;-0.4706 
43.066700800000035;6.7259;0.0000;-14.9132 
43.11471849999907;4.2539;0.0000;12.5022 
43.16278959999909;0.6711;0.0000;-0.4047 
43.211076100000355;5.8258;0.0000;-33.1635 
43.259122899999056;0.6711;0.0000;26.3688 
43.322684599999775;1.1185;0.0000;-37.9340 
43.37148909999996;-0.4474;0.0000;12.5403 
43.41916309999942;-4.0296;0.0000;11.9625 
43.46705159999874;-4.7026;0.0000;9.2878 
43.53092829999878;-6.7259;0.0000;1.4777 
43.57892619999984;-6.2757;0.0000;0.0554 
43.62697019999905;-7.1766;0.0000;-7.9897 
43.69064239999898;-5.3763;0.0000;3.0024 
43.738851399999476;-8.5314;0.0000;12.0341 
43.786853300000075;-7.6277;0.0000;-24.3664 
43.83503289999862;-8.5314;0.0000;3.7070 
43.89868169999863;-9.8911;0.0000;-13.1683 
43.94694849999905;-10.5730;0.0000;6.8806 
43.99498159999894;-12.1702;0.0000;-8.0616 
44.0585874999997;-11.9414;0.0000;1.2391 
44.10684169999877;-11.9414;0.0000;-10.5295 
44.15503969999918;-9.8911;0.0000;0.9630 
44.21897539999918;-13.5468;0.0000;-3.2045 
44.26689459999943;-13.5468;0.0000;-3.4510 
44.315028600000005;-14.9315;0.0000;-5.9670 
44.37867059999917;-14.7001;0.0000;0.0692 
44.427214899998944;-15.3950;0.0000;-1.0069 
44.475029899998844;-17.0257;0.0000;-5.8516 
44.53885959999934;-17.0257;0.0000;2.9789 
44.58705550000013;-16.7919;0.0000;-5.5264 
44.63490219999949;-17.2597;0.0000;-6.2868 
44.698714299998755;-17.7288;0.0000;0.7085 
44.74690600000031;-17.9638;0.0000;0.1279 
44.81069039999966;-17.9638;0.0000;-3.1954 
44.85877989999972;-18.1991;0.0000;-2.2651 
44.90709009999955;-18.6707;0.0000;-4.4963 
44.97082319999936;-18.6707;0.0000;-1.9148 
45.0188933999998;-18.6707;0.0000;-3.8216 
45.082649399999355;-17.2597;0.0000;-7.9107 
45.13070669999979;-18.6707;0.0000;1.1505 
45.17907489999925;-17.9638;0.0000;-4.4768 
45.24260289999984;-18.1991;0.0000;0.5705 
45.29083030000038;-16.5584;0.0000;-0.4060 
45.33896629999981;-16.5584;0.0000;15.6655 
45.40311509999992;-11.4846;0.0000;-16.6485 
45.450854299999264;-18.4347;0.0000;28.9314 
45.514790399998674;-11.7129;0.0000;-55.9855 
45.56277169999885;-11.2564;0.0000;9.9886 
45.61106329999893;-10.3455;0.0000;-3.7810 
45.67465660000016;-7.8535;0.0000;-4.2648 
45.7230301999989;-7.6277;0.0000;12.6361 
45.77092479999919;-4.7026;0.0000;-6.0754 
45.8187743999988;-5.6010;0.0000;19.8530 
45.88264840000011;0.6711;0.0000;-31.6623 
45.930760799999916;2.2374;0.0000;8.3277 
45.97880239999904;-3.1331;0.0000;20.0013 
46.02723689999948;3.3572;0.0000;-25.6912 
46.074869000000035;5.8258;0.0000;2.3630 
46.13858900000014;4.4782;0.0000;18.6626 
46.18678929999987;6.2757;0.0000;-13.1424 
46.234963900000366;8.5314;0.0000;-6.3411 
46.28287569999884;8.9841;0.0000;13.0120 
46.33082779999859;8.0793;0.0000;1.7734 
46.378815699999905;9.6641;0.0000;-6.4536 
46.42708189999939;10.5730;0.0000;-0.3137 
46.47526850000031;9.6641;0.0000;6.8008 
46.53867220000029;10.1182;0.0000;-3.6208 
46.586769300000014;9.8911;0.0000;13.1645 
46.63469629999963;14.9315;0.0000;-0.1108 
46.68287869999949;10.1182;0.0000;20.3965 
46.746707700000115;13.7770;0.0000;-17.5483 
46.79502750000029;14.2381;0.0000;-2.1732 
46.843015299999024;14.2381;0.0000;0.5775 
46.89098219999869;14.2381;0.0000;-0.6634 
46.95462729999963;13.7770;0.0000;6.2472 
47.002819100000124;13.3169;0.0000;-6.4409 
47.05153259999861;14.2381;0.0000;2.1476 
47.09877719999895;11.9414;0.0000;3.2505 
47.14706130000013;13.3169;0.0000;-12.9374 
47.21073629999955;12.8576;0.0000;-3.5365 
47.25878919999923;1.5660;0.0000;7.8954 
47.306924999998955;2.4613;0.0000;5.1776 
47.3548695999998;0.8948;0.0000;-11.1920 
47.40312239999912;5.6010;0.0000;-2.8409 
47.4509994;-2.6852;0.0000;10.5779 
47.514962899998864;-1.1185;0.0000;6.2262 
47.562743799999225;-2.6852;0.0000;5.8875 
47.610996699999305;-2.6852;0.0000;-4.2899 
47.65899209999952;-4.7026;0.0000;-11.3556 
47.72268009999971;-6.5007;0.0000;8.5358 
47.77093959999911;-7.6277;0.0000;6.7646 
47.818822699999146;-9.2106;0.0000;-4.0052 
47.86708009999893;-8.9841;0.0000;-1.6483 
47.930825299999924;-11.0284;0.0000;10.3707 
47.97899750000033;-11.2564;0.0000;-13.3439 
48.04272039999887;-13.0871;0.0000;6.6145 
48.09078699999918;-13.0871;0.0000;-9.0184 
48.13897309999993;-13.7770;0.0000;-1.6236 
48.20274040000004;-14.2381;0.0000;-5.5346 
48.25087050000002;-15.3950;0.0000;-4.5539 
48.3147654000004;-16.7919;0.0000;-11.9806 
48.36276650000036;-16.5584;0.0000;3.3448 
48.4109155999995;-17.4941;0.0000;1.0079 
48.47482669999954;-15.1631;0.0000;-13.0268 
48.523148299998866;-18.9069;0.0000;3.7614 
48.58681169999909;-17.9638;0.0000;-12.8134 
48.63498400000026;-17.0257;0.0000;11.9103 
48.68320560000029;-17.4941;0.0000;-2.0805 
48.74701599999935;-17.2597;0.0000;-7.1957 
48.79486419999921;-16.0922;0.0000;-1.8030 
48.842928799998845;-14.7001;0.0000;8.0258 
48.90676859999985;-14.0074;0.0000;6.2625 
48.95504409999921;-14.2381;0.0000;1.8331 
49.00296239999989;-8.5314;0.0000;-12.0766 
49.0668912000001;-10.8006;0.0000;7.4573 
49.11482699999942;-4.7026;0.0000;-12.9942 
49.162946599999486;-3.5813;0.0000;21.1160 
49.22689100000025;-5.8258;0.0000;-2.5629 
49.27499269999862;-0.4474;0.0000;-13.9463 
49.323112299998684;1.1185;0.0000;6.8187 
49.37104960000033;0.0000;0.0000;-2.5893 
49.41903490000004;4.2539;0.0000;-0.5161 
49.4826710999987;2.4613;0.0000;-2.9305 
49.530684100000144;6.2757;0.0000;-7.5584 
49.578780599998936;6.5007;0.0000;-11.8387 
49.626866299999165;6.9512;0.0000;-1.0945 
49.674719799999366;6.2757;0.0000;4.8370 
49.72287159999905;6.9512;0.0000;-12.4786 
49.77074689999972;8.0793;0.0000;-1.6287 
49.81891360000009;6.7259;0.0000;-1.2520 
49.88257169999997;5.3763;0.0000;-7.1671 
49.930809800000134;2.4613;0.0000;-16.2865 
49.978888199999346;4.9271;0.0000;3.6526 
50.027054000000135;4.4782;0.0000;-14.6464 
50.07499439999992;-2.2374;0.0000;22.4208 
50.138753799999904;0.8948;0.0000;-10.8780 
50.18667859999914;0.0000;0.0000;29.4281 
50.234673799999655;0.8948;0.0000;0.3090 
50.28295249999974;0.2237;0.0000;0.6390 
50.331050400000095;0.0000;0.0000;-0.8833 
50.37887330000012;-0.6711;0.0000;0.7726 
50.42701490000036;-0.2237;0.0000;-0.1315 
50.474899599999844;-0.4474;0.0000;0.4197 
50.52277030000005;0.2237;0.0000;2.5658 
50.58691229999931;0.0000;0.0000;1.7701 
50.63472860000002;-0.2237;0.0000;1.4173 
50.6827689999991;0.2237;0.0000;-0.0438 
50.73077529999864;-0.2237;0.0000;0.0438 
50.77887819999887;0.0000;0.0000;-0.0438 
50.82689930000015;0.0000;0.0000;0.0000 
50.87517049999951;-0.2237;0.0000;-1.4173 
50.92293229999996;0.0000;0.0000;0.1107 
50.971006800000396;0.2237;0.0000;0.0000 
51.01911300000029;0.0000;0.0000;-0.1107 
51.082839499998954;0.0000;0.0000;0.1545 
51.13074570000026;0.2237;0.0000;0.0000 
51.178746800000226;0.4474;0.0000;0.0438 
51.22671909999917;0.2237;0.0000;1.1959 
51.274753099998634;0.0000;0.0000;-0.1107 
51.32276959999945;-0.2237;0.0000;-0.1545 
51.37108369999987;0.2237;0.0000;0.1107 
51.41904259999865;0.0000;0.0000;-0.1107 
51.46678939999947;0.0000;0.0000;-0.1545 
51.51487189999898;0.2237;0.0000;0.0000 
51.56292039999971;-0.2237;0.0000;-0.1107 
51.61099809999905;0.0000;0.0000;0.1107 
51.67459140000028;-0.2237;0.0000;0.0000 
51.72266370000034;0.0000;0.0000;0.4197 
51.770781199998964;0.0000;0.0000;0.0000 
51.81894269999975;0.0000;0.0000;0.1545 
51.866819699998814;0.2237;0.0000;-1.5718 
51.91484390000005;0.0000;0.0000;-0.1107 
51.962739799999326;0.0000;0.0000;0.0000 
52.011183900000105;0.0000;0.0000;0.1545 
52.05882649999876;-0.2237;0.0000;0.1545 
52.106932900000174;-0.2237;0.0000;0.1107 
52.1550943000002;0.0000;0.0000;0.1107 
52.203149799999665;-0.2237;0.0000;0.0000 
52.25094329999956;0.0000;0.0000;0.1107 
52.315426999999545;0.2237;0.0000;-0.1545 
52.362661999999546;0.2237;0.0000;-1.6825 
52.410840200000166;-0.2237;0.0000;-0.1107 
52.45887049999874;0.0000;0.0000;0.2652 
52.506831599999714;0.0000;0.0000;0.3090 
52.55494149999868;-0.2237;0.0000;0.0000 
52.60301830000026;0.2237;0.0000;0.2652 
52.65084999999999;0.2237;0.0000;0.0438 
52.699223300000085;-0.2237;0.0000;1.1521 
52.76267000000007;0.0000;0.0000;-0.0438 
52.81096520000028;0.2237;0.0000;0.0000 
52.858880199999476;0.0000;0.0000;-0.1107 
52.90669869999874;0.0000;0.0000;0.1545 
52.95472659999905;0.2237;0.0000;0.0000 
53.00278299999991;0.2237;0.0000;0.0438 
53.05077259999962;0.0000;0.0000;-1.3734 
53.099726599999485;0.0000;0.0000;0.1545 
53.14676580000014;-0.2237;0.0000;0.0000 
53.19488350000029;-0.2237;0.0000;-0.0438 
53.24293049999869;-0.2237;0.0000;0.2652 
53.30684979999933;0.0000;0.0000;0.2652 
53.35488710000027;0.2237;0.0000;0.1545 
53.402850899999976;0.2237;0.0000;-0.1107 
53.450972900000124;-0.2237;0.0000;-0.1107 
53.49885489999906;0.0000;0.0000;0.2652 
53.54684309999902;0.0000;0.0000;0.3090 
53.59480590000021;0.4474;0.0000;0.0000 
53.6428906000001;0.0000;0.0000;0.0877 
53.69088229999943;0.2237;0.0000;1.1083 
53.73898310000004;0.2237;0.0000;-0.1107 
53.787183299999015;0.0000;0.0000;-1.3734 
53.835408999999345;0.4474;0.0000;1.4173 
53.89866110000003;0.4474;0.0000;-0.2214 
53.94721579999896;0.2237;0.0000;-0.2214 
53.99464479999915;0.2237;0.0000;0.1983 
54.042659799999456;0.0000;0.0000;0.0438 
54.090842199999315;0.0000;0.0000;-0.1545 
54.1388195999989;0.2237;0.0000;0.1545 
54.18692009999904;0.2237;0.0000;-0.1107 
54.23488919999909;-0.2237;0.0000;-0.1107 
54.283223599999474;-0.2237;0.0000;-0.9976 
54.33148439999968;0.0000;0.0000;0.1107 
54.37898489999861;-0.2237;0.0000;0.1545 
54.44259129999955;0.0000;0.0000;0.2652 
54.49084690000018;-0.2237;0.0000;-0.1545 
54.53883619999942;-0.2237;0.0000;0.1107 
54.58705679999912;0.0000;0.0000;0.1107 
54.634868899998764;0.2237;0.0000;-0.1545 
54.682682299999215;0.2237;0.0000;0.3529 
54.73119649999899;0.2237;0.0000;-0.4197 
54.79454599999917;0.2237;0.0000;-1.6825 
54.84283200000027;0.0000;0.0000;0.0438 
54.8906707999995;0.2237;0.0000;0.0000 
54.93868250000014;0.2237;0.0000;-0.1107 
54.98687409999911;-0.2237;0.0000;-1.6825 
55.03487630000018;0.2237;0.0000;0.1107 
55.08277959999941;0.2237;0.0000;0.3529 
55.13085929999943;-0.2237;0.0000;-0.1107 
55.179122699999425;0.2237;0.0000;-0.1983 
55.227032799999506;0.0000;0.0000;1.1521 
55.29055779999908;0.0000;0.0000;-1.4173 
55.33865689999948;0.0000;0.0000;0.1545 
55.38674179999907;0.0000;0.0000;0.1545 
55.43470129999878;0.4474;0.0000;-1.5718 
55.48278829999981;0.0000;0.0000;-1.7931 
55.530768999999054;0.0000;0.0000;1.7263 
55.57877389999885;-0.2237;0.0000;0.0000 
55.62698099999943;0.0000;0.0000;-0.0438 
55.67498960000012;0.0000;0.0000;1.4173 
55.722785300000396;0.0000;0.0000;-0.1545 
55.77113730000019;0.2237;0.0000;0.1545 
55.81898809999984;0.0000;0.0000;0.0438 
55.88271699999859;0.0000;0.0000;0.0000 
55.93065569999999;0.0000;0.0000;-1.2628 
55.97866739999881;0.2237;0.0000;0.0000 
56.02673109999887;0.2237;0.0000;1.4611 
56.07471799999985;0.2237;0.0000;-0.1107 
56.122760799999014;0.2237;0.0000;0.0438 
56.170862599999964;0.0000;0.0000;-1.5280 
56.218831899999714;0.0000;0.0000;0.0000 
56.26672829999916;0.0000;0.0000;0.0000 
56.314609899998686;0.0000;0.0000;-0.1545 
56.36288499999864;0.0000;0.0000;0.1545 
56.41086539999924;0.0000;0.0000;0.1545 
56.458748099999866;0.0000;0.0000;0.0000 
56.50693659999888;0.2237;0.0000;1.5718 
56.55481789999976;0.2237;0.0000;-0.2652 
56.61863519999861;-0.4474;0.0000;1.3066 
56.66662170000018;0.0000;0.0000;0.2214 
56.71494819999862;0.2237;0.0000;0.0000 
56.762688299999354;0.0000;0.0000;-1.5280 
56.81073629999992;0.0000;0.0000;1.2628 
56.85902369999894;0.0000;0.0000;0.0000 
56.90688810000029;0.0000;0.0000;0.0000 
56.9548278000002;0.4474;0.0000;0.3090 
57.0027642999994;0.0000;0.0000;1.3504 
57.05083039999954;0.2237;0.0000;0.0000 
57.10551429999941;0.4474;0.0000;0.1983 
57.146962099999655;-0.2237;0.0000;1.5049 
57.19528569999966;-0.2237;0.0000;0.1107 
57.24275289999969;0.2237;0.0000;1.3734 
57.29120750000038;-0.2237;0.0000;0.3529 
57.354597399998966;-0.2237;0.0000;1.8370 
57.402886099998796;0.2237;0.0000;1.8370 
57.45075779999934;0.0000;0.0000;-0.1107 
57.49879189999956;0.0000;0.0000;-0.1545 
57.54710689999956;-0.2237;0.0000;-1.2628 
57.59486250000009;0.0000;0.0000;0.1107 
57.64291349999985;0.0000;0.0000;0.0000 
57.69073099999878;0.0000;0.0000;0.0000 
57.738807599998836;0.4474;0.0000;0.1545 
57.78727350000008;0.0000;0.0000;-0.2214 
57.834837499998685;0.0000;0.0000;0.1545 
57.88312640000004;0.0000;0.0000;0.1545 
57.93124799999896;0.2237;0.0000;-1.2628 
57.994570299999396;0.2237;0.0000;-1.5280 
58.04262759999983;0.4474;0.0000;-0.2652 
58.09086629999911;0.0000;0.0000;-0.0669 
58.138652899999215;0.0000;0.0000;-1.2628 
58.186700700000074;-0.2237;0.0000;-1.1083 
58.235001799999736;0.0000;0.0000;0.2652 
58.28282989999934;0.0000;0.0000;0.1545 
58.3309823999989;0.2237;0.0000;0.1545 
58.37949279999884;0.0000;0.0000;-1.5280 
58.42678359999991;0.0000;0.0000;1.5718 
58.47465949999969;0.2237;0.0000;0.0000 
58.52306209999915;0.4474;0.0000;-0.1107 
58.58676519999972;0.0000;0.0000;-0.3759 
58.63451949999944;0.0000;0.0000;0.1545 
58.68271769999956;0.2237;0.0000;0.3090 
58.73062299999947;-0.2237;0.0000;-1.5280 
58.77870309999889;0.2237;0.0000;0.2652 
58.826971599999524;0.0000;0.0000;0.0438 
58.87463849999949;0.2237;0.0000;1.4173 
58.92291180000029;-0.2237;0.0000;-0.1107 
58.97088470000017;0.2237;0.0000;0.1107 
59.018884699999035;0.2237;0.0000;-0.1107 
59.0671657999992;0.6711;0.0000;1.6156 
59.11548479999874;0.0000;0.0000;-0.1775 
59.17853319999995;0.0000;0.0000;-1.2628 
59.226558000000296;0.2237;0.0000;-1.4173 
59.27458839999963;0.0000;0.0000;0.0438 
59.322601799998665;0.2237;0.0000;0.0000 
59.37078229999861;0.2237;0.0000;0.0438 
59.41872779999903;0.2237;0.0000;-0.1107 
59.466835600000195;0.0000;0.0000;-0.2652 
59.51510869999947;0.2237;0.0000;0.1545 
59.56368819999989;-0.2237;0.0000;1.3066 
59.610802299999705;0.4474;0.0000;0.1107 
59.6587827000003;0.0000;0.0000;-0.2214 
59.706935899999735;-0.2237;0.0000;-0.1545 
59.755108699999255;-0.4474;0.0000;0.2652 
59.81858399999874;0.4474;0.0000;0.2214 
59.866688899999644;0.2237;0.0000;-1.4841 
59.91463549999935;0.0000;0.0000;-1.5280 
59.962720999999874;0.0000;0.0000;-1.1083 
60.01078039999993;0.0000;0.0000;1.5718 
60.05863969999882;0.2237;0.0000;0.1545 
60.10721609999928;0.0000;0.0000;0.0438 
60.154790700000376;0.0000;0.0000;1.4173 
60.20307309999953;-0.2237;0.0000;0.0000 
60.25092819999918;0.2237;0.0000;0.1107 
60.2986705000003;0.0000;0.0000;0.1983 
60.347041799999715;0.2237;0.0000;0.0000 
60.394944300000134;0.0000;0.0000;-0.1107 
60.4585662999998;0.0000;0.0000;-0.1545 
60.50659040000028;0.0000;0.0000;0.1545 
60.554702699999325;0.0000;0.0000;0.0000 
60.60265789999903;0.2237;0.0000;-0.1545 
60.650728999999046;0.0000;0.0000;1.4611 
60.69885339999928;0.0000;0.0000;0.1545 
60.74687089999861;0.0000;0.0000;-0.1545 
60.795049799999106;-0.4474;0.0000;0.3090 
60.84298779999881;0.2237;0.0000;-1.3504 
60.8913236999997;0.0000;0.0000;-0.1107 
60.93892810000034;0.4474;0.0000;0.0000 
60.98704759999964;-0.2237;0.0000;-0.0669 
61.05063439999867;-0.2237;0.0000;0.2652 
61.098561299999346;0.0000;0.0000;0.1107 
61.14669839999988;0.2237;0.0000;-0.1545 
61.1947497000001;0.2237;0.0000;-1.5280 
61.24275519999901;0.2237;0.0000;0.0438 
61.29082849999941;0.0000;0.0000;1.1521 
61.33885290000035;0.0000;0.0000;1.4173 
61.386902700000064;0.0000;0.0000;0.0000 
61.43495119999898;0.4474;0.0000;0.0000 
61.48289560000012;0.0000;0.0000;-1.6386 
61.53083729999889;0.0000;0.0000;0.0000 
61.57887419999861;0.2237;0.0000;-1.4173 
61.62688600000001;0.0000;0.0000;-1.5280 
61.674912999998924;0.0000;0.0000;1.4173 
61.7228729999988;0.0000;0.0000;0.1545 
61.78678629999922;0.2237;0.0000;-1.5718 
61.834628200000225;0.4474;0.0000;-0.1107 
61.88298759999998;0.0000;0.0000;-0.2214 
61.931539399998655;0.2237;0.0000;0.0000 
61.97870630000034;0.0000;0.0000;-0.2652 
62.026883700000326;-0.2237;0.0000;0.0000 
62.074670899999546;0.0000;0.0000;0.1107 
62.12277449999965;0.6711;0.0000;-1.4173 
62.17098479999913;0.6711;0.0000;-0.4866 
62.21890150000036;0.0000;0.0000;-0.4866 
62.266877199999726;0.0000;0.0000;0.1545 
62.315106500000184;0.0000;0.0000;0.1545 
62.37867929999993;0.0000;0.0000;-0.1545 
62.426600299999336;-0.2237;0.0000;-0.1545 
62.474618099999134;0.2237;0.0000;0.1107 
62.52289480000036;0.0000;0.0000;-0.2652 
62.57085679999909;0.0000;0.0000;0.1545 
62.61885009999969;0.2237;0.0000;-1.5718 
62.666945699998905;-0.2237;0.0000;0.0438 
62.715226399999665;0.4474;0.0000;0.2652 
62.7633850000002;0.0000;0.0000;-0.0669 
62.826668300000165;-0.2237;0.0000;0.0000 
62.87478919999921;0.0000;0.0000;-0.0438 
62.92277399999875;-0.2237;0.0000;-0.1545 
62.97090670000034;0.4474;0.0000;0.1107 
63.01886159999958;0.0000;0.0000;1.0414 
63.066747199998645;0.2237;0.0000;-1.2628 
63.11497380000037;0.2237;0.0000;-0.1107 
63.16286489999948;-0.2237;0.0000;0.1983 
63.210705899999084;0.0000;0.0000;-1.1521 
63.2745417999995;0.2237;0.0000;0.0000 
63.32278459999907;0.0000;0.0000;0.0438 
63.37066419999974;0.0000;0.0000;0.0000 
63.41867959999945;0.2237;0.0000;0.0000 
63.466711099999884;0.0000;0.0000;-0.2652 
63.51493539999865;0.2237;0.0000;0.0000 
63.56272119999994;0.2237;0.0000;-0.1107 
63.61076929999945;0.4474;0.0000;-0.1107 
63.65878899999916;0.0000;0.0000;-1.7931 
63.706680600000254;0.2237;0.0000;0.0000 
63.75474039999972;0.0000;0.0000;0.0438 
63.80287820000012;0.2237;0.0000;0.0000 
63.85086880000017;-0.2237;0.0000;0.0438 
63.898889000000054;0.6711;0.0000;0.4197 
63.946852699999;0.2237;0.0000;-0.1775 
64.01056939999944;-0.2237;0.0000;-0.2652 
64.05856069999936;0.0000;0.0000;-1.1521 
64.10680239999965;-0.2237;0.0000;0.0000 
64.1547344999999;-0.2237;0.0000;0.1107 
64.20358010000018;0.4474;0.0000;-0.0438 
64.25091929999871;0.0000;0.0000;-0.3759 
64.29885060000015;0.2237;0.0000;0.1545 
64.34721509999872;0.0000;0.0000;-0.2652 
64.39507429999867;0.4474;0.0000;0.1545 
64.45854589999908;0.2237;0.0000;-0.2214 
64.50676419999945;0.0000;0.0000;-0.2652 
64.55450279999968;0.0000;0.0000;1.4173 
64.6027510999993;-0.2237;0.0000;0.1545 
64.6505717;0.2237;0.0000;-1.4611 
64.69876169999952;0.2237;0.0000;1.4611 
64.74713259999953;0.2237;0.0000;-0.2652 
64.79555559999972;0.0000;0.0000;-0.1107 
64.84289489999901;-0.2237;0.0000;0.0000 
64.89105949999976;0.0000;0.0000;1.5280 
64.93898809999882;0.2237;0.0000;1.5718 
65.00250269999924;0.0000;0.0000;0.1983 
65.05105269999876;0.0000;0.0000;0.1545 
65.0987071999989;0.2237;0.0000;0.1545 
65.14660989999902;0.0000;0.0000;1.3066 
65.19481180000002;0.4474;0.0000;0.0000 
65.24262099999942;0.4474;0.0000;0.0877 
65.2907094000002;-0.2237;0.0000;-1.6386 
65.33898679999947;0.2237;0.0000;1.5280 
65.38706379999894;-0.2237;0.0000;0.1983 
65.43472069999916;0.2237;0.0000;0.1107 
65.48284760000024;0.4474;0.0000;-0.2652 
65.53073620000032;0.2237;0.0000;-0.2214 
65.59467029999905;0.2237;0.0000;-0.5742 
65.64269269999932;0.0000;0.0000;-0.2652 
65.69071749999966;0.2237;0.0000;-0.6181 
65.73876989999917;0.4474;0.0000;-0.1107 
65.7870798999993;0.0000;0.0000;-0.0669 
65.83487319999949;0.0000;0.0000;0.1545 
65.88277589999961;-0.2237;0.0000;0.1545 
65.93106909999915;-0.2237;0.0000;0.1107 
65.97876840000026;-0.6711;0.0000;0.4197 
66.04248089999965;0.2237;0.0000;-1.0852 
66.09061889999975;-0.4474;0.0000;0.0438 
66.13862919999883;-0.2237;0.0000;0.2214 
66.18679390000034;0.0000;0.0000;0.1107 
66.23479289999887;0.2237;0.0000;0.1545 
66.28284960000019;0.0000;0.0000;-0.2652 
66.33078579999892;0.2237;0.0000;0.1545 
66.3789039000003;0.2237;0.0000;-0.1107 
66.42679549999957;0.2237;0.0000;-1.6825 
66.47495679999884;-0.2237;0.0000;0.0438 
66.52279679999992;0.2237;0.0000;0.1107 
66.57076729999972;0.0000;0.0000;-0.1107 
66.63462149999941;0.2237;0.0000;-0.1545 
66.68267039999955;0.2237;0.0000;0.3529 
66.7307409999994;0.2237;0.0000;1.4611 
66.77897929999926;-0.2237;0.0000;-0.1107 
66.82688380000036;0.2237;0.0000;-1.1521 
66.87475129999984;-0.2237;0.0000;-1.5280 
66.92267759999959;0.0000;0.0000;0.2652 
66.97086409999974;0.4474;0.0000;0.0000 
67.01885029999903;0.2237;0.0000;0.0877 
67.06704030000037;0.0000;0.0000;-0.2652 
67.11531009999999;0.2237;0.0000;-1.4173 
67.17860250000012;-0.2237;0.0000;-0.1107 
67.22664199999963;0.0000;0.0000;1.5280 
67.27483550000034;0.4474;0.0000;0.0000 
67.32275619999928;-0.2237;0.0000;-0.2214 
67.37101669999902;-0.2237;0.0000;0.1107 
67.41875249999975;0.2237;0.0000;1.3734 
67.46694709999974;0.2237;0.0000;0.1983 
67.51469170000018;0.2237;0.0000;1.3066 
67.5629388999987;0.4474;0.0000;0.0438 
67.62655180000002;0.0000;0.0000;-0.3759 
67.6745620999991;0.2237;0.0000;1.1083 
67.72265069999958;-0.2237;0.0000;-0.2652 
67.77084459999969;-0.2237;0.0000;-0.1983 
67.81892559999869;0.2237;0.0000;0.1107 
67.86677539999982;0.2237;0.0000;1.4611 
67.91479499999878;0.2237;0.0000;-0.1107 
67.96284519999972;0.0000;0.0000;-0.2652 
68.01091789999919;0.0000;0.0000;0.3090 
68.07461030000013;-0.2237;0.0000;-0.1545 
68.12270179999905;0.2237;0.0000;0.2652 
68.17085119999865;0.0000;0.0000;-0.1107 
68.21872929999881;-0.2237;0.0000;-0.1545 
68.26725459999943;0.0000;0.0000;-1.3066 
68.31474159999925;0.0000;0.0000;0.1545 
68.36285229999885;0.2237;0.0000;1.4173 
68.41081630000008;0.0000;0.0000;0.0438 
68.45889419999912;0.2237;0.0000;1.5718 
68.52257780000036;0.0000;0.0000;-0.1107 
68.57067110000025;0.2237;0.0000;0.0000 
68.61855639999885;0.6711;0.0000;-1.3734 
68.66662069999984;0.0000;0.0000;-0.4866 
68.71466159999909;0.2237;0.0000;0.1545 
68.7627010999986;0.0000;0.0000;-0.2652 
68.81092079999871;0.0000;0.0000;0.0000 
68.85869389999971;0.2237;0.0000;-1.2628 
68.90679920000002;-0.2237;0.0000;-0.1107 
68.95466370000031;0.0000;0.0000;0.2652 
69.00302949999968;-0.2237;0.0000;0.1545 
69.05081859999882;0.0000;0.0000;0.2652 
69.11449619999985;0.0000;0.0000;-1.5718 
69.1626782000003;0.2237;0.0000;1.5718 
69.21089389999906;0.0000;0.0000;1.3066 
69.25872960000015;0.2237;0.0000;0.0000 
69.30660530000023;0.2237;0.0000;-0.1107 
69.35469779999949;0.0000;0.0000;0.0438 
69.4027986000001;0.0000;0.0000;0.1545 
69.45067969999945;-0.2237;0.0000;-0.1545 
69.49885939999876;0.2237;0.0000;0.2652 
69.54735599999913;-0.2237;0.0000;1.1521 
69.59488810000039;0.0000;0.0000;-1.1521 
69.65868159999991;0.0000;0.0000;0.1545 
69.70651369999905;0.0000;0.0000;0.0000 
69.75465129999975;0.2237;0.0000;-0.1545 
69.80288159999873;0.0000;0.0000;-1.3734 
69.8509223000001;0.0000;0.0000;0.1545 
69.89865959999952;0.2237;0.0000;-0.1545 
69.94697479999923;0.4474;0.0000;1.6156 
69.99494409999897;-0.2237;0.0000;-0.2214 
70.04288059999999;0.0000;0.0000;-1.3066 
70.10657170000013;-0.2237;0.0000;0.0000 
70.1548348999986;0.0000;0.0000;0.2652 
70.20262379999986;0.2237;0.0000;0.0000 
70.25077330000022;-0.4474;0.0000;-0.1107 
70.29856689999906;0.0000;0.0000;0.3759 
70.34699739999996;0.0000;0.0000;0.0000 
70.39476829999876;0.0000;0.0000;0.0000 
70.44276019999961;0.0000;0.0000;0.0000 
70.49073419999877;0.2237;0.0000;0.0000 
70.53879450000022;-0.2237;0.0000;-1.5280 
70.58711519999997;0.2237;0.0000;0.1107 
70.63475499999913;0.0000;0.0000;0.0438 
70.68296299999929;0.2237;0.0000;-1.4173 
70.73080669999945;0.2237;0.0000;0.0438 
70.77876959999958;0.6711;0.0000;1.3066 
70.82701499999894;0.0000;0.0000;-1.9038 
70.8906420000003;0.0000;0.0000;-1.4173 
70.93849359999876;0.0000;0.0000;1.5718 
70.98661170000014;0.2237;0.0000;-1.4173 
71.03451609999865;0.2237;0.0000;-0.1107 
71.0826634999994;0.0000;0.0000;-0.1107 
71.1306384999989;0.2237;0.0000;0.0000 
71.17868679999992;-0.2237;0.0000;-0.1107 
71.22673669999858;0.0000;0.0000;0.2652 
71.27484319999894;-0.2237;0.0000;0.0000 
71.32261359999939;-0.2237;0.0000;0.2652 
71.37106639999911;0.2237;0.0000;0.1107 
71.41896629999974;0.2237;0.0000;0.0438 
71.48248849999982;-0.2237;0.0000;-0.1107 
71.53090849999899;-0.2237;0.0000;0.1107 
71.5786621999996;0.2237;0.0000;0.2652 
71.6267515999989;0.0000;0.0000;-0.2652 
71.67468889999873;0.0000;0.0000;1.2628 
71.72296149999966;0.4474;0.0000;0.1545 
71.77064259999861;0.2237;0.0000;-0.0669 
71.81890009999915;0.0000;0.0000;-0.1107 
71.86693399999967;0.0000;0.0000;0.1545 
71.91463250000015;0.0000;0.0000;0.0000 
71.96294200000011;0.2237;0.0000;1.4173 
72.01093409999885;0.0000;0.0000;0.0438 
72.05908869999985;0.2237;0.0000;0.1545 
72.122640399999;0.2237;0.0000;-0.2652 
72.17062830000032;0.0000;0.0000;1.1521 
72.2186673999986;0.0000;0.0000;0.0000 
72.26668729999983;0.2237;0.0000;-1.2628 
72.31464210000013;-0.2237;0.0000;0.0438 
72.36286019999898;0.2237;0.0000;0.2652 
72.41073619999952;-0.2237;0.0000;-0.1107 
72.45877269999983;0.4474;0.0000;0.4197 
72.50686949999908;0.2237;0.0000;-1.6386 
72.55480239999997;0.0000;0.0000;-0.2652 
72.60321440000007;0.0000;0.0000;0.0000 
72.66676369999914;0.0000;0.0000;-0.1545 
72.71456930000022;0.2237;0.0000;1.2628 
72.76262909999969;0.0000;0.0000;-0.1107 
72.8107670999998;-0.2237;0.0000;0.0000 
72.85880530000031;-0.4474;0.0000;0.2652 
72.90680099999918;0.0000;0.0000;0.2214 
72.95469859999866;0.0000;0.0000;1.4173 
73.00279269999919;0.2237;0.0000;0.0000 
73.05076790000021;0.4474;0.0000;0.0438 
73.0991017999986;0.2237;0.0000;-1.4841 
73.14663800000017;0.2237;0.0000;0.0438 
73.19464580000022;-0.2237;0.0000;0.0438 
73.24274119999973;0.0000;0.0000;-1.1521 
73.29098249999879;0.2237;0.0000;1.5718 
73.35461349999969;0.2237;0.0000;-1.6825 
73.40267259999928;0.0000;0.0000;0.0438 
73.45070060000035;0.0000;0.0000;0.3090 
73.4988416999986;0.0000;0.0000;0.0000 
73.54686579999907;0.2237;0.0000;0.0000 
73.59470929999952;0.6711;0.0000;0.0438 
73.64261599999918;0.0000;0.0000;-0.1775 
73.6907345999989;0.0000;0.0000;-1.5718 
73.73855769999864;-0.4474;0.0000;0.0000 
73.78669710000031;0.2237;0.0000;0.2214 
73.8347808999988;0.2237;0.0000;-0.2652 
73.88271779999923;0.4474;0.0000;-0.2652 
73.93061510000007;0.4474;0.0000;-0.2214 
73.99472760000026;-0.2237;0.0000;-0.2214 
74.04257750000033;0.0000;0.0000;0.4197 
74.09071109999968;0.4474;0.0000;0.0000 
74.13869489999888;0.0000;0.0000;-0.2214 
74.1867530999989;0.2237;0.0000;0.0000 
74.23480550000022;0.2237;0.0000;-0.1107 
74.28272689999903;0.2237;0.0000;0.0438 
74.3308479999996;0.0000;0.0000;-0.1107 
74.37881689999995;0.0000;0.0000;1.5718 
74.42700359999981;0.0000;0.0000;-0.1545 
74.47473619999982;0.0000;0.0000;0.0000 
74.52296139999999;0.0000;0.0000;0.0000 
74.57063579999885;0.4474;0.0000;0.1545 
74.61887469999965;0.0000;0.0000;-0.2214 
74.66684209999949;0.0000;0.0000;0.0000 
74.71501929999977;0.0000;0.0000;0.0000 
74.77863369999977;-0.2237;0.0000;-0.1545 
74.82671209999899;-0.2237;0.0000;0.2652 
74.87465799999882;0.2237;0.0000;0.2652 
74.92266740000014;0.0000;0.0000;1.3066 
74.97061009999925;0.2237;0.0000;0.0000 
75.01860419999866;-0.4474;0.0000;-0.2652 
75.06691379999938;-0.2237;0.0000;0.3759 
75.11480589999883;0.0000;0.0000;0.1107 
75.16288410000016;-0.2237;0.0000;1.2628 
75.22650330000033;0.0000;0.0000;0.2652 
75.274604799999;0.2237;0.0000;0.1545 
75.32252759999938;0.0000;0.0000;-0.2652 
75.3706172000002;0.2237;0.0000;-0.1545 
75.41874149999967;0.2237;0.0000;-1.5280 
75.46668729999874;0.0000;0.0000;0.0438 
75.51509149999947;-0.2237;0.0000;0.1545 
75.56300379999993;0.4474;0.0000;0.2652 
75.61077719999957;-0.2237;0.0000;-1.4841 
75.65864519999923;0.0000;0.0000;0.1107 
75.70703219999996;0.2237;0.0000;0.0000 
75.7546653999998;0.0000;0.0000;0.0438 
75.81857739999941;0.4474;0.0000;-0.1545 
75.86665229999926;0.2237;0.0000;0.0877 
75.91459799999939;0.2237;0.0000;1.3066 
75.96267499999885;0.0000;0.0000;-0.1107 
76.01087439999901;0.4474;0.0000;0.0000 
76.05884049999986;0.2237;0.0000;-0.3759 
76.10705349999989;0.0000;0.0000;0.0438 
76.15468349999901;0.2237;0.0000;1.2628 
76.20277009999882;0.0000;0.0000;0.0438 
76.2509914000002;0.0000;0.0000;0.0000 
76.29896649999864;0.2237;0.0000;0.1545 
76.34689470000012;0.2237;0.0000;-0.1107 
76.41056169999865;-0.2237;0.0000;-0.1107 
76.4585189999998;-0.2237;0.0000;0.1107 
76.50673649999953;0.2237;0.0000;0.1107 
76.55459829999927;0.2237;0.0000;0.1983 
76.60288629999923;0.0000;0.0000;-1.5280 
76.65067029999955;0.2237;0.0000;0.0000 
76.69887019999987;0.2237;0.0000;-0.1107 
76.74698720000015;0.0000;0.0000;-0.2652 
76.79473979999966;-0.2237;0.0000;-0.1545 
76.84295059999931;0.0000;0.0000;0.1107 
76.89082979999876;0.0000;0.0000;-0.1545 
76.9387327000004;0.0000;0.0000;0.1545 
77.00245670000004;0.0000;0.0000;0.1545 
77.05059569999867;0.0000;0.0000;1.4173 
77.09870649999903;0.2237;0.0000;0.1545 
77.14660769999864;0.2237;0.0000;0.0438 
77.19471820000035;0.2237;0.0000;0.0438 
77.2427162999993;0.2237;0.0000;-0.1107 
77.29062159999921;0.0000;0.0000;0.0438 
77.33866409999973;0.0000;0.0000;0.1545 
77.38677610000013;0.0000;0.0000;-1.2628 
77.43472759999895;0.0000;0.0000;0.3090 
77.48293219999869;0.2237;0.0000;0.0000 
77.53087099999902;0.0000;0.0000;0.0438 
77.57883889999903;-0.2237;0.0000;-1.2628 
77.62678229999983;0.2237;0.0000;0.2652 
77.6747196999986;0.0000;0.0000;-0.1107 
77.73850919999859;-0.2237;0.0000;-0.1545 
77.78664679999929;0.2237;0.0000;-0.0438 
77.83470149999994;0.2237;0.0000;1.4611 
77.88259079999989;0.0000;0.0000;-0.1107 
77.93055749999985;0.2237;0.0000;0.0000 
77.97880590000022;0.2237;0.0000;-0.2652 
78.02683160000015;0.4474;0.0000;-0.2652 
78.07483049999973;0.2237;0.0000;-0.3759 
78.12288009999975;0.4474;0.0000;-0.1107 
78.18656649999866;0.2237;0.0000;-1.4841 
78.23461029999999;0.2237;0.0000;-0.1107 
78.28265619999911;0.0000;0.0000;-0.2652 
78.3305676;-0.2237;0.0000;0.0000 
78.3787099000001;0.4474;0.0000;0.4197 
78.42737209999905;0.2237;0.0000;1.0414 
78.4746825000002;0.0000;0.0000;0.0438 
78.52259029999914;0.0000;0.0000;0.0000 
78.57081599999947;0.0000;0.0000;0.0000 
78.61903359999997;0.0000;0.0000;0.0000 
78.66673609999998;-0.2237;0.0000;1.4173 
78.71490559999984;0.2237;0.0000;0.1107 
78.76289480000014;0.2237;0.0000;-0.1107 
78.81106459999864;0.0000;0.0000;1.3066 
78.85921640000015;0.4474;0.0000;1.5718 
78.92243260000032;0.2237;0.0000;-1.6386 
78.97065649999968;-0.2237;0.0000;-0.1107 
79.01859089999925;-0.2237;0.0000;0.2652 
79.06668720000016;0.2237;0.0000;0.4197 
79.11463170000025;0.2237;0.0000;-0.1107 
79.16273459999866;0.2237;0.0000;-0.1107 
79.2110679999987;-0.2237;0.0000;-0.1107 
79.25919640000029;0.0000;0.0000;-1.4611 
79.30751830000008;-0.2237;0.0000;0.0000 
79.35551510000005;0.0000;0.0000;0.2652 
79.41848989999926;0.0000;0.0000;0.1545 
79.46655159999864;0.0000;0.0000;0.1545 
79.5145620000003;-0.2237;0.0000;1.2628 
79.56251650000013;0.0000;0.0000;0.1107 
79.6107419;-0.2237;0.0000;-0.1545 
79.65863949999948;-0.2237;0.0000;0.1107 
79.70669439999983;0.2237;0.0000;0.1107 
79.75484289999986;0.2237;0.0000;0.0438 
79.80303169999934;0.2237;0.0000;-0.1107 
79.86677239999881;-0.4474;0.0000;-0.1107 
79.91449549999925;0.0000;0.0000;1.7931 
79.96260869999969;0.0000;0.0000;-0.1545 
80.01054329999897;-0.2237;0.0000;0.0000 
80.05867419999959;0.0000;0.0000;0.4197 
80.10667929999909;0.0000;0.0000;0.0000 
80.15468229999897;0.0000;0.0000;0.1545 
80.20307599999978;-0.2237;0.0000;0.1545 
80.25074549999954;0.6711;0.0000;0.2652 
80.29884870000024;0.2237;0.0000;-1.7493 
80.34682029999931;0.2237;0.0000;-1.3734 
80.3951722999991;0.4474;0.0000;0.0438 
80.4425685999995;0.2237;0.0000;-0.0669 
80.50645359999908;0.0000;0.0000;-0.1107 
80.55459499999961;-0.2237;0.0000;1.4173 
80.6029168999994;-0.6711;0.0000;0.1107 
80.65068669999891;-0.4474;0.0000;0.3320 
80.69866499999989;0.4474;0.0000;0.5304 
80.74667679999948;0.2237;0.0000;-0.2214 
80.79491280000002;0.0000;0.0000;-1.5280 
80.84272319999945;-0.2237;0.0000;0.1545 
80.89087730000028;0.0000;0.0000;1.3734 
80.93892219999907;0.2237;0.0000;0.0000 
80.98689139999988;0.0000;0.0000;-0.1107 
81.05047430000013;-0.2237;0.0000;-1.4173 
81.09856000000036;0.2237;0.0000;0.2652 
81.14662449999923;0.2237;0.0000;-0.1107 
81.19469799999933;-0.2237;0.0000;0.0438 
81.24268610000036;0.0000;0.0000;0.4197 
81.29067659999964;0.0000;0.0000;-1.2628 
81.33864600000015;0.2237;0.0000;-1.2628 
81.3867582999992;0.2237;0.0000;0.0438 
81.43468109999958;0.0000;0.0000;-0.1107 
81.48290769999949;0.2237;0.0000;0.0000 
81.53069349999896;0.0000;0.0000;-0.2652 
81.57907239999986;0.0000;0.0000;-1.4173 
81.62684950000039;0.2237;0.0000;0.0000 
81.6747607999987;0.4474;0.0000;0.0438 
81.7384218999996;-0.4474;0.0000;-0.2214 
81.7865882999995;0.0000;0.0000;0.3759 
81.83453109999937;0.0000;0.0000;0.1545 
81.88276310000037;0.0000;0.0000;1.5718 
81.93045679999886;0.0000;0.0000;0.0000 
81.97876929999984;0.0000;0.0000;0.1545 
82.0276032999991;0.0000;0.0000;0.0000 
82.07571819999976;0.0000;0.0000;0.0000 
82.12404029999925;0.2237;0.0000;-0.1545 
82.17054579999967;0.2237;0.0000;1.1521 
82.21858389999943;0.0000;0.0000;-1.3734 
82.26687630000015;-0.2237;0.0000;0.0000 
82.3147900999993;0.0000;0.0000;0.1107 
82.3784625999997;0.2237;0.0000;-1.4173 
82.42651939999996;-0.2237;0.0000;1.4611 
82.47464769999897;0.0000;0.0000;1.6825 
82.52250239999921;-0.2237;0.0000;-0.1545 
82.57078860000001;-0.2237;0.0000;0.1107 
82.61854200000016;0.2237;0.0000;0.2652 
82.66669619999993;0.0000;0.0000;1.1521 
82.71464050000031;0.0000;0.0000;0.0000 
82.76284940000005;0.2237;0.0000;0.1545 
82.81084989999908;0.0000;0.0000;0.0438 
82.85888199999863;0.2237;0.0000;1.4173 
82.90694259999873;0.2237;0.0000;1.3066 
82.97051660000034;0.0000;0.0000;-0.1107 
83.0185967999987;0.2237;0.0000;0.1545 
83.06647829999929;0.2237;0.0000;1.6156 
83.11457979999977;0.0000;0.0000;0.0438 
83.16267080000034;0.2237;0.0000;-1.4173 
83.21075430000019;0.0000;0.0000;-0.2652 
83.25857360000009;0.6711;0.0000;0.3090 
83.30681059999915;0.0000;0.0000;-0.3320 
83.3546779999997;0.0000;0.0000;-0.1545 
83.40281099999993;-0.2237;0.0000;0.0000 
83.45084119999956;0.0000;0.0000;0.1107 
83.49878119999994;-0.2237;0.0000;0.1545 
83.56247359999907;0.0000;0.0000;1.3734 
83.6106233999999;0.0000;0.0000;0.1545 
83.65857239999968;0.2237;0.0000;1.7263 
83.7065924999988;0.0000;0.0000;0.0438 
83.75470510000014;0.0000;0.0000;-1.4173 
83.80259529999967;0.0000;0.0000;-1.2628 
83.85072029999901;0.2237;0.0000;0.0000 
83.89850979999937;0.4474;0.0000;0.0438 
83.94670779999979;0.0000;0.0000;-0.0669 
83.99491149999994;-0.2237;0.0000;0.1545 
84.04267299999992;-0.2237;0.0000;0.1107 
84.09088220000012;0.0000;0.0000;-0.9976 
84.13886429999911;0.0000;0.0000;-1.2628 
84.20338749999974;0.0000;0.0000;-0.1545 
84.25063989999944;0.0000;0.0000;-0.1545 
84.29881670000032;0.2237;0.0000;-0.1545 
84.34656699999869;0.2237;0.0000;0.0438 
84.3950163999998;0.2237;0.0000;-0.2652 
84.44265689999884;0.2237;0.0000;0.0438 
84.49076570000034;0.0000;0.0000;-0.1107 
84.53871579999941;0.0000;0.0000;0.0000 
84.58690009999918;0.4474;0.0000;0.1545 
84.63469459999942;0.2237;0.0000;1.5049 
84.6827959000002;-0.2237;0.0000;-0.1107 
84.74651119999908;0.2237;0.0000;-0.0438 
84.79455969999981;0.0000;0.0000;1.4611 
84.84260059999906;0.2237;0.0000;0.1545 
84.89099089999945;0.0000;0.0000;-0.1107 
84.93888069999957;0.2237;0.0000;-0.1545 
84.98660849999942;0.0000;0.0000;-0.1107 
85.0345741000001;0.0000;0.0000;0.0000 
85.08273000000008;0.0000;0.0000;-0.1545 
85.13085799999863;0.0000;0.0000;0.1545 
85.17879229999926;0.0000;0.0000;0.0000 
85.22698019999916;0.2237;0.0000;-1.4173 
85.27491779999946;0.2237;0.0000;-0.1107 
85.32279079999898;0.2237;0.0000;-1.3734 
85.38685339999938;-0.2237;0.0000;-0.1107 
85.43448009999884;0.2237;0.0000;0.1107 
85.48266630000035;0.0000;0.0000;-0.1107 
85.53060969999933;0.0000;0.0000;0.1545 
85.57871199999863;0.2237;0.0000;0.1545 
85.62668940000003;-0.4474;0.0000;0.0438 
85.67468799999915;0.0000;0.0000;0.0669 
85.72262299999966;0.0000;0.0000;0.0000 
85.77080380000007;0.0000;0.0000;0.0000 
85.81881350000003;-0.2237;0.0000;-1.2628 
85.86675709999872;0.4474;0.0000;0.4197 
85.91477419999865;-0.2237;0.0000;-1.6386 
85.9630447999989;0.2237;0.0000;0.1107 
86.02682979999918;0.2237;0.0000;-0.1107 
86.07452740000008;-0.2237;0.0000;-0.2652 
86.12296719999904;0.0000;0.0000;0.4197 
86.17075079999995;0.2237;0.0000;0.0000 
86.2191385999995;0.0000;0.0000;-0.1107 
86.26675169999908;0.2237;0.0000;0.1545 
86.31459100000029;-0.2237;0.0000;-0.1107 
86.36295459999928;0.2237;0.0000;-1.3066 
86.4118784000002;0.0000;0.0000;-0.1107 
86.45897839999998;0.0000;0.0000;0.1545 
86.50667429999885;0.0000;0.0000;1.5718 
86.57054349999999;0.0000;0.0000;0.1545 
86.6185160999994;0.2237;0.0000;0.1545 
86.66662939999878;0.2237;0.0000;0.1983 
86.71457089999967;0.0000;0.0000;-1.3734 
86.76270229999864;-0.2237;0.0000;0.0000 
86.81074449999869;0.0000;0.0000;-1.3066 
86.85876929999904;0.0000;0.0000;0.1545 
86.90664459999971;0.0000;0.0000;0.1545 
86.95498279999993;0.2237;0.0000;-1.5718 
87.00282129999869;-0.4474;0.0000;0.1983 
87.05087509999976;0.2237;0.0000;0.2214 
87.09867649999978;0.4474;0.0000;-0.1107 
87.1467561999998;0.0000;0.0000;-0.0669 
87.21110260000023;0.4474;0.0000;0.0000 
87.2585455999997;-0.2237;0.0000;1.1959 
87.30659059999925;0.0000;0.0000;1.5280 
87.35462519999965;0.0000;0.0000;0.1545 
87.40293679999922;-0.2237;0.0000;0.0000 
87.45084159999897;0.0000;0.0000;-0.0438 
87.49881409999944;0.0000;0.0000;0.3090 
87.54680259999986;-0.4474;0.0000;0.0000 
87.5954630999986;0.0000;0.0000;0.5304 
87.64312579999932;0.0000;0.0000;0.1545 
87.70650579999892;0.2237;0.0000;-0.1545 
87.75459939999928;0.0000;0.0000;-0.2652 
87.80257659999916;0.2237;0.0000;-1.7263 
87.85070219999943;-0.2237;0.0000;0.0438 
87.89886099999967;0.0000;0.0000;0.1107 
87.94668339999953;0.4474;0.0000;0.0000 
87.99468849999903;-0.2237;0.0000;-0.0669 
88.0430540999987;0.2237;0.0000;-0.0438 
88.09084900000016;0.0000;0.0000;0.0438 
88.13889149999886;0.0000;0.0000;0.0000 
88.1868945999995;0.0000;0.0000;0.0000 
88.25058759999956;0.0000;0.0000;0.0000 
88.29845829999977;0.2237;0.0000;1.4173 
88.34660609999992;0.2237;0.0000;0.1983 
88.39461419999861;0.2237;0.0000;-1.5280 
88.44254879999971;-0.2237;0.0000;-0.1107 
88.4907377999989;0.0000;0.0000;-0.1983 
88.5387281000003;0.2237;0.0000;-0.1545 
88.5869133999986;0.0000;0.0000;-0.2652 
88.63471039999968;0.2237;0.0000;0.0000 
88.68282290000025;0.2237;0.0000;-1.3734 
88.7464543999995;-0.2237;0.0000;-0.1107 
88.79459919999863;0.0000;0.0000;0.1107 
88.84260089999952;0.2237;0.0000;0.1545 
88.89066909999929;-0.2237;0.0000;1.3066 
88.93881390000024;0.0000;0.0000;0.1107 
88.98679319999974;0.0000;0.0000;0.0000 
89.03470279999965;0.4474;0.0000;0.0000 
89.08278289999907;0.2237;0.0000;-0.0669 
89.13071729999865;-0.2237;0.0000;-0.1107 
89.17873650000001;-0.2237;0.0000;1.6825 
89.22706329999892;0.0000;0.0000;-0.0438 
89.27485390000038;0.0000;0.0000;0.1545 
89.32299559999956;0.0000;0.0000;0.0000 
89.37096670000028;-0.2237;0.0000;1.4173 
89.43448679999892;0.2237;0.0000;0.1107 
89.48253750000003;-0.2237;0.0000;0.1983 
89.53062949999912;0.0000;0.0000;0.4197 
89.5787005000002;0.0000;0.0000;0.0000 
89.62664949999998;0.0000;0.0000;0.1545 
89.6745762999999;0.2237;0.0000;-1.1083 
89.72261660000004;0.2237;0.0000;0.0438 
89.77069399999891;0.0000;0.0000;0.0438 
89.81884650000029;-0.2237;0.0000;0.0000 
89.8669205999995;-0.2237;0.0000;-0.1983 
89.914861199999;0.2237;0.0000;-1.9247 
89.9785467999991;0.2237;0.0000;-0.1107 
90.02648989999943;0.2237;0.0000;-0.1107 
90.07511189999968;-0.4474;0.0000;-1.0644 
90.12262799999917;0.0000;0.0000;0.3759 
90.17059919999883;-0.2237;0.0000;0.3090 
90.21862390000024;0.2237;0.0000;0.1107 
90.26659459999973;0.0000;0.0000;-1.2189 
90.31473939999887;0.0000;0.0000;0.1545 
90.3625407999989;0.0000;0.0000;0.1545 
90.41068939999968;0.0000;0.0000;1.2628 
90.47448499999882;0.2237;0.0000;0.0000 
90.52243549999912;0.0000;0.0000;0.1983 
90.57051969999884;0.0000;0.0000;0.0000 
90.61857090000012;0.0000;0.0000;0.0000 
90.66647849999936;0.2237;0.0000;0.0000 
90.71460060000027;0.2237;0.0000;1.3066 
90.76258119999875;0.4474;0.0000;0.0438 
90.81080659999861;0.0000;0.0000;-0.0669 
90.85853820000011;0.0000;0.0000;1.4173 
90.90697159999945;0.0000;0.0000;0.0000 
90.95455749999928;0.0000;0.0000;0.1545 
91.00271689999863;0.0000;0.0000;0.0000 
91.0504994999992;0.0000;0.0000;-1.4173 
91.09853099999964;0.2237;0.0000;1.5718 
91.14675929999976;0.2237;0.0000;0.0438 
91.19485840000016;0.2237;0.0000;1.3066 
91.24321489999966;0.0000;0.0000;1.4611 
91.29112220000025;-0.4474;0.0000;-1.4173 
91.35457459999998;0.4474;0.0000;0.3759 
91.40287849999913;0.2237;0.0000;-0.3759 
91.45115619999888;0.2237;0.0000;0.0438 
91.49940909999896;0.0000;0.0000;-0.2652 
91.5469135000003;0.0000;0.0000;-0.1545 
91.59496880000006;0.0000;0.0000;0.0000 
91.64276719999907;0.2237;0.0000;0.0000 
91.6909429999996;0.2237;0.0000;0.1983 
91.73859029999949;0.2237;0.0000;-1.5280 
91.78685219999898;0.2237;0.0000;-0.2652 
91.83462829999917;0.6711;0.0000;-0.1107 
91.88288809999904;0.0000;0.0000;-0.4866 
91.93068359999961;0.2237;0.0000;0.0000 
91.97890899999948;-0.2237;0.0000;1.3066 
92.04341609999938;0.2237;0.0000;0.1107 
92.0905645999992;-0.2237;0.0000;-1.3734 
92.13866020000023;-0.2237;0.0000;-0.0438 
92.18678980000004;0.2237;0.0000;0.1107 
92.23494579999897;0.2237;0.0000;-1.8370 
92.28274590000001;-0.2237;0.0000;0.0438 
92.33096569999907;0.2237;0.0000;0.1107 
92.37867860000006;0.0000;0.0000;-0.1107 
92.44494589999886;0.2237;0.0000;-0.1545 
92.490539299999;0.0000;0.0000;0.0438 
92.53861630000029;0.2237;0.0000;0.0000 
92.58652269999948;0.2237;0.0000;-0.2652 
92.63457229999949;0.2237;0.0000;-0.1107 
92.6826162999987;0.0000;0.0000;0.1983 
92.73055339999883;-0.2237;0.0000;0.1545 
92.7786615999994;0.0000;0.0000;-1.1521 
92.82681919999959;0.2237;0.0000;0.1545 
92.87484549999863;0.2237;0.0000;0.0438 
92.92274489999909;-0.8948;0.0000;-0.1107 
92.97101399999883;0.2237;0.0000;0.2882 
93.03454619999866;0.0000;0.0000;-1.5280 
93.08251229999951;0.2237;0.0000;-1.4173 
93.13062679999894;-0.2237;0.0000;-0.1107 
93.23593970000002;0.0000;0.0000;-0.0438 
93.24089449999883;0.0000;0.0000;0.1545 
6.322738099999697;0.2237;0.0000;-2.7203 
6.370413599999665;0.0000;0.0000;1.4611 
6.418410000000222;-0.2237;0.0000;2.0095 
6.466693200000009;0.0000;0.0000;1.6825 
6.514536200000293;0.4474;0.0000;-0.4635 
6.562532699999792;0.0000;0.0000;0.0877 
6.610660899999857;-2.4613;0.0000;0.4635 
6.658777599999667;-0.4474;0.0000;4.2074 
6.706765500000984;0.2237;0.0000;0.0669 
6.754877900000793;0.0000;0.0000;1.3066 
6.818488700000671;0.4474;0.0000;-0.1545 
6.866703200001211;0.0000;0.0000;0.0877 
6.914538700000776;0.2237;0.0000;0.0000 
6.96270160000131;-0.2237;0.0000;-0.2652 
7.010726800001066;0.0000;0.0000;-1.3066 
7.0584212000012485;0.0000;0.0000;-0.1545 
7.1067249000007;0.0000;0.0000;-1.4173 
7.1545962000000145;-0.2237;0.0000;1.4173 
7.202789400000256;0.2237;0.0000;0.1107 
7.2507041999997455;0.0000;0.0000;1.3066 
7.298811300001034;0.2237;0.0000;0.1545 
7.362471800001003;-0.2237;0.0000;-0.2652 
7.410429900000963;0.0000;0.0000;0.2652 
7.458489500000724;0.0000;0.0000;0.1545 
7.506665500000963;-0.2237;0.0000;0.0000 
7.5548520000011194;-0.2237;0.0000;0.1107 
7.6025499000006675;0.2237;0.0000;0.4197 
7.650493000001006;0.2237;0.0000;0.0438 
7.698607500000435;0.2237;0.0000;0.0438 
7.746636800000488;-0.2237;0.0000;0.0438 
7.794958800001041;0.0000;0.0000;0.1107 
7.842610400000922;0.0000;0.0000;0.0000 
7.890643200000341;0.2237;0.0000;0.0000 
7.93889240000135;0.2237;0.0000;0.0438 
7.986723100000745;0.0000;0.0000;0.0438 
8.05038500000046;0.2237;0.0000;0.0000 
8.09830619999957;0.0000;0.0000;1.6156 
8.14683100000002;-0.8948;0.0000;0.0000 
8.194413000001077;-0.2237;0.0000;0.4427 
8.242613600001278;-0.2237;0.0000;-0.1983 
8.290504700000383;0.2237;0.0000;-0.0438 
8.338679000000411;1.7898;0.0000;2.3631 
8.40249279999989;-4.2539;0.0000;-39.9576 
8.4507964000004;-7.4021;0.0000;-13.1044 
8.498627799999667;-6.7259;0.0000;7.0628 
8.56241349999982;-18.1991;0.0000;-13.4959 
8.611013300000195;-17.2597;0.0000;20.5695 
8.658679699999993;-17.4941;0.0000;-0.0624 
8.722381600000517;-18.6707;0.0000;4.2045 
8.770899900000586;-23.4662;0.0000;1.7862 
8.834527700000763;-24.4453;0.0000;1.4084 
8.882637000000614;-23.7103;0.0000;-16.4703 
8.930688200000077;-27.4305;0.0000;-7.9881 
8.994631900000968;-29.9809;0.0000;-11.5967 
9.04260720000093;-30.4988;0.0000;-18.2763 
9.10646860000088;-33.3988;0.0000;-23.0192 
9.154730399999607;-37.5190;0.0000;3.8634 
9.218217200001163;-33.9364;0.0000;-7.1571 
9.266511300000275;-38.3699;0.0000;-8.2947 
9.314447400000063;-42.7887;0.0000;-4.8686 
9.378427600000578;-44.3321;0.0000;-1.8799 
9.427008500000738;-44.6456;0.0000;-11.0392 
9.490331099999821;-45.9173;0.0000;-6.5704 
9.538579500000196;-45.5967;0.0000;-2.6664 
9.586686500000724;-48.5530;0.0000;-11.9304 
9.650693200001115;-48.5530;0.0000;-8.8032 
9.698838700000124;-48.5530;0.0000;-4.3134 
9.76239970000097;-49.5772;0.0000;-9.5136 
9.810507199999847;-48.5530;0.0000;-7.3564 
9.858634700000039;-49.9234;0.0000;-5.9687 
9.922403300000951;-50.2721;0.0000;-8.3648 
9.970560600000681;-50.9772;0.0000;-9.8504 
10.03430550000121;-51.6933;0.0000;-9.7441 
10.082771100000173;-49.5772;0.0000;-7.4891 
10.146326400001271;-50.6233;0.0000;-9.7143 
10.194459199999983;-51.3339;0.0000;-4.0735 
10.258357599999727;-49.2334;0.0000;-10.0249 
10.306612100001075;-53.1607;0.0000;-9.6805 
10.354650600000241;-49.9234;0.0000;-7.0039 
10.41835859999992;-49.9234;0.0000;-10.2656 
10.466702800000348;-50.6233;0.0000;-12.9245 
10.530697399999553;-49.5772;0.0000;-8.9923 
10.578616500000862;-48.8920;0.0000;-11.6115 
10.642391700001099;-49.9234;0.0000;-9.1160 
10.691691100000753;-51.3339;0.0000;-8.1696 
10.754632300000594;-50.2721;0.0000;-10.9850 
10.802654400000392;-49.5772;0.0000;-11.7323 
10.866493400000763;-50.6233;0.0000;-10.0090 
10.914728400000968;-50.6233;0.0000;-6.3615 
10.978367100000469;-49.2334;0.0000;-6.8415 
11.026693699999669;-46.8904;0.0000;-9.1892 
11.07462470000064;-46.5641;0.0000;-7.5011 
11.138352300000406;-46.2397;0.0000;-8.0165 
11.186680599999818;-40.6901;0.0000;5.2909 
11.234477300000435;-36.9570;0.0000;-0.8975 
11.298440300000948;-31.5428;0.0000;15.0505 
11.346745799999553;-23.4662;0.0000;-26.9169 
11.410412999999608;-24.9377;0.0000;13.0833 
11.458742300001177;-15.3950;0.0000;-36.4726 
11.5222829000013;-17.0257;0.0000;1.3965 
11.570438900000227;-9.6641;0.0000;-20.7709 
11.61870910000107;-7.1766;0.0000;18.7338 
11.682454100000541;-1.5660;0.0000;-15.8932 
11.730544199999713;1.3422;0.0000;-17.8074 
11.778558699999849;3.1331;0.0000;19.2842 
11.826650700000755;12.6282;0.0000;-10.1444 
11.89038100000107;8.3053;0.0000;6.4108 
11.938738400000148;9.2106;0.0000;-5.9393 
11.986609700001281;16.3252;0.0000;-9.0660 
12.034675900000366;17.7288;0.0000;8.3868 
12.082674500001303;16.0922;0.0000;12.4662 
12.146405000001323;26.4269;0.0000;-0.6752 
12.195078800001284;20.8096;0.0000;17.0562 
12.24290910000127;24.4453;0.0000;-23.3483 
12.290710400000535;27.9357;0.0000;4.1820 
12.354585500001122;27.6828;0.0000;26.3758 
12.402664299999742;33.3988;0.0000;-1.8489 
12.450484300001335;35.2954;0.0000;0.9930 
12.498660299999756;31.0194;0.0000;29.1506 
12.562393500000326;34.7491;0.0000;-19.1285 
12.610576400000355;36.1218;0.0000;8.8960 
12.658480699999927;35.0218;0.0000;7.1141 
12.70664250000118;37.5190;0.0000;6.9749 
12.754653800000597;39.8109;0.0000;10.7739 
12.818624999999884;36.3992;0.0000;3.5770 
12.866532400001233;36.6776;0.0000;4.6818 
12.914586900000359;41.5811;0.0000;6.9389 
12.962611200000538;36.6776;0.0000;10.8173 
13.010515900001337;44.3321;0.0000;-0.2841 
13.074503900001218;41.2828;0.0000;16.9159 
13.12265699999989;39.8109;0.0000;7.0724 
13.170727000000625;37.8015;0.0000;13.0702 
13.218570700000782;40.6901;0.0000;7.3891 
13.266826400000355;39.5203;0.0000;10.4213 
13.330319800001234;47.2187;0.0000;9.7663 
13.378899100000126;40.6901;0.0000;16.9043 
13.426526999999624;44.0202;0.0000;8.0047 
13.474672800000917;41.2828;0.0000;6.7801 
13.522466300000815;40.9858;0.0000;6.2936 
13.570865499999854;44.6456;0.0000;0.3197 
13.634294999999838;43.4013;0.0000;7.3302 
13.68232960000023;46.5641;0.0000;7.4075 
13.730572100001154;43.0942;0.0000;12.1545 
13.77853160000086;44.9609;0.0000;4.0632 
13.826643200000035;44.6456;0.0000;11.9848 
13.874772600000142;44.6456;0.0000;5.1525 
13.93848590000016;45.5967;0.0000;9.3063 
13.986563500000557;45.5967;0.0000;6.2133 
14.034602900001119;44.9609;0.0000;5.0108 
14.082477300000392;42.1820;0.0000;0.7442 
14.1305597999999;44.9609;0.0000;0.9693 
14.194502600001215;31.0194;0.0000;-21.2582 
14.243148400000791;41.2828;0.0000;2.8355 
14.290452000001096;29.9809;0.0000;6.4105 
14.339032300000326;27.9357;0.0000;-23.8032 
14.402812199999971;19.8554;0.0000;-16.1007 
14.45052030000079;20.8096;0.0000;12.8892 
14.498549500000081;17.0257;0.0000;-3.9150 
14.547200200000589;8.9841;0.0000;25.0316 
14.610258000000613;5.8258;0.0000;-6.4324 
14.658321599999908;4.0296;0.0000;26.1911 
14.706538700000237;1.3422;0.0000;7.2840 
14.754761000000144;-1.7898;0.0000;-25.4068 
14.802673600001071;0.8948;0.0000;49.1842 
14.850583999999799;0.0000;0.0000;7.1803 
14.898878699999841;-2.0136;0.0000;2.5261 
14.962328499999785;0.0000;0.0000;-9.8533 
15.010525900001085;-1.1185;0.0000;0.6452 
15.058348300000944;0.0000;0.0000;-7.7968 
15.106644200001028;1.1185;0.0000;6.9329 
15.154487100000551;-5.6010;0.0000;-16.9951 
15.202580600000147;0.2237;0.0000;2.9259 
15.250745800000004;0.0000;0.0000;0.1983 
15.298724899999797;0.2237;0.0000;1.4173 
15.346682999999757;0.0000;0.0000;-0.1107 
15.39469520000057;0.2237;0.0000;1.2628 
15.458459499999663;0.0000;0.0000;-0.2652 
15.506489400000646;0.0000;0.0000;0.1545 
15.554757300000347;0.2237;0.0000;-0.1545 
15.602472399999897;0.2237;0.0000;-0.1107 
15.6505728000011;0.0000;0.0000;-1.3734 
15.69843320000109;0.0000;0.0000;0.0000 
15.746555100000478;0.0000;0.0000;-1.2628 
15.794573299999684;0.2237;0.0000;0.0000 
15.842836499999976;0.2237;0.0000;-1.3734 
15.90631250000115;-0.2237;0.0000;-0.1107 
15.954454700000497;0.0000;0.0000;1.6825 
16.0024910000011;0.2237;0.0000;0.0000 
16.05044160000034;0.2237;0.0000;0.0438 
16.09865119999995;0.2237;0.0000;-0.2652 
16.146671700000297;0.0000;0.0000;0.0438 
16.194429400000445;0.4474;0.0000;1.5718 
16.242702100000315;0.0000;0.0000;-0.2214 
16.29070370000045;0.0000;0.0000;0.1545 
16.338528100000985;0.0000;0.0000;0.3090 
16.38656980000087;0.2237;0.0000;0.0000 
16.43453260000024;-0.2237;0.0000;0.0438 
16.482436700000108;0.0000;0.0000;0.2652 
16.530648400001155;-0.2237;0.0000;0.1545 
16.59462490000078;0.2237;0.0000;-1.4611 
16.642403900001227;-0.4474;0.0000;0.0438 
16.690501900000527;0.0000;0.0000;0.3759 
16.738509200000408;0.0000;0.0000;0.0000 
16.786594100000002;0.0000;0.0000;0.0000 
16.83453340000051;0.0000;0.0000;0.1545 
16.882644400000572;0.4474;0.0000;-1.4173 
16.931122900001355;0.0000;0.0000;1.1959 
16.978472700000566;0.0000;0.0000;0.0000 
17.026440300000104;0.2237;0.0000;1.5718 
17.074601500000426;0.0000;0.0000;-0.2652 
17.122487300001012;-0.2237;0.0000;0.0000 
17.170723799999905;0.0000;0.0000;0.1107 
17.21865770000113;0.0000;0.0000;1.2628 
17.282394699999713;-0.2237;0.0000;0.1545 
17.330321800000092;-0.2237;0.0000;1.6825 
17.378546100000676;0.2237;0.0000;0.2652 
17.426610900000014;0.2237;0.0000;-0.1107 
17.474520900001153;0.0000;0.0000;1.4611 
17.522837100001198;0.2237;0.0000;0.1545 
17.570707000000766;0.0000;0.0000;1.3066 
17.61860440000055;0.0000;0.0000;0.0000 
17.66689840000072;-0.2237;0.0000;0.1545 
17.730290600000444;-0.2237;0.0000;-0.0438 
17.778318599999693;0.2237;0.0000;1.5280 
17.826468000001114;0.2237;0.0000;-0.1107 
17.874479500000234;0.0000;0.0000;0.0438 
17.92246669999986;0.4474;0.0000;0.1545 
17.97080939999978;-0.2237;0.0000;-1.7931 
18.01866080000036;0.0000;0.0000;0.1107 
18.066695100000288;-0.2237;0.0000;1.5718 
18.114440999999715;-0.2237;0.0000;-1.3066 
18.162585000000036;0.0000;0.0000;0.1107 
18.226493300000584;-0.2237;0.0000;0.0000 
18.274546399999963;0.0000;0.0000;1.8370 
18.322836900000766;0.2237;0.0000;0.1545 
18.370758700000806;0.2237;0.0000;-1.6825 
18.418603600001006;-0.2237;0.0000;-0.2652 
18.46654900000067;0.0000;0.0000;0.2652 
18.51443459999973;0.2237;0.0000;-1.4173 
18.562477700001182;0.0000;0.0000;-0.1107 
18.61052380000001;0.2237;0.0000;-1.4173 
18.658444300001065;0.0000;0.0000;-1.5280 
18.706453500000862;0.4474;0.0000;0.1545 
18.75465340000119;0.2237;0.0000;-0.0669 
18.80268419999993;0.0000;0.0000;1.4611 
18.86646980000114;0.0000;0.0000;-0.1545 
18.914585700000316;0.0000;0.0000;0.1545 
18.962449100001322;-0.2237;0.0000;0.1545 
19.010467000000062;-0.4474;0.0000;0.1107 
19.05859690000034;-0.4474;0.0000;0.6849 
19.106533500000296;0.2237;0.0000;0.2214 
19.154585000000225;0.0000;0.0000;-0.1107 
19.202557000000525;0.2237;0.0000;-1.2628 
19.250782200000685;0.2237;0.0000;-0.1107 
19.298748299999716;0.0000;0.0000;-1.3734 
19.362663600000815;0.2237;0.0000;-0.1545 
19.41062090000014;0.0000;0.0000;1.4611 
19.458532900000137;0.0000;0.0000;-1.5718 
19.506703400000333;0.0000;0.0000;1.5718 
19.554797800001325;0.0000;0.0000;0.0000 
19.602600899999743;0.0000;0.0000;-0.3090 
19.65061290000085;0.0000;0.0000;0.0000 
19.69858050000039;-0.2237;0.0000;-0.1545 
19.746798400001353;0.2237;0.0000;0.1107 
19.795013500001005;0.0000;0.0000;0.0438 
19.858267100000376;0.0000;0.0000;0.0000 
19.90641230000074;0.0000;0.0000;0.0000 
19.956968399999823;0.2237;0.0000;0.3090 
20.00252189999992;-0.2237;0.0000;1.4611 
20.050418500000887;0.2237;0.0000;-1.3066 
20.098446400001194;-0.2237;0.0000;-0.2652 
20.146629799999573;0.2237;0.0000;1.6825 
20.194623800000045;0.0000;0.0000;0.0438 
20.242534500001057;0.0000;0.0000;0.0000 
20.290873699999793;0.0000;0.0000;0.1545 
20.338859600000433;0.0000;0.0000;-0.1545 
20.402375600000596;0.2237;0.0000;-0.3090 
20.450410200000988;0.2237;0.0000;1.3066 
20.498294799999712;0.0000;0.0000;-0.1107 
20.546343400001206;0.0000;0.0000;0.0000 
20.594400100000712;0.4474;0.0000;-1.4173 
20.6423020000002;0.2237;0.0000;-0.2214 
20.690518299999894;0.2237;0.0000;-0.1107 
20.738404900001115;0.0000;0.0000;0.0438 
20.786500199999864;0.2237;0.0000;0.1545 
20.834532700000636;0.0000;0.0000;0.1983 
20.88252029999967;-0.2237;0.0000;0.0000 
20.9308058000006;-0.2237;0.0000;0.1107 
20.97877840000001;0.2237;0.0000;0.1107 
21.02709959999993;0.2237;0.0000;0.0438 
21.090287200000603;-0.2237;0.0000;0.0438 
21.140129800000068;0.0000;0.0000;0.4197 
21.186686500001088;0.2237;0.0000;-0.6181 
21.234331100000418;0.0000;0.0000;0.0438 
21.28239770000073;-0.2237;0.0000;-1.4173 
21.330453900000066;0.0000;0.0000;1.6825 
21.378471400001217;0.0000;0.0000;0.1545 
21.4266187000012;0.0000;0.0000;0.1545 
21.474487200001022;0.2237;0.0000;0.0000 
21.52249110000048;0.0000;0.0000;-0.2652 
21.571225600000616;0.0000;0.0000;0.3090 
21.634358500001326;0.0000;0.0000;-0.1545 
21.682324900000822;0.2237;0.0000;-0.1545 
21.730485600000975;0.0000;0.0000;-0.1107 
21.778451600001063;0.2237;0.0000;1.4173 
21.826444000000265;0.0000;0.0000;0.0438 
21.874501100000998;0.0000;0.0000;0.1545 
21.92254959999991;0.4474;0.0000;0.1545 
21.97055890000047;0.0000;0.0000;-0.2214 
22.018458599999576;0.0000;0.0000;1.4173 
22.06656920000023;0.2237;0.0000;0.3090 
22.114556900000025;-0.4474;0.0000;0.0438 
22.162725500000306;0.0000;0.0000;0.2214 
22.22628960000111;0.2237;0.0000;-1.4173 
22.274235700000645;0.0000;0.0000;0.1983 
22.322491799999625;0.0000;0.0000;1.7263 
22.370399600000383;0.0000;0.0000;1.2628 
22.41856960000041;-0.4474;0.0000;-1.2628 
22.466515000000072;-0.2237;0.0000;0.2214 
22.514592400000765;0.2237;0.0000;0.2652 
22.56259140000111;-0.2237;0.0000;1.1521 
22.610436000000846;0.0000;0.0000;0.1107 
22.658649500001047;0.0000;0.0000;-1.5718 
22.72234709999975;0.2237;0.0000;-0.1545 
22.770396100000653;0.0000;0.0000;0.0438 
22.81840480000028;0.0000;0.0000;-1.5718 
22.866473600000973;0.2237;0.0000;0.1545 
22.91436700000122;0.0000;0.0000;-0.1107 
22.962659800001347;0.2237;0.0000;0.0000 
23.01041869999972;-0.4474;0.0000;0.0438 
23.058554500001264;0.0000;0.0000;0.2214 
23.1064963000008;-0.2237;0.0000;0.3090 
23.154847800000425;0.2237;0.0000;0.1107 
23.20254660000137;0.0000;0.0000;-0.1107 
23.251010300000416;0.0000;0.0000;0.0000 
23.298491499999727;0.0000;0.0000;0.0000 
23.346743699999934;0.2237;0.0000;0.0000 
23.3945504000003;0.0000;0.0000;-1.3734 
23.44270239999969;0.0000;0.0000;0.0000 
23.49069430000054;0.2237;0.0000;0.0000 
23.554323700000168;-0.2237;0.0000;-0.2652 
23.6024553999996;0.4474;0.0000;1.6825 
23.65043870000045;0.0000;0.0000;-0.2214 
23.69880700000067;-0.2237;0.0000;0.1545 
23.746497800000725;0.0000;0.0000;-0.0438 
23.795136500000808;0.0000;0.0000;0.1545 
23.84266100000059;0.2237;0.0000;-0.1545 
23.8905821999997;2.2374;0.0000;1.3066 
23.938858299999993;-11.9414;0.0000;1.6764 
24.002704800001084;1.5660;0.0000;1.6047 
24.05068240000037;-3.3572;0.0000;-14.5128 
24.098439000001235;-3.5813;0.0000;4.4962 
24.14662169999974;-2.6852;0.0000;9.3987 
24.194664000000557;-6.5007;0.0000;-4.7345 
24.25844529999995;-8.9841;0.0000;-6.9218 
24.30659689999993;-9.2106;0.0000;3.9098 
24.354441299999962;-11.7129;0.0000;-1.6431 
24.418339800000467;-14.9315;0.0000;-3.5618 
24.46648129999994;-11.0284;0.0000;-9.5342 
24.514567800000805;-17.7288;0.0000;0.0435 
24.578400500000498;-16.0922;0.0000;1.7481 
24.626540400000522;-20.3318;0.0000;-5.8632 
24.690266300000076;-18.4347;0.0000;-0.4917 
24.738436999999976;-17.9638;0.0000;-2.5211 
24.786557400000675;-20.3318;0.0000;-7.5667 
24.85084530000131;-23.4662;0.0000;1.9437 
24.898546200000055;-20.3318;0.0000;-4.4297 
24.962272000000667;-22.9794;0.0000;-4.3303 
25.01043430000027;-23.9548;0.0000;-7.1701 
25.05865950000043;-23.7103;0.0000;3.4727 
25.122327900000528;-22.9794;0.0000;-4.3090 
25.170777799999996;-24.9377;0.0000;-7.4432 
25.21868960000029;-24.4453;0.0000;-4.1534 
25.282667100000253;-25.9284;0.0000;-13.0743 
25.33071899999959;-26.4269;0.0000;4.8426 
25.394326400000864;-25.6800;0.0000;-3.4160 
25.442701500000112;-26.4269;0.0000;-6.6212 
25.49117230000047;-26.1774;0.0000;-5.1782 
25.55433350000021;-25.1846;0.0000;-3.1971 
25.602607500000886;-25.9284;0.0000;-2.6134 
25.66675580000083;-27.1787;0.0000;-1.9025 
25.71454150000136;-21.2890;0.0000;-6.0511 
25.76253910000014;-23.2226;0.0000;2.5838 
25.826409700001022;-22.2524;0.0000;17.8817 
25.874490300000616;-18.6707;0.0000;-25.3335 
25.938194199999998;-15.3950;0.0000;5.3708 
25.986454500000036;-14.7001;0.0000;-6.4698 
26.03449340000043;-12.6282;0.0000;9.8772 
26.082609400000365;-8.9841;0.0000;-9.0875 
26.146364500000345;-8.0793;0.0000;16.7655 
26.194514300001174;-1.1185;0.0000;-14.0282 
26.242571700000553;3.3572;0.0000;-1.5583 
26.290668900001037;8.5314;0.0000;-2.7961 
26.338581300000442;8.9841;0.0000;-9.1995 
26.40242130000115;14.7001;0.0000;-35.5482 
26.450650200000382;13.7770;0.0000;24.9144 
26.498685399999886;16.5584;0.0000;-5.1838 
26.546574600000895;15.3950;0.0000;8.2714 
26.594839400000637;20.8096;0.0000;-1.0416 
26.658558099999937;25.4320;0.0000;-2.6794 
26.706389000000854;22.9794;0.0000;-9.7152 
26.75458230000004;23.9548;0.0000;-5.0038 
26.802727300000697;26.6770;0.0000;4.9357 
26.850830600000336;24.1998;0.0000;-0.9601 
26.914301400000113;26.9276;0.0000;-0.9791 
26.962541099999726;28.6979;0.0000;3.5616 
27.01051340000049;24.6912;0.0000;10.2843 
27.058540500000163;27.4305;0.0000;2.6865 
27.1222484000009;27.9357;0.0000;-3.4773 
27.17076690000067;26.6770;0.0000;3.7070 
27.218311200000244;27.4305;0.0000;2.9131 
27.266552400000364;27.9357;0.0000;6.6187 
27.314341299999796;28.1892;0.0000;5.4738 
27.36252030000105;27.4305;0.0000;4.9994 
27.410604100001365;27.6828;0.0000;5.5491 
27.45870670000113;27.6828;0.0000;4.3562 
27.52229840000109;27.1787;0.0000;5.9495 
27.570380000001023;27.9357;0.0000;5.8483 
27.618614200000593;27.4305;0.0000;2.4635 
27.666495400000713;28.1892;0.0000;6.6187 
27.714711500000703;27.1787;0.0000;4.9994 
27.762566100000186;27.4305;0.0000;3.0138 
27.810571100000743;27.9357;0.0000;6.7926 
27.874476799999684;27.6828;0.0000;2.4646 
27.922561499999574;27.1787;0.0000;4.7295 
27.97062670000014;25.4320;0.0000;-1.0364 
28.01869220000117;25.9284;0.0000;3.5665 
28.066405300000042;22.4943;0.0000;-3.7671 
28.13055859999986;19.6178;0.0000;-10.2677 
28.178536900000836;19.1435;0.0000;-4.4977 
28.2266510999998;20.0934;0.0000;11.0691 
28.290341900001295;14.2381;0.0000;7.2997 
28.33836650000012;14.0074;0.0000;-8.8679 
28.38639830000102;7.1766;0.0000;2.7358 
28.434567000000243;7.8535;0.0000;-5.6807 
28.48235680000107;4.7026;0.0000;6.5847 
28.53046340000037;2.6852;0.0000;3.2917 
28.5785577000006;0.6711;0.0000;-5.4265 
28.642356700000164;-3.3572;0.0000;9.1270 
28.69059560000096;-4.7026;0.0000;-29.0607 
28.738419500001328;-8.7577;0.0000;37.0598 
28.786470500001087;-6.0507;0.0000;-9.5967 
28.850361700000576;-14.2381;0.0000;7.3339 
28.89870410000003;-11.9414;0.0000;-6.0886 
28.962185500000487;-17.0257;0.0000;8.7677 
29.010540900000706;-18.1991;0.0000;-3.6596 
29.058695900001112;-20.0934;0.0000;-8.4256 
29.122299399999974;-20.5705;0.0000;6.7425 
29.170525100000305;-23.2226;0.0000;-12.7005 
29.23422180000125;-22.7366;0.0000;-9.2170 
29.2822883000008;-21.7699;0.0000;2.2967 
29.330598700000337;-21.5292;0.0000;3.4036 
29.394651300000987;-24.1998;0.0000;-0.8001 
29.442693000000872;-24.1998;0.0000;-1.1691 
29.506343500001094;-23.2226;0.0000;-4.4036 
29.554345399999875;-23.7103;0.0000;-6.4734 
29.603154700000232;-22.7366;0.0000;-1.8108 
29.66653039999983;-23.9548;0.0000;-3.0378 
29.714624899999762;-23.4662;0.0000;-4.3563 
29.778182500000185;-23.4662;0.0000;-5.1048 
29.82664560000012;-23.4662;0.0000;-3.5183 
29.874423900000693;-23.4662;0.0000;0.3958 
29.938808900000367;-19.8554;0.0000;14.5005 
29.986347600000954;-9.2106;0.0000;52.2525 
30.0343627000002;-9.4373;0.0000;-2.5972 
30.082666100001006;8.0793;0.0000;3.6459 
30.146265700001095;4.7026;0.0000;26.3616 
30.19458880000093;12.3991;0.0000;-83.0222 
30.24278299999969;15.8595;0.0000;-6.6811 
30.29097449999972;12.3991;0.0000;-6.3577 
30.354350200001136;14.2381;0.0000;-3.8657 
30.40245160000086;12.6282;0.0000;-8.5505 
30.450870800001212;13.7770;0.0000;5.7846 
30.498581200001354;11.9414;0.0000;4.7405 
30.56237140000121;14.0074;0.0000;-0.1786 
30.61067860000003;11.9414;0.0000;5.2543 
30.65840879999996;12.6282;0.0000;-1.4381 
30.706881400001294;12.6282;0.0000;1.5323 
30.754454400001123;11.0284;0.0000;6.4115 
30.818638300001112;11.7129;0.0000;-3.5092 
30.866564500000095;11.4846;0.0000;6.8633 
30.91449400000056;10.1182;0.0000;-4.8340 
30.962652000000162;9.8911;0.0000;1.6689 
31.010674000001018;8.9841;0.0000;3.9897 
31.058535199999824;8.7577;0.0000;1.9168 
31.106620100001237;7.6277;0.0000;-2.0549 
31.154652799999894;8.3053;0.0000;0.7010 
31.202735300001223;4.2539;0.0000;5.5676 
31.266286400001263;6.0507;0.0000;-12.2333 
31.314438400000654;4.4782;0.0000;4.8169 
31.36232850000124;3.5813;0.0000;7.0363 
31.410336599999937;4.4782;0.0000;-6.8500 
31.458275500001037;3.5813;0.0000;0.2579 
31.506481899999926;3.3572;0.0000;0.7017 
31.554380800000217;0.8948;0.0000;4.1367 
31.602476199999728;2.4613;0.0000;-9.5927 
31.650612999999794;0.6711;0.0000;2.3893 
31.69860979999976;1.7898;0.0000;-4.6114 
31.74670640000113;-1.1185;0.0000;6.5109 
31.794642300001215;-0.2237;0.0000;-6.6891 
31.85824110000067;-2.0136;0.0000;4.8537 
31.906555100000332;-3.3572;0.0000;-3.6698 
31.954525700000886;-3.1331;0.0000;-0.3747 
32.0026725000007;-4.4782;0.0000;0.8039 
32.05067539999982;-5.3763;0.0000;-7.8100 
32.114571400001296;-5.8258;0.0000;7.1408 
32.1626140999997;-6.5007;0.0000;-5.7046 
32.21041580000019;-6.0507;0.0000;-3.0027 
32.258382600000914;-8.5314;0.0000;-1.1691 
32.32233280000037;-9.6641;0.0000;8.7295 
32.370597000001;-9.6641;0.0000;-11.3464 
32.41854860000058;-11.4846;0.0000;6.2980 
32.48252719999982;-11.7129;0.0000;-6.0308 
32.530515899999955;-13.3169;0.0000;-1.0356 
32.59428370000023;-13.0871;0.0000;-0.5576 
32.642735999999786;-14.2381;0.0000;-4.2991 
32.69072860000051;-14.0074;0.0000;-2.7899 
32.75421989999995;-15.8595;0.0000;3.8643 
32.80252290000135;-14.9315;0.0000;-17.7397 
32.85072840000066;-16.3252;0.0000;10.7687 
32.914576600000146;-16.7919;0.0000;-15.7950 
32.96246369999972;-16.5584;0.0000;-8.5152 
33.026297200000045;-17.7288;0.0000;9.7971 
33.074416100000235;-18.1991;0.0000;-1.7796 
33.12253880000026;-20.3318;0.0000;-10.0522 
33.18657480000002;-20.3318;0.0000;-6.3258 
33.234436700000515;-21.5292;0.0000;1.0246 
33.29852050000045;-21.0491;0.0000;-3.5563 
33.34646249999969;-21.7699;0.0000;-6.0396 
33.394399099999646;-22.9794;0.0000;3.5718 
33.45826190000116;-22.4943;0.0000;-7.5057 
33.50675770000089;-24.1998;0.0000;-1.3328 
33.55454210000062;-24.1998;0.0000;-7.2387 
33.61866829999963;-25.6800;0.0000;-3.8336 
33.66671940000015;-25.1846;0.0000;-8.9016 
33.73044680000021;-26.1774;0.0000;2.7124 
33.77870410000105;-27.1787;0.0000;-13.6340 
33.82645810000031;-26.9276;0.0000;2.2813 
33.89041530000031;-27.4305;0.0000;-12.0179 
33.93836850000116;-27.1787;0.0000;-1.9974 
34.00228100000095;-25.9284;0.0000;-7.6162 
34.05050420000043;-28.4432;0.0000;-4.1584 
34.09868869999991;-28.1892;0.0000;-4.3319 
34.16233420000026;-27.6828;0.0000;-5.5235 
34.21056260000114;-27.6828;0.0000;0.4202 
34.274328700001206;-26.6770;0.0000;8.8881 
34.322287300001335;-26.9276;0.0000;-4.7646 
34.37076890000026;-24.6912;0.0000;-17.9064 
34.43435630000022;-24.4453;0.0000;5.9307 
34.48245060000045;-23.7103;0.0000;-6.7804 
34.5305900000003;-20.5705;0.0000;-5.8945 
34.594551400001365;-22.0110;0.0000;-1.7785 
34.64257030000044;-22.4943;0.0000;-0.8134 
34.70626960000118;-20.5705;0.0000;-7.0015 
34.754300200000216;-16.7919;0.0000;-10.7353 
34.80317810000088;-17.2597;0.0000;15.6916 
34.86690290000115;-14.2381;0.0000;-13.4342 
34.91464220000125;-15.8595;0.0000;16.5475 
34.97837530000106;-10.1182;0.0000;-29.5381 
35.02657460000046;-11.2564;0.0000;20.5406 
35.090525499999785;-9.8911;0.0000;-23.1537 
35.13829790000091;-9.4373;0.0000;1.3670 
35.18670580000071;-7.6277;0.0000;-2.9534 
35.234418600000936;-5.1516;0.0000;-9.6877 
35.298213100000794;-6.7259;0.0000;7.3401 
35.34649780000109;-4.9271;0.0000;-6.2110 
35.39431460000014;-3.8054;0.0000;4.8355 
35.4427083999999;-3.8054;0.0000;5.2336 
35.49068930000067;-2.2374;0.0000;-8.4771 
35.55442260000018;-0.2237;0.0000;3.9686 
35.60270700000001;0.0000;0.0000;-2.0792 
35.650485899999694;0.4474;0.0000;0.7998 
35.698459100000036;0.2237;0.0000;-1.6386 
35.746384100000796;1.5660;0.0000;-1.0644 
35.79450209999959;0.8948;0.0000;15.8995 
35.84257620000062;2.9091;0.0000;-9.2836 
35.90637109999989;3.5813;0.0000;11.1117 
35.95444800000041;3.1331;0.0000;-3.0611 
36.002661599999556;6.0507;0.0000;-3.3516 
36.050346199999694;5.1516;0.0000;12.0590 
36.098340200000166;6.9512;0.0000;-5.9223 
36.14671360000102;7.1766;0.0000;7.1879 
36.19466360000115;7.4021;0.0000;3.9294 
36.242517900000166;8.3053;0.0000;-1.3852 
36.2906894000007;9.2106;0.0000;4.7744 
36.338362500000585;10.1182;0.0000;-1.1863 
36.402472699999635;10.3455;0.0000;-3.6876 
36.450273800001014;9.4373;0.0000;7.6973 
36.49888160000046;12.3991;0.0000;3.2633 
36.546655300000566;13.0871;0.0000;0.0691 
36.59477820000029;13.3169;0.0000;4.9236 
36.642489699999715;14.9315;0.0000;4.6635 
36.70623290000003;13.3169;0.0000;3.5461 
36.75434580000001;15.3950;0.0000;-5.2590 
36.80230990000018;14.4690;0.0000;9.9444 
36.850460400000884;15.1631;0.0000;0.9393 
36.89863610000066;17.7288;0.0000;-0.6395 
36.94661420000011;16.3252;0.0000;5.7950 
37.01051300000108;17.4941;0.0000;2.1034 
37.058505900000455;16.3252;0.0000;6.8727 
37.10660260000077;18.4347;0.0000;-4.0501 
37.1546959999996;17.7288;0.0000;8.0286 
37.202847599999586;18.9069;0.0000;1.8939 
37.26649329999964;19.6178;0.0000;5.6135 
37.314392500000395;18.6707;0.0000;7.9324 
37.36226809999971;20.0934;0.0000;0.8835 
37.41052740000123;19.3805;0.0000;5.6270 
37.45841649999966;20.5705;0.0000;-2.4685 
37.50664239999969;19.8554;0.0000;9.5348 
37.57044660000065;19.3805;0.0000;-1.9438 
37.61832649999997;17.0257;0.0000;5.8724 
37.66658439999992;17.7288;0.0000;-2.2890 
37.71459930000128;18.6707;0.0000;1.1269 
37.762640799999645;18.6707;0.0000;10.1469 
37.8264319000009;15.1631;0.0000;-6.4676 
37.8745056000007;17.7288;0.0000;-6.9210 
37.92241140000078;13.3169;0.0000;11.7666 
37.98633780000091;15.3950;0.0000;-12.1875 
38.03428960000019;12.6282;0.0000;17.4916 
38.08252569999968;13.5468;0.0000;-1.9362 
38.13054100000045;13.0871;0.0000;5.8082 
38.17856010000105;11.7129;0.0000;3.9811 
38.24251430000004;11.4846;0.0000;-3.6904 
38.290430500001094;11.7129;0.0000;3.9837 
38.33865130000049;10.3455;0.0000;1.9797 
38.38643899999988;10.1182;0.0000;8.9570 
38.43459830000029;10.5730;0.0000;-2.7401 
38.482553499999995;8.7577;0.0000;0.1829 
38.530766400001085;8.9841;0.0000;0.4546 
38.59430690000045;6.7259;0.0000;-1.8562 
38.64242310000009;8.0793;0.0000;-1.0496 
38.6905966000013;4.9271;0.0000;7.0962 
38.738359000000855;5.1516;0.0000;5.0638 
38.78638850000061;4.2539;0.0000;1.6522 
38.834892099999706;4.2539;0.0000;-6.7180 
38.88248940000085;3.8054;0.0000;1.7867 
38.93082099999992;3.1331;0.0000;0.9005 
38.9786593000008;2.4613;0.0000;-2.5300 
39.02650900000117;1.1185;0.0000;1.2811 
39.07453549999991;0.4474;0.0000;-0.2444 
39.12238830000024;0.2237;0.0000;0.2422 
39.170426300001054;-0.2237;0.0000;-0.1107 
39.23420270000133;-1.5660;0.0000;-9.8119 
39.28227580000021;-2.6852;0.0000;1.1110 
39.33040450000044;-2.2374;0.0000;-1.3254 
39.378606899999795;-4.7026;0.0000;0.2059 
39.42659210000056;-4.9271;0.0000;2.0440 
39.49045920000026;-4.7026;0.0000;3.7525 
39.53825330000109;-4.7026;0.0000;-6.9018 
39.586778400000185;-4.9271;0.0000;-2.0080 
39.63446130000011;-6.2757;0.0000;0.1421 
39.682640700000775;-7.1766;0.0000;6.3411 
39.74630810000053;-7.8535;0.0000;-4.2413 
39.79443230000106;-9.8911;0.0000;7.7453 
39.84249650000129;-8.3053;0.0000;-7.6186 
39.890619400001015;-8.9841;0.0000;-5.5681 
39.954267600000094;-10.1182;0.0000;1.2311 
40.00246750000042;-11.0284;0.0000;-8.2815 
40.05061290000049;-12.1702;0.0000;3.5087 
40.11451970000053;-11.4846;0.0000;-6.9534 
40.16269910000119;-14.0074;0.0000;1.6865 
40.21088340000097;-15.8595;0.0000;2.9255 
40.27445439999974;-13.5468;0.0000;-14.1088 
40.322761999999784;-17.2597;0.0000;13.4144 
40.38645780000115;-17.4941;0.0000;-19.1365 
40.434628500001054;-16.5584;0.0000;-4.1733 
40.498246900000595;-19.1435;0.0000;20.1575 
40.546817000000374;-18.1991;0.0000;-18.8148 
40.61054289999993;-20.3318;0.0000;15.2991 
40.658367899999575;-20.0934;0.0000;-10.0434 
40.72225470000012;-19.6178;0.0000;-9.4429 
40.77044089999981;-19.3805;0.0000;-2.4261 
40.81848910000008;-19.1435;0.0000;-1.6195 
40.88234110000121;-19.6178;0.0000;-14.8244 
40.9306370000013;-20.3318;0.0000;8.0904 
40.99433490000047;-19.8554;0.0000;-10.4013 
41.04245000000083;-22.0110;0.0000;3.1258 
41.090518000000884;-21.2890;0.0000;-14.4022 
41.154309400000784;-22.2524;0.0000;9.3380 
41.20250920000035;-21.0491;0.0000;-10.9481 
41.26653550000083;-21.2890;0.0000;8.1353 
41.314526100000876;-21.7699;0.0000;-7.3387 
41.36258230000021;-22.2524;0.0000;-1.5976 
41.42638860000079;-18.6707;0.0000;-3.5290 
41.47448609999992;-19.8554;0.0000;-3.8835 
41.52256409999973;-18.4347;0.0000;5.8676 
41.58643579999989;-14.9315;0.0000;5.8957 
41.6344554999996;-14.7001;0.0000;4.6412 
41.68256020000081;-7.8535;0.0000;-4.7782 
41.74662950000129;-11.7129;0.0000;-10.6687 
41.79480560000047;-7.4021;0.0000;-16.4699 
41.84245790000023;-0.6711;0.0000;-8.8885 
41.906343200000265;-3.5813;0.0000;-15.9655 
41.95431540000027;-1.7898;0.0000;12.1847 
42.00261479999972;0.0000;0.0000;-7.4652 
42.05060080000112;2.6852;0.0000;-9.3045 
42.09833290000097;1.7898;0.0000;-3.7268 
42.146438800000396;1.5660;0.0000;-4.5210 
42.21023750000131;2.9091;0.0000;-7.7352 
42.258458399999654;5.6010;0.0000;3.8688 
42.30636770000092;2.6852;0.0000;0.3455 
42.354531200000565;2.4613;0.0000;-11.7418 
42.40246699999989;2.0136;0.0000;15.3009 
42.450549500001216;-0.2237;0.0000;0.2399 
42.49855100000059;6.5007;0.0000;-25.2500 
42.562280199999805;0.4474;0.0000;50.8035 
42.610290700000405;0.6711;0.0000;-8.1086 
42.65844620000098;-0.4474;0.0000;11.3168 
42.706430700000055;-0.2237;0.0000;-8.1294 
42.754361999999674;0.2237;0.0000;-0.5074 
42.80261799999971;0.8948;0.0000;-0.1107 
42.85077009999986;0.0000;0.0000;-0.5972 
42.898522100000264;0.0000;0.0000;-0.1545 
42.96214830000099;0.2237;0.0000;1.7263 
43.0104510000001;0.0000;0.0000;1.1521 
43.05822670000089;0.0000;0.0000;0.0000 
43.106563900000765;0.2237;0.0000;0.0000 
43.15423660000124;0.2237;0.0000;0.0438 
43.20249960000001;-0.2237;0.0000;0.1983 
43.250343699999576;0.2237;0.0000;0.1107 
43.29836609999984;0.2237;0.0000;-1.6825 
43.34650420000071;0.2237;0.0000;-0.4197 
43.3944234999999;0.2237;0.0000;0.0438 
43.44269239999994;0.2237;0.0000;-0.1107 
43.49044590000085;0.0000;0.0000;-0.1107 
43.53868440000042;0.2237;0.0000;0.0000 
43.586550300000454;0.2237;0.0000;0.0438 
43.634345000000394;0.2237;0.0000;0.0438 
43.68284120000135;0.2237;0.0000;1.4611 
43.74643930000093;0.4474;0.0000;0.0438 
43.79442639999979;0.2237;0.0000;-0.3759 
43.84227070000088;0.4474;0.0000;-1.5280 
43.89053969999986;0.0000;0.0000;-0.3759 
43.93831440000031;0.2237;0.0000;0.0000 
43.98644830000012;0.2237;0.0000;-0.1107 
44.034397100000206;0.0000;0.0000;0.0438 
44.08259739999994;-0.2237;0.0000;1.7263 
44.13085620000129;0.2237;0.0000;0.2652 
44.17843069999981;0.0000;0.0000;-1.2189 
44.22636899999998;0.0000;0.0000;-0.1545 
44.274565200001234;0.0000;0.0000;0.0000 
44.33810480000102;-0.2237;0.0000;0.0000 
44.38632309999957;0.2237;0.0000;-1.3066 
44.43440340000052;0.0000;0.0000;0.0438 
44.48228350000136;0.0000;0.0000;0.0000 
44.53059580000081;0.0000;0.0000;0.0000 
44.57830170000125;0.0000;0.0000;0.0000 
44.62636100000054;0.4474;0.0000;-1.2628 
44.67446580000069;0.2237;0.0000;-0.0669 
44.72232079999958;0.0000;0.0000;-1.5280 
44.77050539999982;0.0000;0.0000;0.0000 
44.81834730000082;0.2237;0.0000;0.1545 
44.86664920000112;0.2237;0.0000;0.0438 
44.91487320000124;-0.2237;0.0000;1.1521 
44.962573700000576;0.4474;0.0000;0.2652 
45.01065910000034;0.2237;0.0000;-0.2214 
45.05867770000077;0.2237;0.0000;1.1521 
45.10645590000058;0.0000;0.0000;-1.5280 
45.154516700000386;-0.2237;0.0000;0.3090 
45.21815349999997;0.0000;0.0000;0.2652 
45.26622580000003;-0.2237;0.0000;0.0000 
45.314647299999706;0.0000;0.0000;-0.0438 
45.362564299999576;0.2237;0.0000;-1.5718 
45.41070779999973;0.2237;0.0000;-0.2652 
45.45878160000029;0.0000;0.0000;0.0438 
45.50671890000012;-0.2237;0.0000;0.0000 
45.57034999999996;0.2237;0.0000;-0.0438 
45.61835810000048;0.0000;0.0000;-0.2652 
45.66632870000103;0.0000;0.0000;0.1545 
45.7144741000011;0.2237;0.0000;0.3090 
45.762419800001226;0.2237;0.0000;-0.1107 
45.810592600000746;0.0000;0.0000;-0.1107 
45.858438500001284;0.2237;0.0000;-0.1545 
45.906942400000844;0.2237;0.0000;-0.2652 
45.95449510000071;0.0000;0.0000;-0.1107 
46.00231850000091;0.2237;0.0000;1.4173 
46.050722199999655;0.2237;0.0000;0.0438 
46.09869090000029;0.2237;0.0000;0.0438 
46.14658750000126;0.0000;0.0000;-0.1107 
46.210210400000506;-0.2237;0.0000;-1.5718 
46.25844739999957;-0.6711;0.0000;0.2652 
46.306597599999805;-0.4474;0.0000;1.9038 
46.35433770000054;0.2237;0.0000;-0.8869 
46.402323199999955;0.0000;0.0000;0.0438 
46.45053220000045;0.0000;0.0000;0.0000 
46.4985398000008;0.2237;0.0000;0.1545 
46.546592800001235;0.0000;0.0000;0.0438 
46.59467109999969;0.0000;0.0000;0.0000 
46.642404800000804;0.2237;0.0000;-1.2628 
46.70617980000134;0.0000;0.0000;-0.1107 
46.75434510000014;-0.2237;0.0000;0.1545 
46.80229710000094;0.2237;0.0000;0.2652 
46.850230199999714;0.4474;0.0000;0.0438 
46.89824910000061;-0.2237;0.0000;1.1959 
46.946796500000346;0.4474;0.0000;-1.4611 
46.99436120000064;0.0000;0.0000;-1.7931 
47.042257099999915;0.2237;0.0000;0.1545 
47.090541600000506;0.4474;0.0000;-0.1107 
47.138314300000275;0.2237;0.0000;-0.0669 
47.186646800000744;0.0000;0.0000;0.0438 
47.23431890000029;0.2237;0.0000;0.1545 
47.28233639999962;0.0000;0.0000;-0.2652 
47.33063630000106;0.2237;0.0000;0.0000 
47.37856079999983;0.4474;0.0000;0.0438 
47.44290900000124;0.4474;0.0000;-0.2214 
47.49033059999965;0.0000;0.0000;-0.2214 
47.5383350000011;-0.8948;0.0000;0.1545 
47.586280200001056;0.0000;0.0000;0.5972 
47.63431000000128;-0.2237;0.0000;0.0000 
47.68240760000117;-0.2237;0.0000;0.1107 
47.73040720000063;0.0000;0.0000;1.5280 
47.778547800000524;0.0000;0.0000;-0.1545 
47.82662580000033;-0.2237;0.0000;0.0000 
47.875094300001365;0.2237;0.0000;0.5742 
47.93824669999958;0.2237;0.0000;-0.1107 
47.986251000000266;0.2237;0.0000;-1.5280 
48.03435239999999;-0.2237;0.0000;1.1521 
48.08252999999968;0.0000;0.0000;1.6825 
48.13063239999974;0.2237;0.0000;0.0000 
48.1782089999997;0.4474;0.0000;1.3066 
48.22632750000048;0.4474;0.0000;-0.0669 
48.27444760000071;0.0000;0.0000;1.3504 
48.32283800000005;0.0000;0.0000;0.0000 
48.37039580000055;0.2237;0.0000;0.0000 
48.418472100000145;0.0000;0.0000;-1.5280 
48.467935800001214;0.0000;0.0000;0.1545 
48.51431159999993;0.0000;0.0000;0.0000 
48.57814090000102;0.2237;0.0000;-0.1545 
48.62628399999994;0.2237;0.0000;-0.1107 
48.674468799999886;0.0000;0.0000;-0.2652 
48.72228650000034;0.2237;0.0000;0.0000 
48.770435800000996;0.0000;0.0000;0.0438 
48.81834549999985;0.2237;0.0000;0.1545 
48.866417700000966;0.0000;0.0000;-0.1107 
48.91443860000072;0.2237;0.0000;0.0000 
48.9623057000008;0.2237;0.0000;1.3066 
49.01056570000037;-0.2237;0.0000;1.4611 
49.058482399999775;0.0000;0.0000;1.5280 
49.10666990000027;0.0000;0.0000;0.0000 
49.15442079999957;0.0000;0.0000;0.1545 
49.20257529999981;0.0000;0.0000;0.1545 
49.25079829999959;0.0000;0.0000;0.0000 
49.2985733000005;0.0000;0.0000;0.0000 
49.36231070000031;-0.2237;0.0000;0.1545 
49.41053590000047;0.4474;0.0000;-1.1521 
49.45836070000041;0.2237;0.0000;-1.9477 
49.50657810000121;0.0000;0.0000;-1.6825 
49.554306500000166;0.0000;0.0000;-1.2628 
49.602420999999595;0.0000;0.0000;0.0000 
49.6506817999998;0.0000;0.0000;0.0000 
49.69842570000037;0.2237;0.0000;0.4635 
49.74647230000119;0.0000;0.0000;-0.1107 
49.79454580000129;-0.2237;0.0000;-1.2628 
49.84260560000075;0.0000;0.0000;1.5280 
49.890372600000774;-0.2237;0.0000;0.1545 
49.954357900000105;0.0000;0.0000;-1.4611 
50.00231470000108;0.0000;0.0000;0.0000 
50.050457800000004;0.0000;0.0000;-1.4173 
50.09861389999969;0.0000;0.0000;-0.1545 
50.14648000000125;0.2237;0.0000;0.0000 
50.19445149999956;-0.2237;0.0000;-0.1107 
50.24237080000057;0.0000;0.0000;-1.1521 
50.29060709999976;0.2237;0.0000;0.0000 
50.338477299999795;-0.2237;0.0000;-0.1107 
50.38636990000123;0.2237;0.0000;0.1107 
50.434332700000596;0.0000;0.0000;-0.1107 
50.482400300001245;0.2237;0.0000;0.3090 
50.54640930000096;0.0000;0.0000;-0.1107 
50.594346400001086;-0.2237;0.0000;0.1545 
50.642310799999905;0.2237;0.0000;0.2652 
50.69017090000125;0.2237;0.0000;0.1983 
50.738281600000846;0.0000;0.0000;-0.1107 
50.78641190000053;0.0000;0.0000;0.0000 
50.834286400000565;0.0000;0.0000;-1.4173 
50.882404800000586;0.0000;0.0000;0.1545 
50.93047690000094;0.0000;0.0000;0.3090 
50.978435300001365;0.2237;0.0000;0.1545 
51.0265556000013;-0.2237;0.0000;-0.1107 
51.07470219999959;0.2237;0.0000;-0.0438 
51.13822450000043;-0.2237;0.0000;-1.2189 
51.18632489999982;0.4474;0.0000;0.1107 
51.23451750000095;0.0000;0.0000;-0.3759 
51.28228710000076;-0.2237;0.0000;1.5718 
51.33050970000113;0.0000;0.0000;1.3734 
51.3784652000013;0.0000;0.0000;0.1545 
51.426526600000216;-0.4474;0.0000;1.4173 
51.474428600000465;0.2237;0.0000;0.3759 
51.52234789999966;0.2237;0.0000;-0.1107 
51.586465899999894;-0.2237;0.0000;-0.1107 
51.63452420000067;0.2237;0.0000;0.2652 
51.68245670000033;-0.2237;0.0000;-0.1107 
51.730585999999676;0.2237;0.0000;-0.0438 
51.778502000001026;-0.2237;0.0000;0.0438 
51.82677630000035;0.2237;0.0000;1.8370 
51.87484070000028;0.0000;0.0000;-0.1107 
51.92257290000089;0.0000;0.0000;-0.1545 
51.98626690000128;-0.2237;0.0000;-0.1545 
52.034327600000324;0.2237;0.0000;0.1107 
52.082458300001235;0.0000;0.0000;0.0438 
52.13038940000115;0.2237;0.0000;1.4173 
52.17842209999981;0.0000;0.0000;1.4611 
52.22651380000025;0.2237;0.0000;-1.5718 
52.27431249999972;0.2237;0.0000;-0.1107 
52.32252990000052;-0.2237;0.0000;-1.5280 
52.37059990000125;0.0000;0.0000;-1.4611 
52.418534600001294;0.0000;0.0000;1.4173 
52.48231260000102;-0.2237;0.0000;0.0000 
52.53032929999972;0.0000;0.0000;0.1107 
52.57821570000124;0.0000;0.0000;-1.2628 
52.626581200000146;0.0000;0.0000;0.0000 
52.67437539999992;0.2237;0.0000;0.1545 
52.7224051000012;0.0000;0.0000;0.0438 
52.77037790000031;0.0000;0.0000;0.0000 
52.81852439999966;0.2237;0.0000;0.0000 
52.86667330000091;0.0000;0.0000;-0.1107 
52.914435599999706;-0.2237;0.0000;0.0000 
52.962420400001065;0.0000;0.0000;-1.3066 
53.01045420000082;0.2237;0.0000;-0.1545 
53.05855760000122;0.0000;0.0000;-0.1107 
53.12225910000052;0.0000;0.0000;-0.3090 
53.1702279000001;0.0000;0.0000;-0.1545 
53.218447000001106;0.4474;0.0000;-0.1545 
53.26645350000035;0.0000;0.0000;-0.0669 
53.31432870000026;0.2237;0.0000;0.0000 
53.36239690000002;0.0000;0.0000;-0.1107 
53.41056110000136;0.0000;0.0000;0.3090 
53.45831790000011;0.0000;0.0000;0.0000 
53.50654829999985;0.0000;0.0000;0.0000 
53.554403699999966;0.2237;0.0000;-0.1545 
53.602601100001266;0.4474;0.0000;1.3066 
53.650488700001006;0.0000;0.0000;-1.6386 
53.698559399999795;0.2237;0.0000;0.1545 
53.74658420000014;0.0000;0.0000;1.3066 
53.79455489999964;0.4474;0.0000;0.1545 
53.84254040000087;0.0000;0.0000;1.1959 
53.90625580000051;0.0000;0.0000;-1.1083 
53.95425950000026;-0.2237;0.0000;-0.1545 
54.00252160000127;0.0000;0.0000;1.9915 
54.050634600000194;0.2237;0.0000;0.0000 
54.09846819999984;0.0000;0.0000;-0.1107 
54.14655820000007;0.0000;0.0000;-1.2628 
54.19438230000014;0.2237;0.0000;0.1545 
54.24228200000107;0.2237;0.0000;-1.2189 
54.29101460000129;0.2237;0.0000;0.1983 
54.33848200000102;0.2237;0.0000;-0.1107 
54.40223420000075;0.2237;0.0000;-0.1107 
54.4501565999999;0.2237;0.0000;0.0438 
54.49828600000001;0.0000;0.0000;-0.2652 
54.54641609999999;0.2237;0.0000;0.1545 
54.59445240000059;0.0000;0.0000;-0.1107 
54.64227010000104;0.2237;0.0000;0.1545 
54.690435000000434;0.2237;0.0000;-0.2652 
54.73850830000083;0.0000;0.0000;0.0438 
54.78654860000097;-0.2237;0.0000;0.0000 
54.83435269999973;0.0000;0.0000;0.2652 
54.88241560000097;0.0000;0.0000;0.0000 
54.930501800001366;0.0000;0.0000;1.4173 
54.978380200000174;0.0000;0.0000;0.0000 
55.02637540000069;0.0000;0.0000;-1.2628 
55.074460400001044;0.2237;0.0000;0.0000 
55.122612500001196;0.2237;0.0000;-1.5280 
55.18627150000066;0.0000;0.0000;-0.1107 
55.2342263999999;0.2237;0.0000;0.3090 
55.2822124000013;0.2237;0.0000;-1.6825 
55.3302934000003;0.0000;0.0000;-0.2652 
55.37834930000099;0.0000;0.0000;1.5718 
55.426703400000406;0.0000;0.0000;0.0000 
55.47459350000099;0.2237;0.0000;-1.5718 
55.5225317000004;0.0000;0.0000;-0.2652 
55.570292000000336;0.0000;0.0000;0.3090 
55.61849710000024;0.2237;0.0000;-0.1545 
55.68211499999961;0.2237;0.0000;-1.5285 
55.73018670000056;0.2237;0.0000;-0.2652 
55.77827780000007;0.2237;0.0000;-1.5285 
55.8263551;0.2237;0.0000;0.0438 
55.87428440000076;0.2237;0.0000;0.0438 
55.92226649999975;0.2237;0.0000;-0.1107 
55.97046760000012;0.0000;0.0000;0.0438 
56.018341599999985;0.4474;0.0000;0.0000 
56.06641000000127;-0.2237;0.0000;-0.2214 
56.114490699999806;0.0000;0.0000;0.2652 
56.16247699999985;0.0000;0.0000;0.0000 
56.21072340000137;0.0000;0.0000;0.1545 
56.258452100000795;-0.2237;0.0000;-0.1545 
56.32216510000035;0.0000;0.0000;0.1107 
56.370186100000865;0.0000;0.0000;0.3090 
56.418300700001055;0.2237;0.0000;-1.5723 
56.46634410000115;0.4474;0.0000;-0.1107 
56.514431900001;-0.2237;0.0000;-0.3759 
56.5623813000002;0.2237;0.0000;-1.1526 
56.610390600000756;0.2237;0.0000;-1.2195 
56.6583139000013;-0.2237;0.0000;-0.1107 
56.70666770000025;0.0000;0.0000;0.2652 
56.7543665000012;0.0000;0.0000;1.4178 
56.818448300000455;0.0000;0.0000;1.8813 
56.86638550000134;0.2237;0.0000;0.0000 
56.914238499999556;0.0000;0.0000;1.3071 
56.96258350000062;0.2237;0.0000;0.1545 
57.010357099999965;0.2237;0.0000;-0.2652 
57.05832999999984;0.2237;0.0000;-0.1107 
57.10655779999979;0.2237;0.0000;-0.1107 
57.15425210000103;0.4474;0.0000;0.0438 
57.20247560000098;0.2237;0.0000;1.1965 
57.25040749999971;0.0000;0.0000;0.0438 
57.29854400000113;0.0000;0.0000;-1.4178 
57.34666560000005;0.0000;0.0000;-1.4178 
57.39463860000069;0.2237;0.0000;1.4178 
57.442687800001295;0.0000;0.0000;0.0438 
57.5063425999997;-0.2237;0.0000;-0.1545 
57.55419670000083;-0.2237;0.0000;-0.0438 
57.602503199999774;0.2237;0.0000;1.5285 
57.650825599999735;0.0000;0.0000;0.0438 
57.69848550000097;0.2237;0.0000;0.0000 
57.74659679999968;-0.2237;0.0000;0.0438 
57.79488980000133;0.4474;0.0000;0.2652 
57.842429000000266;0.2237;0.0000;-0.0669 
57.890446400000656;0.0000;0.0000;-0.1107 
57.938378799999555;0.4474;0.0000;0.0000 
57.98663470000065;0.0000;0.0000;1.5055 
58.03495020000082;0.0000;0.0000;0.0000 
58.08277110000017;0.2237;0.0000;0.1545 
58.14617250000083;0.4474;0.0000;0.0438 
58.19430140000077;0.4474;0.0000;-0.3759 
58.242279600000984;0.2237;0.0000;-0.2214 
58.29051729999992;0.0000;0.0000;-0.1107 
58.33817790000103;-0.2237;0.0000;0.0000 
58.38673700000072;0.2237;0.0000;0.2652 
58.43446210000002;0.4474;0.0000;-1.2195 
58.482300300000134;0.4474;0.0000;-0.0669 
58.530529800000295;0.2237;0.0000;-0.0669 
58.578390800001216;0.0000;0.0000;-1.3740 
58.62661029999981;0.0000;0.0000;0.0000 
58.674333599999954;-0.2237;0.0000;0.1545 
58.72247470000002;0.2237;0.0000;0.2652 
58.77036990000124;0.0000;0.0000;0.0438 
58.83411510000042;0.2237;0.0000;0.0000 
58.88214540000081;0.2237;0.0000;-0.1107 
58.93038669999987;0.2237;0.0000;-1.5285 
58.97837290000098;0.0000;0.0000;-0.1107 
59.02625590000025;0.4474;0.0000;-1.2633 
59.07432230000086;0.2237;0.0000;-0.0669 
59.12238160000015;0.2237;0.0000;-1.5285 
59.170380900000964;0.0000;0.0000;-0.1107 
59.21858670000074;0.0000;0.0000;0.0000 
59.26664820000042;0.0000;0.0000;0.0000 
59.314300699999876;0.0000;0.0000;-0.1545 
59.362341600000946;0.0000;0.0000;0.0000 
59.4103582000007;-0.2237;0.0000;0.1545 
59.45865000000049;0.0000;0.0000;0.1107 
59.50651730000027;-0.2237;0.0000;0.1545 
59.57025860000067;0.0000;0.0000;-0.0438 
59.6182288;0.2237;0.0000;0.0000 
59.66636610000023;0.0000;0.0000;-0.2652 
59.714350600001126;0.0000;0.0000;0.0000 
59.762512600000264;0.0000;0.0000;-0.1545 
59.812273800000185;0.0000;0.0000;0.1545 
59.85832090000076;0.0000;0.0000;0.0000 
59.90678930000104;0.0000;0.0000;-1.4178 
59.954441699999734;0.0000;0.0000;0.1545 
60.00267370000074;-0.2237;0.0000;-0.1545 
60.05050730000039;0.4474;0.0000;0.1107 
60.11416910000116;0.4474;0.0000;-0.2214 
60.162695000000895;0.0000;0.0000;1.1965 
60.21038090000002;0.6711;0.0000;0.1545 
60.25827860000027;0.0000;0.0000;-0.3320 
60.306397899999865;-0.2237;0.0000;0.1545 
60.35466989999986;0.2237;0.0000;0.1107 
60.402392600000894;0.0000;0.0000;-0.1107 
60.45038100000056;0.2237;0.0000;0.1545 
60.49837099999968;0.0000;0.0000;0.0438 
60.54653309999958;0.0000;0.0000;0.0000 
60.594452100000126;0.0000;0.0000;-0.1545 
60.6425233000009;0.2237;0.0000;-1.1088 
60.69056029999956;-0.2237;0.0000;-0.1107 
60.75425019999966;0.0000;0.0000;0.4197 
60.802246500001274;0.0000;0.0000;0.0000 
60.85056439999971;0.0000;0.0000;-0.3090 
60.89948949999962;0.4474;0.0000;0.0000 
60.94630870000037;-0.2237;0.0000;-0.0669 
60.99455470000066;0.0000;0.0000;1.6830 
61.04223340000135;0.0000;0.0000;0.0000 
61.090371700000105;0.2237;0.0000;-1.2633 
61.138444700000036;0.0000;0.0000;-0.1107 
61.18663430000015;0.0000;0.0000;0.1545 
61.23437510000076;0.0000;0.0000;0.1545 
61.28301050000118;0.4474;0.0000;0.0000 
61.3314033000006;0.4474;0.0000;-0.2214 
61.37852500000008;0.0000;0.0000;-0.0669 
61.44214720000127;0.0000;0.0000;1.5723 
61.4901805999998;0.2237;0.0000;0.0000 
61.538196000001335;0.0000;0.0000;0.0438 
61.58621909999965;0.2237;0.0000;1.7268 
61.634393100001034;0.0000;0.0000;-0.1107 
61.68255710000085;0.0000;0.0000;1.5723 
61.73037970000041;0.0000;0.0000;0.1545 
61.77840190000097;0.2237;0.0000;0.0000 
61.82652969999981;0.2237;0.0000;0.1983 
61.874329500000385;0.2237;0.0000;1.1526 
61.922727700000905;0.0000;0.0000;-0.1107 
61.970349299999725;0.0000;0.0000;0.0000 
62.0186790000007;0.0000;0.0000;0.0000 
62.06660190000002;0.2237;0.0000;0.1545 
62.114965400000074;0.4474;0.0000;-0.1107 
62.1781976000002;-0.2237;0.0000;1.3510 
62.22644890000083;0.2237;0.0000;0.2652 
62.27411810000012;0.0000;0.0000;1.4616 
62.3227609000005;0.0000;0.0000;0.1545 
62.37033540000084;0.0000;0.0000;0.0000 
62.41847659999985;0.2237;0.0000;0.0000 
62.46633420000035;-0.2237;0.0000;-0.1107 
62.51424120000047;0.0000;0.0000;1.8375 
62.56264740000006;0.2237;0.0000;0.0000 
62.61029630000121;-0.2237;0.0000;1.4616 
62.65854390000095;0.0000;0.0000;0.2652 
62.70714120000048;0.2237;0.0000;0.0000 
62.75464009999996;0.0000;0.0000;1.1526 
62.818565800000215;-0.2237;0.0000;-0.3090 
62.86653020000085;0.2237;0.0000;0.2652 
62.91436860000067;0.0000;0.0000;-0.1107 
62.96226300000126;0.0000;0.0000;0.0000 
63.01016309999977;0.0000;0.0000;0.1545 
63.05859109999983;0.2237;0.0000;0.1545 
63.10646009999982;0.0000;0.0000;-0.1107 
63.154290800001036;0.0000;0.0000;0.0000 
63.20257169999968;0.0000;0.0000;0.1545 
63.2503940000006;-0.4474;0.0000;0.1545 
63.29848719999973;0.0000;0.0000;0.2214 
63.34655159999966;0.2237;0.0000;0.0000 
63.39455760000055;0.0000;0.0000;-0.1107 
63.44231620000028;0.0000;0.0000;-1.2633 
63.49037930000122;0.0000;0.0000;0.1545 
63.53846540000086;0.0000;0.0000;0.0000 
63.58637290000115;0.4474;0.0000;1.5723 
63.65022789999966;0.2237;0.0000;-0.2214 
63.69845820000046;0.4474;0.0000;0.0438 
63.74623539999993;0.0000;0.0000;-0.2214 
63.79425310000079;0.0000;0.0000;0.3090 
63.842377700000725;0.0000;0.0000;0.0000 
63.8904935999999;0.0000;0.0000;0.1545 
63.93830320000052;0.2237;0.0000;0.1545 
63.9864034000002;0.0000;0.0000;1.4616 
64.03431910000108;0.0000;0.0000;1.4178 
64.08235320000131;-0.2237;0.0000;0.0000 
64.13030100000105;0.0000;0.0000;0.1107 
64.17819159999999;0.0000;0.0000;0.1545 
64.22662169999967;-0.2237;0.0000;0.0000 
64.29062970000086;-0.4474;0.0000;-0.0438 
64.33823360000133;0.2237;0.0000;-1.1965 
64.38658740000028;-0.4474;0.0000;-0.1107 
64.43457959999978;0.0000;0.0000;0.2214 
64.48223180000059;0.0000;0.0000;0.0000 
64.5303657000004;0.2237;0.0000;0.0000 
64.57818560000123;0.0000;0.0000;1.3071 
64.62637200000063;0.2237;0.0000;-1.4178 
64.67464950000067;0.0000;0.0000;0.1983 
64.7223842000003;0.0000;0.0000;0.1545 
64.77039580000019;0.2237;0.0000;0.1545 
64.81838349999998;0.2237;0.0000;0.0438 
64.86648340000102;-0.2237;0.0000;-0.4197 
64.9145079000009;0.2237;0.0000;0.1107 
64.96282419999989;0.2237;0.0000;0.0438 
65.0106022;0.2237;0.0000;-0.1107 
65.07421650000106;0.0000;0.0000;-0.1107 
65.12212519999957;0.2237;0.0000;0.3090 
65.17030160000104;0.2237;0.0000;-0.2652 
65.21832180000092;0.0000;0.0000;0.0438 
65.26619019999998;0.0000;0.0000;0.1545 
65.31431200000043;0.0000;0.0000;0.0000 
65.36240060000091;0.0000;0.0000;1.2633 
65.4104337000008;0.4474;0.0000;0.0000 
65.45842170000105;0.0000;0.0000;-0.2214 
65.5065439000009;0.0000;0.0000;0.3090 
65.55457659999956;0.0000;0.0000;-0.1545 
65.6024768999996;0.2237;0.0000;0.0000 
65.65044630000011;0.0000;0.0000;0.0438 
65.6985095;0.0000;0.0000;-1.2633 
65.76213650000136;0.0000;0.0000;-0.1545 
65.81023860000096;0.2237;0.0000;0.1545 
65.85822480000024;0.2237;0.0000;-0.1107 
65.90656049999961;0.0000;0.0000;-0.1107 
65.95438900000045;0.2237;0.0000;-1.2633 
66.0022710000012;0.0000;0.0000;-1.5285 
66.0505989000012;0.6711;0.0000;-1.7268 
66.09844809999959;0.0000;0.0000;-0.3320 
66.14652680000108;0.0000;0.0000;0.1545 
66.19447580000087;0.2237;0.0000;0.1545 
66.24242100000083;0.0000;0.0000;0.0438 
66.29053290000047;0.2237;0.0000;-0.3090 
66.35424550000062;-0.2237;0.0000;-0.1107 
66.40232950000063;-0.2237;0.0000;1.5285 
66.45033370000056;0.2237;0.0000;0.1107 
66.49823620000097;0.0000;0.0000;-1.5285 
66.54642969999986;0.0000;0.0000;0.0000 
66.59435940000003;0.0000;0.0000;1.4178 
66.64265309999973;0.2237;0.0000;0.1545 
66.69049799999993;-0.2237;0.0000;-0.2652 
66.7385043000013;0.2237;0.0000;-1.1526 
66.78690550000101;0.4474;0.0000;-1.5285 
66.83445180000126;0.2237;0.0000;1.1965 
66.88243060000059;0.0000;0.0000;1.4616 
66.93046440000035;0.0000;0.0000;0.1545 
66.99414400000023;0.2237;0.0000;0.0000 
67.04219829999965;0.0000;0.0000;0.0438 
67.09039440000015;0.0000;0.0000;0.0000 
67.13832980000007;0.0000;0.0000;0.1545 
67.18729019999955;0.0000;0.0000;-0.1545 
67.23424979999982;0.2237;0.0000;0.0000 
67.28222670000105;0.2237;0.0000;-0.1107 
67.33034980000048;-0.2237;0.0000;-0.1107 
67.37842799999999;0.0000;0.0000;0.2652 
67.42635450000125;0.0000;0.0000;0.0000 
67.47451830000136;0.2237;0.0000;0.0000 
67.52243590000035;0.2237;0.0000;-1.5285 
67.57042790000014;0.2237;0.0000;0.0438 
67.6185946000005;0.0000;0.0000;0.0438 
67.6663421000012;0.2237;0.0000;0.0000 
67.7300766999997;0.2237;0.0000;-1.6830 
67.77812740000081;0.0000;0.0000;0.0438 
67.82616210000015;0.2237;0.0000;1.2633 
67.8742084000005;0.0000;0.0000;0.0438 
67.92227269999967;0.2237;0.0000;0.3090 
67.9703155999996;0.2237;0.0000;-0.1107 
68.01834020000024;0.0000;0.0000;0.0438 
68.06645209999988;0.2237;0.0000;0.0000 
68.11444540000048;0.0000;0.0000;-0.1107 
68.16244910000023;0.0000;0.0000;0.0000 
68.21048789999986;0.0000;0.0000;0.0000 
68.25842120000016;0.0000;0.0000;1.4178 
68.30635660000007;0.0000;0.0000;0.0000 
68.35442239999975;0.4474;0.0000;0.0000 
68.40252590000091;0.0000;0.0000;-0.0669 
68.46603440000035;0.0000;0.0000;-0.1545 
68.51423460000115;0.0000;0.0000;0.0000 
68.56224720000137;0.0000;0.0000;-0.1545 
68.61027900000045;0.0000;0.0000;0.3090 
68.65826320000087;0.2237;0.0000;0.3090 
68.70644770000035;0.4474;0.0000;0.0438 
68.75432639999963;0.2237;0.0000;-0.2214 
68.80240440000125;-0.2237;0.0000;-0.1107 
68.85052350000115;-0.2237;0.0000;1.6830 
68.89846610000131;0.2237;0.0000;-0.1983 
68.94658809999964;0.0000;0.0000;0.0438 
68.99448440000015;0.0000;0.0000;0.1545 
69.0582026000011;-0.2237;0.0000;0.3090 
69.10631029999968;0.2237;0.0000;0.1107 
69.15422770000077;0.2237;0.0000;-0.2652 
69.20234309999978;0.2237;0.0000;0.0438 
69.25034870000127;0.0000;0.0000;-0.1107 
69.29829740000059;0.0000;0.0000;-1.4178 
69.34658219999983;0.0000;0.0000;0.1545 
69.39437069999985;0.0000;0.0000;-1.4178 
69.44245680000131;0.0000;0.0000;0.0000 
69.49045529999967;0.0000;0.0000;0.0000 
69.5384095999998;0.2237;0.0000;1.4178 
69.58650380000108;0.2237;0.0000;-0.7287 
69.63448320000134;0.0000;0.0000;-0.2652 
69.68246270000054;0.0000;0.0000;0.0000 
69.74619929999972;-0.2237;0.0000;1.1088 
69.79431470000054;0.2237;0.0000;0.1107 
69.84224920000088;0.2237;0.0000;-0.2652 
69.89015020000079;0.6711;0.0000;-0.1107 
69.9395940000013;0.2237;0.0000;-0.1775 
69.98648200000025;0.2237;0.0000;0.0438 
70.03438550000101;0.4474;0.0000;-0.1107 
70.0824603000001;0.0000;0.0000;1.3510 
70.13037450000047;0.2237;0.0000;0.0000 
70.17838520000078;0.6711;0.0000;1.3071 
70.22676130000036;-0.2237;0.0000;-1.5954 
70.27444190000097;-0.2237;0.0000;0.2652 
70.32269470000028;0.0000;0.0000;0.1107 
70.38630159999957;0.2237;0.0000;-0.1545 
70.43446240000048;0.4474;0.0000;-0.1107 
70.48229530000026;0.2237;0.0000;-0.2214 
70.5305485000008;0.2237;0.0000;-0.2652 
70.57837310000104;-0.4474;0.0000;-0.1107 
70.62649050000073;0.2237;0.0000;0.0669 
70.67448990000048;-0.2237;0.0000;-0.1107 
70.72243940000044;0.2237;0.0000;-1.4616 
70.78612860000067;0.0000;0.0000;-1.2195 
70.83449980000114;0.2237;0.0000;0.0000 
70.88223219999963;0.0000;0.0000;1.3071 
70.93038350000097;-0.2237;0.0000;0.0000 
70.97871599999962;0.0000;0.0000;0.1107 
71.02625270000135;0.0000;0.0000;0.1545 
71.07431670000005;0.0000;0.0000;-1.5723 
71.12232650000078;0.4474;0.0000;0.0000 
71.17039719999957;0.0000;0.0000;-0.2214 
71.21855820000019;0.0000;0.0000;0.0000 
71.26636479999979;0.0000;0.0000;0.0000 
71.31439860000137;-0.2237;0.0000;0.0000 
71.36273000000074;0.0000;0.0000;1.5285 
71.41040050000083;0.2237;0.0000;0.0000 
71.45847090000098;0.2237;0.0000;-0.1107 
71.52225370000087;-0.2237;0.0000;-1.6830 
71.57040050000069;0.4474;0.0000;-0.0438 
71.61835500000052;0.0000;0.0000;-0.3759 
71.6665666000008;0.0000;0.0000;0.0000 
71.71439070000088;0.0000;0.0000;0.3090 
71.76273419999961;0.2237;0.0000;0.1545 
71.81040480000047;0.2237;0.0000;-0.1107 
71.85852499999964;0.4474;0.0000;1.3071 
71.9065255000005;0.0000;0.0000;-0.2214 
71.95451669999966;0.2237;0.0000;0.1545 
72.00252830000136;0.2237;0.0000;0.0438 
72.05046740000034;0.0000;0.0000;-0.1107 
72.09848679999959;0.2237;0.0000;-1.2633 
72.16218300000037;0.0000;0.0000;-0.2652 
72.21018379999987;0.0000;0.0000;-1.2633 
72.25825799999984;0.0000;0.0000;-1.5723 
72.3063316000007;-0.2237;0.0000;0.0000 
72.35429629999999;0.2237;0.0000;0.1107 
72.40223520000109;0.2237;0.0000;-0.1107 
72.45040859999972;0.2237;0.0000;1.1526 
72.49852100000135;-0.2237;0.0000;0.0438 
72.54642989999957;-0.2237;0.0000;0.1107 
72.59448730000076;0.4474;0.0000;-1.3071 
72.65809810000064;0.0000;0.0000;-0.0669 
72.70631380000123;0.2237;0.0000;0.1545 
72.75434580000001;-0.2237;0.0000;-0.2652 
72.80261320000136;0.0000;0.0000;0.1107 
72.85050390000106;0.2237;0.0000;-1.2633 
72.89837550000084;-0.2237;0.0000;-0.1107 
72.94632420000016;0.0000;0.0000;-1.1526 
72.99439680000069;0.2237;0.0000;0.0000 
73.0424882999996;-0.2237;0.0000;1.1526 
73.10611640000025;-0.2237;0.0000;0.2652 
73.15416940000068;-0.2237;0.0000;-1.3071 
73.20244710000043;0.0000;0.0000;0.1107 
73.25061540000024;0.0000;0.0000;0.3090 
73.29833770000005;0.0000;0.0000;0.0000 
73.3463585999998;0.2237;0.0000;0.0000 
73.39429460000065;0.2237;0.0000;1.3071 
73.44286230000034;0.2237;0.0000;-0.1107 
73.4904232000008;0.0000;0.0000;-0.1107 
73.53917879999972;0.2237;0.0000;0.0000 
73.5865257000005;0.0000;0.0000;-0.1107 
73.63437280000107;0.0000;0.0000;-0.1545 
73.68237489999956;0.2237;0.0000;0.1545 
73.73069329999998;0.4474;0.0000;0.1983 
73.77844759999971;0.0000;0.0000;1.1965 
73.82637450000038;-0.4474;0.0000;1.5723 
73.89014119999956;0.0000;0.0000;0.2214 
73.93810380000104;0.0000;0.0000;0.0000 
73.98636439999973;0.4474;0.0000;0.3090 
74.03608220000024;0.2237;0.0000;1.0419 
74.08220679999977;0.0000;0.0000;-0.2652 
74.13033480000013;0.2237;0.0000;0.0000 
74.17841950000002;0.0000;0.0000;-0.1107 
74.2263925999996;-0.2237;0.0000;1.4178 
74.27459509999971;0.4474;0.0000;0.2652 
74.32226620000074;0.2237;0.0000;1.0419 
74.37029350000012;-0.2237;0.0000;-0.1107 
74.41844850000052;0.2237;0.0000;0.1107 
74.46657740000046;0.0000;0.0000;0.0438 
74.51446920000126;0.0000;0.0000;0.0000 
74.57820979999997;-0.2237;0.0000;-0.3090 
74.62628530000075;0.0000;0.0000;-0.9981 
74.6742688000013;0.0000;0.0000;0.1545 
74.72228920000089;0.2237;0.0000;0.0000 
74.77040680000027;0.2237;0.0000;-0.1107 
74.81843819999995;0.4474;0.0000;0.1983 
74.8665032000008;0.2237;0.0000;-0.0669 
74.91432669999995;0.4474;0.0000;1.7707 
74.96264450000126;0.2237;0.0000;-0.3759 
75.01044790000014;0.2237;0.0000;0.0438 
75.05849260000105;0.2237;0.0000;-0.4197 
75.1221213000008;-0.2237;0.0000;0.0438 
75.17019199999959;-0.2237;0.0000;0.2652 
75.21821660000023;-0.2237;0.0000;0.1107 
75.26627670000016;0.0000;0.0000;0.1107 
75.31428680000136;-0.2237;0.0000;0.0000 
75.36231820000103;0.2237;0.0000;1.5285 
75.41036840000015;0.0000;0.0000;-0.1107 
75.4582704000004;0.2237;0.0000;0.0000 
75.50661870000113;-0.2237;0.0000;0.1983 
75.55448480000086;0.4474;0.0000;1.5285 
75.60235450000073;0.2237;0.0000;-0.0669 
75.66617920000135;-0.2237;0.0000;-0.1107 
75.71424430000116;0.2237;0.0000;-0.0438 
75.76219140000103;0.2237;0.0000;0.0438 
75.81035160000101;0.0000;0.0000;0.1983 
75.85840029999963;-0.2237;0.0000;-1.4178 
75.90651760000037;0.0000;0.0000;0.1107 
75.95438529999956;0.0000;0.0000;0.0000 
76.00251360000038;0.0000;0.0000;0.0000 
76.05018250000103;0.0000;0.0000;0.0000 
76.09838420000051;0.2237;0.0000;-0.1545 
76.14639050000005;0.0000;0.0000;1.4616 
76.19428929999958;-0.2237;0.0000;0.0000 
76.24246690000109;0.0000;0.0000;-1.4616 
76.30627199999981;0.0000;0.0000;-0.1545 
76.35415990000001;0.0000;0.0000;1.4178 
76.4021257000004;0.0000;0.0000;0.0000 
76.45036199999959;0.2237;0.0000;0.0000 
76.49818349999987;0.2237;0.0000;0.0438 
76.54633660000036;-0.2237;0.0000;-0.1107 
76.59428750000006;0.2237;0.0000;0.2652 
76.64238250000017;-0.2237;0.0000;-0.1107 
76.6905024000007;0.0000;0.0000;0.1107 
76.7384589000012;0.2237;0.0000;0.1545 
76.78649659999974;0.0000;0.0000;0.0438 
76.83464490000006;0.0000;0.0000;0.1545 
76.88236350000079;0.0000;0.0000;0.0000 
76.94632509999974;0.0000;0.0000;-0.1545 
76.99430340000072;0.0000;0.0000;0.1545 
77.0422079;0.0000;0.0000;-1.5723 
77.0903083000012;0.2237;0.0000;1.5723 
77.138317500001;0.0000;0.0000;-0.1107 
77.1862056000009;0.0000;0.0000;0.1545 
77.23450560000128;0.2237;0.0000;1.7268 
77.28234460000021;0.4474;0.0000;-0.1107 
77.33038810000107;0.2237;0.0000;-0.2214 
77.37890530000004;0.2237;0.0000;1.4616 
77.42655600000035;0.0000;0.0000;0.1983 
77.49008580000009;-0.2237;0.0000;-0.1545 
77.53816800000095;0.0000;0.0000;0.2652 
77.58616410000104;0.0000;0.0000;1.4178 
77.63435770000069;0.0000;0.0000;-0.1545 
77.68243040000016;-0.2237;0.0000;0.1545 
77.73074930000075;0.6711;0.0000;-1.3071 
77.77838460000021;0.2237;0.0000;-0.4866 
77.8265620000002;0.0000;0.0000;0.0438 
77.87439030000132;0.2237;0.0000;0.1545 
77.92257530000097;0.0000;0.0000;1.6162 
77.97048730000097;0.0000;0.0000;-0.1545 
78.03417509999963;0.6711;0.0000;-0.1545 
78.08219960000133;0.0000;0.0000;-0.1775 
78.1304154999998;0.0000;0.0000;0.1545 
78.17859270000008;0.6711;0.0000;-1.2633 
78.2263765000007;0.0000;0.0000;-0.3320 
78.27431500000057;0.0000;0.0000;0.0000 
78.32223239999985;0.2237;0.0000;0.0000 
78.37039089999962;0.0000;0.0000;-1.6830 
78.41845260000082;0.0000;0.0000;0.0000 
78.46651399999973;0.0000;0.0000;-1.1088 
78.51447259999986;0.0000;0.0000;0.0000 
78.56228890000057;0.0000;0.0000;-0.1545 
78.61018940000031;0.0000;0.0000;0.0000 
78.6584481000009;0.4474;0.0000;0.0000 
78.72208839999985;-0.2237;0.0000;-0.2214 
78.77022849999958;0.2237;0.0000;0.1107 
78.81823570000051;0.0000;0.0000;0.0438 
78.86649130000114;0.0000;0.0000;-0.1545 
78.9145081000006;0.0000;0.0000;0.1545 
78.96227089999957;0.0000;0.0000;-1.4178 
79.01019540000016;0.2237;0.0000;0.1545 
79.05820370000038;0.2237;0.0000;-0.1107 
79.10670630000095;0.2237;0.0000;1.3071 
79.15436790000058;0.2237;0.0000;1.4616 
79.20233089999965;0.0000;0.0000;0.1983 
79.25055650000104;0.0000;0.0000;0.0000 
79.29831809999996;-0.2237;0.0000;-0.1545 
79.36231829999997;0.0000;0.0000;0.1107 
79.41013360000034;0.4474;0.0000;0.1545 
79.45808659999966;0.0000;0.0000;-0.2214 
79.50626110000121;0.0000;0.0000;-0.1545 
79.55421510000087;-0.2237;0.0000;0.0000 
79.60221860000092;0.0000;0.0000;0.1107 
79.65021979999983;0.2237;0.0000;0.3090 
79.69820330000039;0.0000;0.0000;0.0438 
79.74693529999968;0.0000;0.0000;-0.1545 
79.79438630000004;0.4474;0.0000;0.0000 
79.84247390000019;0.2237;0.0000;-0.0669 
79.89052900000024;0.0000;0.0000;0.0438 
79.93830770000022;0.0000;0.0000;0.0000 
79.98637580000104;-0.2237;0.0000;-1.2633 
80.05021889999989;0.2237;0.0000;0.1107 
80.09818230000019;-0.4474;0.0000;-0.1107 
80.14634980000119;0.2237;0.0000;0.2214 
80.19423860000097;0.0000;0.0000;-1.5285 
80.24226090000047;0.2237;0.0000;0.1545 
80.2901522000011;-0.2237;0.0000;0.0438 
80.33821890000036;0.0000;0.0000;0.2652 
80.38630030000058;0.2237;0.0000;1.7268 
80.4344144000006;0.2237;0.0000;-0.2652 
80.4824492000007;0.0000;0.0000;-0.1107 
80.53047460000016;0.0000;0.0000;-0.1545 
80.57849230000102;0.4474;0.0000;0.0000 
80.6421246000009;0.2237;0.0000;-0.2214 
80.69012850000036;0.0000;0.0000;0.0438 
80.73827189999975;0.2237;0.0000;0.0000 
80.7866580000009;0.0000;0.0000;0.0438 
80.83411590000105;0.0000;0.0000;0.0000 
80.88220499999989;0.0000;0.0000;0.0000 
80.9302430000007;-0.2237;0.0000;0.0000 
80.97821690000092;0.0000;0.0000;-1.3071 
81.02644529999998;0.2237;0.0000;1.2633 
81.0743524999998;0.0000;0.0000;-0.2652 
81.12239790000058;0.2237;0.0000;-1.5723 
81.17046409999966;0.0000;0.0000;1.3071 
81.21875809999983;0.0000;0.0000;0.0000 
81.26648860000023;0.0000;0.0000;1.2633 
81.33007309999994;0.2237;0.0000;0.0000 
81.37818479999987;0.2237;0.0000;-0.1107 
81.42620350000107;0.2237;0.0000;0.0438 
81.47551879999992;-0.2237;0.0000;-0.2652 
81.52237260000038;-0.2237;0.0000;0.2652 
81.57062640000004;0.4474;0.0000;0.2652 
81.61840620000112;-0.2237;0.0000;-0.0669 
81.66660330000013;0.2237;0.0000;-0.0438 
81.73009869999987;-0.2237;0.0000;-1.3740 
81.78122430000076;0.2237;0.0000;0.1107 
81.82622079999965;0.0000;0.0000;-0.1107 
81.87423430000126;0.0000;0.0000;-1.4178 
81.92228740000064;0.0000;0.0000;0.1545 
81.97028979999959;0.2237;0.0000;0.0000 
82.0184207000002;0.0000;0.0000;-0.1107 
82.06639650000034;0.8948;0.0000;0.1545 
82.11422810000113;0.0000;0.0000;-0.4427 
82.16248860000087;0.0000;0.0000;-0.1545 
82.21089960000063;0.0000;0.0000;0.0000 
82.25820540000132;0.0000;0.0000;0.0000 
82.30645110000114;0.4474;0.0000;0.1545 
82.35422470000049;0.0000;0.0000;-0.0669 
82.40243300000111;0.2237;0.0000;-1.2633 
82.45063219999975;0.0000;0.0000;-0.1107 
82.4985641000003;0.2237;0.0000;0.3090 
82.56216210000093;0.4474;0.0000;-0.1107 
82.6103363000002;-0.2237;0.0000;-0.0669 
82.65829909999957;0.2237;0.0000;0.2652 
82.70617350000066;0.2237;0.0000;-1.6830 
82.75442699999985;0.4474;0.0000;-0.1107 
82.80280490000041;0.2237;0.0000;-0.2214 
82.85064500000044;0.2237;0.0000;-0.1107 
82.89823400000023;0.2237;0.0000;-0.1107 
82.94645440000022;0.0000;0.0000;-0.1107 
82.99482650000027;-0.2237;0.0000;1.4178 
83.05818730000101;0.4474;0.0000;-0.0438 
83.10623630000009;0.0000;0.0000;-1.6392 
83.15412649999962;-0.4474;0.0000;1.4178 
83.20235010000033;0.2237;0.0000;1.4847 
83.25031130000025;0.2237;0.0000;0.0438 
83.2983275000006;-0.2237;0.0000;0.0438 
83.34642619999977;0.2237;0.0000;0.2652 
83.39467250000052;0.2237;0.0000;0.0438 
83.44226870000057;-0.2237;0.0000;0.0438 
83.49061749999964;0.0000;0.0000;0.1107 
83.53830139999991;0.2237;0.0000;0.0000 
83.58643110000048;0.2237;0.0000;-0.1107 
83.65031900000031;0.2237;0.0000;-1.5285 
83.69814740000038;0.2237;0.0000;-0.1107 
83.74623900000006;0.0000;0.0000;-0.1107 
83.79433120000067;0.2237;0.0000;-0.1545 
83.84210789999997;0.2237;0.0000;-0.5742 
83.89030850000017;0.0000;0.0000;0.1983 
83.93840699999964;0.0000;0.0000;0.1545 
83.98645840000063;0.2237;0.0000;0.0000 
84.03431740000087;0.2237;0.0000;0.1983 
84.0823947000008;0.2237;0.0000;-0.1107 
84.13061899999957;0.0000;0.0000;-0.1107 
84.17835120000018;0.2237;0.0000;1.7268 
84.22640800000045;0.4474;0.0000;-0.1107 
84.29010390000076;0.0000;0.0000;-1.6392 
84.33807830000114;0.0000;0.0000;0.1545 
84.38632080000025;-0.2237;0.0000;0.1545 
84.43421450000096;0.2237;0.0000;0.2652 
84.48220070000025;0.0000;0.0000;0.0438 
84.53029059999972;-0.2237;0.0000;0.1545 
84.57836700000007;0.0000;0.0000;0.2652 
84.62641500000063;0.0000;0.0000;0.0000 
84.67426239999986;0.0000;0.0000;0.0000 
84.7225053000002;-0.2237;0.0000;-1.4178 
84.77036750000116;0.0000;0.0000;0.2652 
84.81853229999979;-0.2237;0.0000;1.5723 
84.88213540000106;-0.2237;0.0000;0.2652 
84.93033240000113;-0.2237;0.0000;0.2652 
84.97820950000096;0.0000;0.0000;0.2652 
85.02637520000098;0.2237;0.0000;-1.4178 
85.07415750000109;-0.2237;0.0000;0.0438 
85.12250120000135;0.0000;0.0000;0.1107 
85.17025640000065;0.0000;0.0000;0.0000 
85.21844390000115;0.0000;0.0000;0.0000 
85.26674640000056;0.0000;0.0000;0.0000 
85.3142098999997;0.0000;0.0000;0.0000 
85.3623705000009;0.2237;0.0000;1.2633 
85.41039910000109;-0.2237;0.0000;0.1983 
85.45890429999963;-0.2237;0.0000;0.2652 
85.50934960000086;0.0000;0.0000;0.1107 
85.55600550000054;0.2237;0.0000;0.0000 
85.61828510000123;-0.2237;0.0000;-0.2652 
85.66616040000008;0.0000;0.0000;0.2652 
85.71424170000137;0.2237;0.0000;0.1545 
85.76357430000098;-0.2237;0.0000;0.1983 
85.81171610000092;-0.2237;0.0000;0.1107 
85.88446360000125;0.4474;0.0000;0.2652 
85.91835030000038;0.2237;0.0000;-0.2214 
85.96138620000056;0.0000;0.0000;-0.1107 
86.00844510000024;0.0000;0.0000;-1.2633 
86.05160260000048;0.0000;0.0000;1.4178 
86.11517029999959;0.0000;0.0000;0.0000 
86.16212819999964;0.4474;0.0000;1.4178 
86.21029410000119;0.2237;0.0000;-1.4847 
86.25865859999976;0.2237;0.0000;1.4616 
86.30625150000014;-0.2237;0.0000;-0.1107 
86.35425840000062;-0.2237;0.0000;0.1107 
86.40317820000018;0.0000;0.0000;0.1107 
86.45050620000075;-0.2237;0.0000;0.1545 
86.49831860000086;0.2237;0.0000;0.2652 
86.54628179999963;0.0000;0.0000;1.4616 
86.59428649999973;0.0000;0.0000;0.1545 
86.64224880000074;0.0000;0.0000;0.1545 
86.69031990000076;-0.2237;0.0000;0.0000 
86.75408290000087;0.2237;0.0000;0.1107 
86.80222800000047;0.0000;0.0000;-0.1107 
86.85017200000038;0.0000;0.0000;0.0000 
86.89831070000037;-0.2237;0.0000;-0.1545 
86.94613310000022;0.4474;0.0000;0.1107 
86.99428460000127;0.2237;0.0000;-0.2214 
87.04227090000131;0.4474;0.0000;-0.1107 
87.09031270000014;0.0000;0.0000;-0.2214 
87.1381577000011;0.0000;0.0000;0.1545 
87.18625690000044;0.0000;0.0000;-1.4178 
87.23423290000028;0.4474;0.0000;0.1545 
87.2823171;0.0000;0.0000;-0.2214 
87.33049410000058;0.0000;0.0000;0.1545 
87.37828869999976;0.0000;0.0000;0.0000 
87.42645690000063;0.2237;0.0000;0.0000 
87.47439590000067;-0.2237;0.0000;0.0438 
87.53798749999987;0.2237;0.0000;-1.3071 
5.120368099998814;-11.7129;0.0000;0.0000 
5.16828329999953;-13.0871;0.0000;-10.0281 
5.23205229999985;-11.9414;0.0000;-9.0451 
5.280491599998641;-12.1702;0.0000;-9.6047 
5.328286599999046;-12.8576;0.0000;-9.0417 
5.392658699998719;-14.7001;0.0000;-8.3360 
5.440505999999004;-12.1702;0.0000;-8.4771 
5.503957199998695;-13.7770;0.0000;-9.1833 
5.552236699999412;-14.0074;0.0000;-9.8938 
5.600258399999802;-14.0074;0.0000;-9.1850 
5.664036699999997;-14.2381;0.0000;-9.8924 
5.712333999999828;-15.1631;0.0000;-10.0348 
5.776015699999334;-14.4690;0.0000;-10.4629 
5.824299500000052;-14.2381;0.0000;-9.0462 
5.8879089999991265;-15.1631;0.0000;-8.3411 
5.936198699999295;-14.4690;0.0000;-9.3296 
5.9842560999986745;-15.1631;0.0000;-9.1873 
6.047994900000049;-14.9315;0.0000;-8.9052 
6.096323399999164;-15.1631;0.0000;-8.3399 
6.159939499999382;-14.7001;0.0000;-8.4809 
6.208328299999266;-13.5468;0.0000;-7.0695 
6.256211899999471;-9.8911;0.0000;-0.4376 
6.319924800000081;-10.3455;0.0000;6.7183 
6.368015099998956;-1.1185;0.0000;14.1468 
6.416047699998671;-0.4474;0.0000;3.5124 
6.464146499998606;2.6852;0.0000;0.9805 
6.512149500000305;0.0000;0.0000;0.0034 
6.560315299999274;0.0000;0.0000;0.1377 
6.608373699998992;0.6711;0.0000;0.1377 
6.656402099999468;0.2237;0.0000;-1.3736 
6.70411520000016;0.4474;0.0000;0.1377 
6.75222439999925;0.0000;0.0000;0.1377 
6.800233299998581;1.1185;0.0000;0.4130 
6.848372499998732;0.0000;0.0000;0.0000 
6.896390300000348;-0.2237;0.0000;0.0000 
6.944490199999564;0.2237;0.0000;0.4130 
6.992189900000085;0.2237;0.0000;0.1377 
7.040103199999066;0.2237;0.0000;0.0000 
7.103954299998804;-0.2237;0.0000;0.5506 
7.15190099999927;-0.2237;0.0000;0.2753 
7.199981199999456;0.6711;0.0000;0.0034 
7.248442699999941;0.2237;0.0000;-0.5506 
7.296156299998984;0.2237;0.0000;0.1377 
7.34404369999902;0.2237;0.0000;0.0000 
7.3920257999998285;0.2237;0.0000;0.2753 
7.4400255999989895;-0.2237;0.0000;0.0000 
7.488041900000098;0.0000;0.0000;0.0000 
7.536404499998753;-0.4474;0.0000;0.1410 
7.5842219999994995;-0.2237;0.0000;-0.1377 
7.647887199998877;0.4474;0.0000;0.0034 
7.69593949999944;2.2374;0.0000;2.3942 
7.743858799998634;1.5660;0.0000;4.0631 
7.791817600000286;4.0296;0.0000;5.4508 
7.839839099999153;4.0296;0.0000;6.9991 
7.887864999998783;6.0507;0.0000;8.4063 
7.93612690000009;9.8911;0.0000;9.7633 
7.984021000000212;8.3053;0.0000;7.7870 
8.032164199999897;8.3053;0.0000;9.1830 
8.080139599998802;11.4846;0.0000;9.8869 
8.128085099999225;12.6282;0.0000;8.1989 
8.176094599999487;12.3991;0.0000;6.6587 
8.22436209999978;12.1702;0.0000;7.7726 
8.272098399998868;12.6282;0.0000;7.9143 
8.320169499998883;12.3991;0.0000;9.0408 
8.383885499999451;12.3991;0.0000;8.1945 
8.43210949999957;13.0871;0.0000;8.7588 
8.480194300000221;13.0871;0.0000;8.4771 
8.52807169999869;13.7770;0.0000;8.0533 
8.576042999999117;12.8576;0.0000;8.9007 
8.624554899999566;13.5468;0.0000;8.7596 
8.67220769999949;14.0074;0.0000;8.7602 
8.735885999998573;13.7770;0.0000;8.1950 
8.783976799999436;13.3169;0.0000;8.6192 
8.83201360000021;13.3169;0.0000;8.4782 
8.879890599999271;14.4690;0.0000;8.9020 
8.92803289999938;13.7770;0.0000;8.4782 
8.976108099999692;13.7770;0.0000;8.1950 
9.024615599999379;13.3169;0.0000;8.1950 
9.087764599998991;13.5468;0.0000;8.4782 
9.136103199998615;13.5468;0.0000;8.0536 
9.184294799999407;13.3169;0.0000;8.3365 
9.232259899999917;13.3169;0.0000;8.3365 
9.28002639999977;13.7770;0.0000;8.0536 
9.328066699999908;14.7001;0.0000;8.4782 
9.37624119999964;13.5468;0.0000;7.4898 
9.43984829999863;12.6282;0.0000;7.0661 
9.487797699999646;11.0284;0.0000;7.9179 
9.536178899999868;11.4846;0.0000;5.7972 
9.584131099998558;10.5730;0.0000;5.3736 
9.63220530000035;10.3455;0.0000;5.2382 
9.680492399998911;11.4846;0.0000;4.6730 
9.728110699999888;6.9512;0.0000;2.4139 
9.776298999999199;6.9512;0.0000;1.1601 
9.824223300000085;1.7898;0.0000;-5.5623 
9.887930999999298;2.6852;0.0000;-3.5723 
9.936018499998681;-5.6010;0.0000;-5.0705 
9.98411809999925;-0.6711;0.0000;-2.8342 
10.032156600000235;-4.2539;0.0000;-6.2090 
10.09591939999882;-4.2539;0.0000;-6.1688 
10.143874899998991;-12.6282;0.0000;-7.0054 
10.192336999998588;-4.4782;0.0000;-11.4505 
10.255807499999719;-8.3053;0.0000;-7.8060 
10.304032500000176;-11.9414;0.0000;-12.2869 
10.352165199999945;-11.7129;0.0000;-9.8895 
10.416130899999189;-13.5468;0.0000;-12.9981 
10.479826999999204;-14.2381;0.0000;-10.1691 
10.529337799998757;-14.9315;0.0000;-12.4518 
10.592278099999021;-15.6271;0.0000;-10.6059 
10.640176499999143;-17.4941;0.0000;-10.8825 
10.703886899998906;-16.7919;0.0000;-11.1855 
10.752084799998556;-15.6271;0.0000;-10.1850 
10.816069999998945;-17.2597;0.0000;-11.1855 
10.864040599999498;-18.1991;0.0000;-11.3298 
10.92783210000016;-19.1435;0.0000;-12.4688 
10.97613309999906;-18.1991;0.0000;-12.3359 
11.039982399999644;-18.6707;0.0000;-12.3402 
11.088089400000172;-18.6707;0.0000;-12.5062 
11.152033299998948;-19.3805;0.0000;-11.6265 
11.200287499999831;-18.9069;0.0000;-11.7854 
11.263932099998783;-18.4347;0.0000;-11.0511 
11.312116099999912;-19.1435;0.0000;-12.2187 
11.3758758999993;-18.9069;0.0000;-11.9265 
11.424299000000246;-19.3805;0.0000;-12.2135 
11.48799279999912;-19.1435;0.0000;-12.0725 
11.551795199999106;-19.6178;0.0000;-12.0725 
11.600258599999506;-19.3805;0.0000;-11.7761 
11.663805899999716;-19.6178;0.0000;-12.2187 
11.71215200000006;-19.6178;0.0000;-11.9217 
11.775958599999285;-19.3805;0.0000;-12.0725 
11.824275699998907;-19.6178;0.0000;-12.0725 
11.888160499998776;-19.3805;0.0000;-12.5119 
11.936072200000126;-19.8554;0.0000;-11.7761 
11.99992899999961;-19.8554;0.0000;-12.8059 
12.047964399998818;-19.6178;0.0000;-12.3546 
12.111906399999498;-20.5705;0.0000;-12.9533 
12.160111299999699;-20.5705;0.0000;-12.9293 
12.224491499999203;-20.3318;0.0000;-12.8123 
12.272151799999847;-20.8096;0.0000;-12.6473 
12.336070100000143;-20.3318;0.0000;-12.7883 
12.399928199998612;-21.0491;0.0000;-12.5062 
12.448063199999524;-21.2890;0.0000;-13.3581 
12.511870999998791;-21.5292;0.0000;-13.3764 
12.56007789999967;-20.8096;0.0000;-13.2354 
12.62407389999862;-22.0110;0.0000;-13.3640 
12.672090000000026;-20.8096;0.0000;-12.3317 
12.735908399999971;-21.5292;0.0000;-14.1328 
12.78526459999921;-22.0110;0.0000;-12.6529 
12.847956499999782;-22.2524;0.0000;-13.8348 
12.896154699999897;-21.5292;0.0000;-13.6938 
12.959966399999757;-22.0110;0.0000;-13.1077 
13.00845759999902;-22.0110;0.0000;-13.9918 
13.072013099999822;-21.7699;0.0000;-14.0087 
13.120138000000225;-21.7699;0.0000;-13.6938 
13.184071099998619;-21.5292;0.0000;-13.5452 
13.232444600000235;-22.4943;0.0000;-13.5452 
13.296082900000329;-21.7699;0.0000;-13.8427 
13.359827099999166;-22.0110;0.0000;-13.2558 
13.408035799999197;-22.2524;0.0000;-13.8591 
13.471958999998606;-21.2890;0.0000;-13.2866 
13.520203500000207;-19.3805;0.0000;-12.8718 
13.583839199998692;-22.9794;0.0000;-10.2941 
13.63212029999886;-18.9069;0.0000;-10.1086 
13.696032300000297;-16.3252;0.0000;-7.8185 
13.74398999999903;-13.5468;0.0000;-3.6914 
13.792163500000242;-13.5468;0.0000;-0.1714 
13.840134699999908;-9.2106;0.0000;4.2074 
13.903913699999976;-6.9512;0.0000;0.4043 
13.952020299999276;-4.9271;0.0000;-0.7566 
13.999964499998896;-4.4782;0.0000;-1.6275 
14.048432699999466;-4.7026;0.0000;-0.6652 
14.112068200000067;-4.0296;0.0000;-1.2166 
14.159874999999374;-2.4613;0.0000;-0.5177 
14.208087899998645;-2.4613;0.0000;1.0305 
14.256208499999047;-0.4474;0.0000;-0.6556 
14.304097799998999;2.2374;0.0000;1.7059 
14.352061699999467;0.2237;0.0000;5.0773 
14.400153200000204;1.7898;0.0000;4.4862 
14.448389199998928;2.9091;0.0000;6.8429 
14.496169399999417;5.8258;0.0000;6.3002 
14.544299799999862;5.3763;0.0000;9.4812 
14.607984499998565;5.6010;0.0000;9.6787 
14.655975599998783;12.3991;0.0000;10.3101 
14.704156699999658;12.8576;0.0000;10.4684 
14.75220519999857;12.1702;0.0000;12.8494 
14.81582089999938;21.0491;0.0000;12.1435 
14.863916299998891;12.1702;0.0000;16.1188 
14.912017699998614;17.7288;0.0000;12.1478 
14.960004999999;17.7288;0.0000;11.0584 
15.023963800000274;17.7288;0.0000;11.0477 
15.072012699998595;18.4347;0.0000;11.3444 
15.120228300000235;17.9638;0.0000;11.3405 
15.168075199999294;17.4941;0.0000;11.6350 
15.232063599998583;16.7919;0.0000;11.4777 
15.28009639999982;18.4347;0.0000;11.0584 
15.32815329999903;17.7288;0.0000;11.4815 
15.376226299998962;18.6707;0.0000;11.4855 
15.440064899999925;18.9069;0.0000;10.7594 
15.488100499998836;18.1991;0.0000;12.2037 
15.536056400000234;19.3805;0.0000;11.3266 
15.59976110000025;18.9069;0.0000;12.2085 
15.64789539999947;19.3805;0.0000;11.4896 
15.696146599999338;19.1435;0.0000;12.2085 
15.744250199999442;18.6707;0.0000;12.5119 
15.808205600000292;18.6707;0.0000;11.7806 
15.856014400000277;18.9069;0.0000;10.7656 
15.90404639999906;20.0934;0.0000;11.7761 
15.952172299999802;19.3805;0.0000;11.3444 
16.01596029999928;19.8554;0.0000;11.3444 
16.063961099998778;18.4347;0.0000;11.7806 
16.11212389999855;20.3318;0.0000;11.6307 
16.17579680000017;18.9069;0.0000;11.6350 
16.224100100000214;19.1435;0.0000;11.9265 
16.272190599998794;18.9069;0.0000;11.6350 
16.320280699999785;18.6707;0.0000;11.9217 
16.38401209999938;20.0934;0.0000;11.7761 
16.431969799999933;18.4347;0.0000;10.6246 
16.480148699998608;18.6707;0.0000;11.2034 
16.52822070000002;18.6707;0.0000;11.2034 
16.592160299998795;19.3805;0.0000;12.2085 
16.64004019999993;18.1991;0.0000;12.2187 
16.688533799999277;18.9069;0.0000;10.9067 
16.73641299999872;19.1435;0.0000;11.3444 
16.79992179999863;18.9069;0.0000;12.6588 
16.84799269999894;19.1435;0.0000;11.0511 
16.89607149999938;19.3805;0.0000;12.0725 
16.960050199999387;17.7288;0.0000;13.1009 
17.007913800000097;17.4941;0.0000;11.6396 
17.05637899999965;19.3805;0.0000;12.3598 
17.104071799998565;18.9069;0.0000;11.1957 
17.16785009999876;18.9069;0.0000;11.7806 
17.215932399998565;18.9069;0.0000;11.9265 
17.264354199998706;18.9069;0.0000;11.9217 
17.31224259999908;19.3805;0.0000;12.6418 
17.375937599999816;19.3805;0.0000;12.1948 
17.42427789999965;21.7699;0.0000;14.7743 
17.472176499999478;21.2890;0.0000;16.0914 
17.53576769999927;23.7103;0.0000;14.6889 
17.58390309999959;23.9548;0.0000;16.0107 
17.632659999999305;25.9284;0.0000;12.9187 
17.680203099998835;19.3805;0.0000;15.1459 
17.743895699999484;23.2226;0.0000;15.5690 
17.792024599999422;23.7103;0.0000;14.5729 
17.840212899998733;23.2226;0.0000;17.0964 
17.887982999998712;23.9548;0.0000;14.7320 
17.951873799998793;22.0110;0.0000;14.6004 
17.99999149999894;26.1774;0.0000;14.7228 
18.04820440000003;25.4320;0.0000;15.5974 
18.112092199999097;24.1998;0.0000;16.2756 
18.159862799999246;23.9548;0.0000;15.3463 
18.20811549999962;24.6912;0.0000;15.9560 
18.25603729999966;23.7103;0.0000;15.7803 
18.319845899999564;24.6912;0.0000;15.3356 
18.367935999998735;24.1998;0.0000;15.3463 
18.416137700000036;24.6912;0.0000;15.4873 
18.46418730000005;24.9377;0.0000;15.3253 
18.527910199998587;24.9377;0.0000;15.4873 
18.576055800000177;24.9377;0.0000;15.4873 
18.624165899998843;25.1846;0.0000;15.3463 
18.672129399999903;25.9284;0.0000;15.7803 
18.73581379999996;24.6912;0.0000;14.7612 
18.784225199999128;24.9377;0.0000;15.1743 
18.832186399999046;24.6912;0.0000;15.4982 
18.895951599999535;25.4320;0.0000;15.1946 
18.943935899998905;24.6912;0.0000;15.3356 
18.99220719999903;24.6912;0.0000;15.6505 
19.040193999999246;25.1846;0.0000;15.0332 
19.104015299999446;24.6912;0.0000;15.6393 
19.15217929999926;24.9377;0.0000;15.0432 
19.20003960000031;24.1998;0.0000;15.4982 
19.248687399998744;24.9377;0.0000;15.9213 
19.311985000000277;24.9377;0.0000;15.2052 
19.360024699999485;24.9377;0.0000;15.4982 
19.4081714999993;24.4453;0.0000;16.0851 
19.47174829999858;24.6912;0.0000;15.6393 
19.51999330000035;24.6912;0.0000;15.6505 
19.568092699999397;25.6800;0.0000;15.4873 
19.61623849999887;24.6912;0.0000;15.8031 
19.6803977999989;25.4320;0.0000;15.1946 
19.727995299999748;24.6912;0.0000;15.6393 
19.775995599999078;25.4320;0.0000;15.4873 
19.823910799999794;25.4320;0.0000;15.6505 
19.88779590000013;24.9377;0.0000;15.3463 
19.93598799999927;25.4320;0.0000;15.3356 
19.984052599998904;25.1846;0.0000;15.6393 
20.04806869999993;25.4320;0.0000;15.3463 
20.09593539999878;24.9377;0.0000;15.4982 
20.144184999999197;25.4320;0.0000;15.1946 
20.19221060000018;24.9377;0.0000;15.4982 
20.25578999999925;25.1846;0.0000;15.4873 
20.30398779999996;24.9377;0.0000;15.3356 
20.35200149999946;24.9377;0.0000;15.4982 
20.400236899999072;25.4320;0.0000;15.4873 
20.463994699999603;25.1846;0.0000;15.4982 
20.512017099999866;24.9377;0.0000;15.6393 
20.559901799999352;24.9377;0.0000;15.4873 
20.607978000000003;25.1846;0.0000;15.3463 
20.67200269999921;24.9377;0.0000;15.3463 
20.720007299998542;25.1846;0.0000;15.4982 
20.76796099999956;24.9377;0.0000;15.8031 
20.831803999999465;25.4320;0.0000;15.3463 
20.879945900000166;24.9377;0.0000;15.4982 
20.92784749999919;24.6912;0.0000;15.3356 
20.97626759999912;24.6912;0.0000;15.4982 
21.03996779999943;25.1846;0.0000;15.6505 
21.08793279999918;24.9377;0.0000;15.7915 
21.13607889999912;24.9377;0.0000;15.3463 
21.184097800000018;25.1846;0.0000;15.6393 
21.247968499999843;25.1846;0.0000;15.3463 
21.2959594999993;25.1846;0.0000;15.6393 
21.3440574999986;25.1846;0.0000;15.4873 
21.407982799999445;25.1846;0.0000;15.3463 
21.455898199999865;25.1846;0.0000;15.1946 
21.504330599998866;25.4320;0.0000;15.6505 
21.55230560000018;24.9377;0.0000;15.3463 
21.615894599999592;25.1846;0.0000;15.4873 
21.66402999999991;25.1846;0.0000;15.6505 
21.712891600000148;24.6912;0.0000;15.3463 
21.759989599999244;25.4320;0.0000;15.4982 
21.823954699999376;24.6912;0.0000;15.6393 
21.872013700000025;24.6912;0.0000;15.4982 
21.919873099999677;24.6912;0.0000;15.4982 
21.96806359999937;25.4320;0.0000;15.6505 
22.032008599999244;25.1846;0.0000;15.1946 
22.080180799999653;25.6800;0.0000;15.3463 
22.12806669999918;24.9377;0.0000;15.7915 
22.191843900000094;24.9377;0.0000;15.4982 
22.240049199999703;25.1846;0.0000;15.0536 
22.28808079999908;24.1998;0.0000;15.0536 
22.336145499999475;24.6912;0.0000;15.4873 
22.399867599999197;24.4453;0.0000;15.3463 
22.44794699999875;25.1846;0.0000;15.1843 
22.4961962999987;24.6912;0.0000;15.3463 
22.544183299998622;23.9548;0.0000;15.4873 
22.60787589999927;24.9377;0.0000;15.7803 
22.655945399999837;24.6912;0.0000;15.3463 
22.70411249999961;24.9377;0.0000;16.0624 
22.767775499998606;25.4320;0.0000;15.3463 
22.815905599998587;25.1846;0.0000;15.6393 
22.864551499998925;25.1846;0.0000;15.9326 
22.912352699999246;24.9377;0.0000;15.4982 
22.975944899999377;24.9377;0.0000;15.9441 
23.024103199999445;25.1846;0.0000;15.7803 
23.072006299998975;25.1846;0.0000;15.3463 
23.120342000000164;25.4320;0.0000;15.7803 
23.184030399999756;25.6800;0.0000;15.6393 
23.2319983999987;25.4320;0.0000;15.8031 
23.280251500000304;25.4320;0.0000;15.6393 
23.343818600000304;25.6800;0.0000;16.2262 
23.39197249999961;25.6800;0.0000;15.6505 
23.440117299998747;25.6800;0.0000;15.6393 
23.488053699999;25.6800;0.0000;15.9560 
23.552292499998657;25.4320;0.0000;15.7915 
23.60016859999996;24.9377;0.0000;15.3463 
23.64823729999989;25.4320;0.0000;15.6393 
23.696165800000017;25.4320;0.0000;15.6393 
23.759887000000163;24.9377;0.0000;15.8031 
23.807944500000303;25.6800;0.0000;15.7915 
23.856100799999695;25.1846;0.0000;15.6505 
23.90416059999916;25.6800;0.0000;15.6505 
23.968045899999197;25.9284;0.0000;15.6505 
24.016123399998833;25.4320;0.0000;15.8031 
24.064192699999694;25.4320;0.0000;16.0970 
24.127775799999654;25.4320;0.0000;15.3463 
24.176028300000326;25.9284;0.0000;15.4982 
24.224031799998556;25.6800;0.0000;15.6393 
24.272208200000023;25.4320;0.0000;15.4982 
24.335905099998854;25.4320;0.0000;15.6393 
24.383927999999287;25.4320;0.0000;15.9560 
24.43204859999969;25.6800;0.0000;15.9441 
24.480475999998816;25.4320;0.0000;15.7915 
24.543823500000144;25.6800;0.0000;15.6393 
24.59234529999958;25.4320;0.0000;15.9441 
24.640456999999515;25.6800;0.0000;15.6393 
24.70403019999867;25.4320;0.0000;16.0851 
24.75192489999972;26.4269;0.0000;17.3910 
24.800090299999283;26.1774;0.0000;16.2627 
24.848162399999637;25.9284;0.0000;15.8031 
24.911799899999096;25.9284;0.0000;15.9560 
24.960020900000018;25.6800;0.0000;15.8031 
25.007947999998578;25.9284;0.0000;15.9560 
25.055975799999942;25.9284;0.0000;16.0970 
25.119939299998805;25.9284;0.0000;15.6505 
25.16810649999934;25.9284;0.0000;16.0970 
25.216382499998872;25.6800;0.0000;16.1092 
25.2797875999986;25.9284;0.0000;16.0970 
25.327952699999514;25.9284;0.0000;15.6505 
25.37600399999974;25.6800;0.0000;15.8031 
25.42433770000025;25.9284;0.0000;16.1092 
25.487947800000256;25.4320;0.0000;15.9560 
25.5360940999999;25.1846;0.0000;15.6505 
25.584072199999355;23.4662;0.0000;15.8031 
25.632195999998657;25.6800;0.0000;16.4860 
25.695854199999303;25.6800;0.0000;14.4499 
25.743919799999276;23.2226;0.0000;17.6402 
25.792140100000324;22.2524;0.0000;15.0062 
25.840480099999695;17.7288;0.0000;13.3718 
25.903860799999165;22.0110;0.0000;10.4351 
25.951982999999018;21.7699;0.0000;8.6243 
26.001034799999616;17.4941;0.0000;5.6953 
26.04800559999967;17.2597;0.0000;10.4437 
26.096173399999316;13.3169;0.0000;5.3921 
26.144379199999094;8.7577;0.0000;0.1554 
26.20775119999962;7.6277;0.0000;-3.9070 
26.25591109999914;7.4021;0.0000;-5.3217 
26.303723699998955;1.5660;0.0000;-5.9793 
26.351921199999197;0.4474;0.0000;-7.6092 
26.400152599999274;-2.0136;0.0000;-9.7450 
26.46400949999952;-8.0793;0.0000;-15.4490 
26.511985399998593;-15.8595;0.0000;-15.6712 
26.575839299999643;-14.4690;0.0000;-14.5455 
26.624184199999945;-16.7919;0.0000;-15.4107 
26.687882199999876;-17.9638;0.0000;-17.2679 
26.736240700000053;-20.5705;0.0000;-16.8960 
26.799985599998763;-15.3950;0.0000;-13.2751 
26.848082200000135;-22.0110;0.0000;-19.0834 
26.91192509999928;-24.4453;0.0000;-15.8603 
26.960078399999475;-25.9284;0.0000;-16.4244 
27.024569100000008;-26.1774;0.0000;-16.6265 
27.071962500000154;-26.9276;0.0000;-16.9432 
27.136087699998825;-25.6800;0.0000;-17.0842 
27.19982600000003;-26.6770;0.0000;-15.8031 
27.24802559999989;-26.4269;0.0000;-17.1350 
27.31179239999983;-26.6770;0.0000;-16.0970 
27.35992139999871;-26.1774;0.0000;-16.8664 
27.42432629999894;-27.6828;0.0000;-16.7254 
27.4720870000001;-26.9276;0.0000;-16.5708 
27.535890399998607;-26.6770;0.0000;-16.6987 
27.584103299999697;-26.6770;0.0000;-16.7254 
27.64798729999893;-26.9276;0.0000;-16.7254 
27.696153400000185;-27.1787;0.0000;-17.6764 
27.7599723000003;-27.1787;0.0000;-16.7254 
27.80787219999911;-27.1787;0.0000;-17.8013 
27.871941899999;-26.6770;0.0000;-17.0356 
27.919932400000107;-26.6770;0.0000;-16.2380 
27.984319199998936;-27.4305;0.0000;-16.8803 
28.032284199998685;-25.6800;0.0000;-16.7393 
28.09594300000026;-28.9533;0.0000;-16.7254 
28.1597716999986;-27.4305;0.0000;-16.8803 
28.208002999999735;-28.1892;0.0000;-18.8380 
28.271886700000323;-27.4305;0.0000;-16.8803 
28.320006799998737;-27.9357;0.0000;-16.8945 
28.383911199998693;-27.1787;0.0000;-16.5843 
28.43186969999988;-27.1787;0.0000;-17.0356 
28.495882999999594;-27.6828;0.0000;-16.7393 
28.54401069999949;-27.6828;0.0000;-16.2627 
28.60790040000029;-27.4305;0.0000;-16.7681 
28.65604499999972;-27.6828;0.0000;-17.1912 
28.719994099999894;-27.4305;0.0000;-16.1477 
28.768041899998934;-26.9276;0.0000;-15.5328 
28.832081099999414;-27.4305;0.0000;-15.6505 
28.88014639999892;-26.4269;0.0000;-16.2627 
28.944107499999518;-26.9276;0.0000;-16.7254 
28.99230770000031;-26.4269;0.0000;-16.4166 
29.05630199999905;-26.6770;0.0000;-16.1217 
29.119859099999303;-26.6770;0.0000;-16.5843 
29.168052400000306;-27.4305;0.0000;-16.2627 
29.23179159999927;-26.6770;0.0000;-17.0501 
29.280023899998923;-26.6770;0.0000;-16.7254 
29.34387969999989;-26.9276;0.0000;-16.5843 
29.392097599999033;-26.1774;0.0000;-16.1217 
29.456004899999243;-27.1787;0.0000;-17.0213 
29.504161099999692;-26.9276;0.0000;-16.4166 
29.56786909999937;-26.6770;0.0000;-16.4166 
29.616023499998846;-26.9276;0.0000;-16.2756 
29.67989200000011;-27.6828;0.0000;-16.5843 
29.728026499999032;-26.6770;0.0000;-16.2627 
29.791883099998813;-27.1787;0.0000;-16.4166 
29.840224899999157;-26.9276;0.0000;-16.2756 
29.903992300000027;-26.9276;0.0000;-16.4298 
29.96765509999932;-27.1787;0.0000;-16.4166 
30.015897600000244;-26.4269;0.0000;-16.8803 
30.079707299999427;-27.4305;0.0000;-16.1345 
30.128532200000336;-26.1774;0.0000;-16.4166 
30.19183840000005;-26.4269;0.0000;-16.4298 
30.24002069999915;-26.6770;0.0000;-17.0356 
30.303830699998798;-27.1787;0.0000;-16.4166 
30.35187059999953;-26.9276;0.0000;-17.1912 
30.41591359999984;-26.6770;0.0000;-17.0356 
30.46459390000018;-26.9276;0.0000;-17.1912 
30.527795799998785;-26.9276;0.0000;-16.7254 
30.576075999999375;-26.1774;0.0000;-17.0356 
30.640050099998916;-27.6828;0.0000;-16.7254 
30.68787909999992;-27.6828;0.0000;-16.8803 
30.752014899999267;-27.6828;0.0000;-17.0356 
30.800062599999364;-29.2092;0.0000;-16.7393 
30.863949099999445;-26.6770;0.0000;-17.8174 
30.927736800000275;-28.6979;0.0000;-16.2502 
30.975848299998688;-30.2395;0.0000;-14.8638 
31.039826000000176;-28.1892;0.0000;-16.7903 
31.08808189999945;-28.6979;0.0000;-17.0356 
31.15195119999953;-26.6770;0.0000;-17.5035 
31.200470399999176;-29.2092;0.0000;-17.3322 
31.263859200000297;-28.9533;0.0000;-17.3625 
31.312848599998688;-28.1892;0.0000;-17.6292 
31.376088799999707;-28.9533;0.0000;-18.2244 
31.423979999999574;-29.4658;0.0000;-18.1159 
31.487918199998603;-29.4658;0.0000;-17.6446 
31.536082999999053;-29.2092;0.0000;-17.7856 
31.599958499999047;-30.2395;0.0000;-17.6603 
31.648241299999427;-28.9533;0.0000;-20.1788 
31.711969699999827;-28.1892;0.0000;-17.6143 
31.760338999998567;-30.4988;0.0000;-19.4552 
31.824078599998757;-29.9809;0.0000;-19.0140 
31.88766289999876;-30.2395;0.0000;-19.7940 
31.936023099999147;-31.5428;0.0000;-19.6147 
31.99991989999944;-31.0194;0.0000;-20.3428 
32.047967999998946;-30.4988;0.0000;-19.2299 
32.11238719999892;-31.5428;0.0000;-19.8760 
32.16009709999889;-30.7587;0.0000;-19.0695 
32.22405809999873;-32.5987;0.0000;-19.2497 
32.271989900000335;-31.0194;0.0000;-20.0386 
32.335793000000194;-32.3336;0.0000;-20.0608 
32.38404509999964;-31.2808;0.0000;-19.3907 
32.44804899999872;-31.5428;0.0000;-20.0386 
32.49634700000024;-32.0693;0.0000;-19.7349 
32.55988029999935;-31.8057;0.0000;-19.0888 
32.60792140000012;-32.0693;0.0000;-19.5939 
32.671937199998865;-31.8057;0.0000;-19.8976 
32.73587829999997;-32.0693;0.0000;-19.2299 
32.78408959999979;-30.7587;0.0000;-18.9284 
32.84769029999916;-31.8057;0.0000;-20.2244 
32.89613239999926;-31.8057;0.0000;-19.2699 
32.959897299999284;-30.7587;0.0000;-19.7566 
33.008003899998585;-32.3336;0.0000;-19.2699 
33.072038299998894;-31.5428;0.0000;-19.7349 
33.12007519999861;-32.0693;0.0000;-19.7566 
33.18386889999965;-32.3336;0.0000;-20.0608 
33.23203639999883;-32.0693;0.0000;-19.8760 
33.29628039999989;-31.5428;0.0000;-19.8976 
33.344125199999326;-31.8057;0.0000;-19.5727 
33.40798899999936;-32.5987;0.0000;-19.7138 
33.45616809999956;-32.0693;0.0000;-19.7349 
33.51998319999984;-31.8057;0.0000;-19.5727 
33.56839769999897;-32.5987;0.0000;-20.2244 
33.631998199998634;-31.5428;0.0000;-20.0833 
33.69576119999874;-32.5987;0.0000;-20.0608 
33.74413409999943;-31.5428;0.0000;-19.8760 
33.80820440000025;-32.0693;0.0000;-19.9423 
33.85611179999978;-31.8057;0.0000;-19.2699 
33.91987309999968;-31.5428;0.0000;-19.7349 
33.9679701999994;-31.2808;0.0000;-19.7566 
34.0320243999995;-32.3336;0.0000;-19.7349 
34.08016049999969;-31.0194;0.0000;-19.1289 
34.144059399999605;-32.3336;0.0000;-19.9197 
34.192060699999274;-31.5428;0.0000;-18.9879 
34.25597050000033;-31.0194;0.0000;-19.1289 
34.3041319999993;-30.4988;0.0000;-17.3771 
34.36799539999993;-29.7230;0.0000;-16.1932 
34.416062899999815;-26.6770;0.0000;-14.9239 
34.4801396999992;-26.1774;0.0000;-9.3154 
34.5280647999989;-22.0110;0.0000;-6.6579 
34.59186640000007;-17.9638;0.0000;-6.8632 
34.640139699999054;-16.3252;0.0000;-2.9996 
34.688042899999346;-18.6707;0.0000;-3.2875 
34.752057499999864;-9.2106;0.0000;-2.4119 
34.80003339999894;-10.3455;0.0000;-3.5401 
34.84804019999865;-6.7259;0.0000;1.6482 
34.91171620000023;-4.7026;0.0000;5.0396 
34.95981949999987;-5.6010;0.0000;0.6512 
35.00789959999929;-2.6852;0.0000;-0.6260 
35.056402700000035;2.2374;0.0000;8.5241 
35.10414899999887;0.2237;0.0000;3.5851 
35.15192569999999;0.0000;0.0000;0.2753 
35.19991130000017;-0.4474;0.0000;0.0000 
35.2480986999999;0.4474;0.0000;0.5506 
35.2959009999995;0.4474;0.0000;-0.1377 
35.34402119999868;0.4474;0.0000;0.0000 
35.39189699999952;0.0000;0.0000;0.2787 
35.440077799999926;0.0000;0.0000;0.0000 
35.48804729999938;0.2237;0.0000;0.2787 
35.53692409999894;-0.2237;0.0000;0.0000 
35.58404319999863;0.0000;0.0000;0.2753 
35.63213749999886;0.0000;0.0000;0.0000 
35.695907699999225;-0.2237;0.0000;0.0000 
35.7437289999998;0.2237;0.0000;0.1377 
35.79171999999926;0.0000;0.0000;0.2787 
35.83970819999922;0.6711;0.0000;0.0000 
35.88786289999916;0.0000;0.0000;0.1410 
35.93575729999975;0.4474;0.0000;0.0000 
35.98389589999897;0.2237;0.0000;0.1377 
36.031829800000196;-0.2237;0.0000;0.1377 
36.0798466999986;0.2237;0.0000;0.1377 
36.127947299999505;0.0000;0.0000;0.2753 
36.17596749999939;0.2237;0.0000;0.1377 
36.22395150000011;0.0000;0.0000;0.0000 
36.27210609999929;0.0000;0.0000;-0.1377 
36.32007569999951;0.2237;0.0000;0.0000 
36.36800740000035;-0.2237;0.0000;0.1377 
36.41612489999898;0.2237;0.0000;0.0000 
36.46405640000012;0.2237;0.0000;0.1377 
36.51290049999989;0.4474;0.0000;-0.1377 
36.55986019999909;-0.2237;0.0000;0.1377 
36.60825939999995;0.6711;0.0000;0.1377 
36.65600900000027;0.4474;0.0000;0.1377 
36.70411979999881;-0.2237;0.0000;0.0000 
36.752129700000296;0.2237;0.0000;0.1377 
36.815766099998655;0.0000;0.0000;0.0000 
36.863925599998765;0.2237;0.0000;0.1377 
36.91198059999988;0.2237;0.0000;0.2753 
36.95971349999854;0.0000;0.0000;0.1377 
37.007665899998756;0.2237;0.0000;0.0000 
37.055856400000266;-0.4474;0.0000;0.1377 
37.10381269999925;0.0000;0.0000;0.1377 
37.151903399999355;0.0000;0.0000;0.0000 
37.199687399999675;0.0000;0.0000;0.2753 
37.24791819999882;0.0000;0.0000;-0.1377 
37.29612819999966;0.0000;0.0000;0.0000 
37.34415429999899;0.2237;0.0000;0.0000 
37.39193469999918;0.2237;0.0000;0.0000 
37.43993389999923;0.2237;0.0000;0.1377 
37.48796819999916;0.4474;0.0000;0.1410 
37.53588200000013;0.0000;0.0000;0.2753 
37.583954199999425;0.0000;0.0000;0.0000 
37.6319311999996;0.2237;0.0000;0.0000 
37.67998280000029;0.2237;0.0000;-0.1377 
37.727976999998646;-0.2237;0.0000;0.4130 
37.776119799998924;0.2237;0.0000;0.0000 
37.82408249999935;0.0000;0.0000;0.0000 
37.87212379999983;0.0000;0.0000;0.4130 
37.920188599999165;0.0000;0.0000;0.2753 
37.96814119999908;0.4474;0.0000;0.0000 
38.01591189999999;0.0000;0.0000;0.1377 
38.064142499999434;0.0000;0.0000;0.1377 
38.11216539999987;0.0000;0.0000;0.2787 
38.16013159999966;0.2237;0.0000;0.2787 
38.20815429999857;0.2237;0.0000;0.1377 
38.256281500000114;0.0000;0.0000;-0.1377 
38.30405249999967;0.2237;0.0000;0.0000 
38.35240739999972;0.0000;0.0000;0.0000 
38.40002439999989;0.0000;0.0000;0.1377 
38.44787089999954;0.2237;0.0000;0.0000 
38.49638659999982;0.0000;0.0000;0.1377 
38.543947999998636;0.0000;0.0000;0.0000 
38.60787419999906;0.0000;0.0000;-0.1377 
38.657046999998784;0.4474;0.0000;0.0000 
38.70369430000028;0.0000;0.0000;0.0000 
38.75180799999907;0.0000;0.0000;0.0000 
38.799877800000104;0.2237;0.0000;0.0000 
38.847889399999985;0.2237;0.0000;0.2753 
38.89577929999905;0.0000;0.0000;0.1377 
38.94379499999923;0.4474;0.0000;0.0000 
38.99186689999988;-0.2237;0.0000;0.2753 
39.03986209999857;0.0000;0.0000;0.1377 
39.08788269999968;-0.4474;0.0000;0.1377 
39.135850599999685;0.4474;0.0000;0.2787 
39.18439869999929;-0.2237;0.0000;0.5506 
39.23183309999877;0.0000;0.0000;0.1377 
39.28040409999994;-0.2237;0.0000;0.2753 
39.32784299999912;-0.2237;0.0000;-0.1377 
39.391809799999464;0.4474;0.0000;-0.1377 
39.44025419999889;0.2237;0.0000;0.2753 
39.487877699999444;0.0000;0.0000;-0.1377 
39.535887199999706;0.0000;0.0000;0.1377 
39.58407129999978;0.0000;0.0000;0.2787 
39.63190679999934;0.0000;0.0000;0.0000 
39.6800089999997;0.0000;0.0000;0.1377 
39.72797979999996;0.2237;0.0000;0.1377 
39.77592029999869;0.0000;0.0000;-0.1377 
39.82405370000015;0.0000;0.0000;0.2787 
39.8721917999992;0.4474;0.0000;-0.1377 
39.92016259999946;-0.2237;0.0000;-0.1377 
39.968377499999406;0.0000;0.0000;0.0000 
40.015987299999324;0.0000;0.0000;0.0000 
40.06412040000032;0.0000;0.0000;0.2753 
40.112199499999406;0.2237;0.0000;0.2753 
40.17572779999864;0.2237;0.0000;0.1377 
40.223722599999746;0.2237;0.0000;0.0000 
40.27163990000008;0.2237;0.0000;0.1410 
40.3199341999989;0.0000;0.0000;0.1377 
40.367916799999875;0.2237;0.0000;-0.1377 
40.41607169999952;-0.2237;0.0000;0.2787 
40.46385509999891;0.0000;0.0000;0.0000 
40.51206269999966;0.2237;0.0000;0.0000 
40.55999150000025;-0.2237;0.0000;0.2753 
40.60858129999906;0.2237;0.0000;0.0000 
40.65610829999969;0.0000;0.0000;0.0000 
40.70430419999866;0.2237;0.0000;0.0000 
40.75197879999905;0.4474;0.0000;-0.1377 
40.80000139999902;0.2237;0.0000;0.0000 
40.84800059999907;0.0000;0.0000;0.0000 
40.895851799999946;0.2237;0.0000;0.1377 
40.94436239999959;0.4474;0.0000;0.1377 
40.99202469999909;0.4474;0.0000;0.1377 
41.04024529999879;-0.4474;0.0000;0.0000 
41.08805550000034;0.2237;0.0000;0.0000 
41.136172200000146;0.4474;0.0000;0.0000 
41.1842359000002;0.0000;0.0000;0.1377 
41.232252300000255;0.0000;0.0000;0.0000 
41.28059409999878;0.0000;0.0000;0.2787 
41.328136000000086;0.0000;0.0000;0.4163 
41.37628229999973;0.2237;0.0000;0.1410 
41.42412499999955;0.2237;0.0000;0.1377 
41.47197839999899;0.4474;0.0000;0.0000 
41.52010979999977;0.2237;0.0000;0.0034 
41.56816799999979;0.0000;0.0000;0.2753 
41.631794199998694;0.0000;0.0000;0.2753 
41.679814799999804;-0.2237;0.0000;-0.1377 
41.728042200000345;0.0000;0.0000;0.0000 
41.775880099999995;0.2237;0.0000;0.2753 
41.82401199999913;-0.2237;0.0000;-0.1377 
41.872084699998595;-0.2237;0.0000;0.2753 
41.92043989999911;0.2237;0.0000;0.2753 
41.96799529999953;0.0000;0.0000;0.1377 
42.015811100000064;0.2237;0.0000;0.0000 
42.064265400000295;0.0000;0.0000;0.1377 
42.11201059999985;0.2237;0.0000;0.0000 
42.160034700000324;0.2237;0.0000;0.0000 
42.20788989999892;0.0000;0.0000;0.2787 
42.256189199999426;0.2237;0.0000;0.0000 
42.30405470000005;0.2237;0.0000;0.0000 
42.35216869999931;0.4474;0.0000;0.0000 
42.4002289;-0.2237;0.0000;0.2753 
42.4480126999988;0.2237;0.0000;0.0000 
42.49603819999902;0.0000;0.0000;0.1377 
42.55982969999968;0.4474;0.0000;0.0034 
42.60780689999956;0.0000;0.0000;0.0034 
42.65591680000034;0.0000;0.0000;0.0034 
42.70416359999945;0.2237;0.0000;0.1377 
42.75180290000026;0.0000;0.0000;0.1377 
42.79982670000027;-0.2237;0.0000;0.2753 
42.84790449999855;0.0000;0.0000;0.0000 
42.89582509999855;-0.2237;0.0000;0.0000 
42.94410349999998;0.2237;0.0000;0.0000 
42.991927600000054;0.2237;0.0000;0.1377 
43.04022499999883;-0.2237;0.0000;0.1377 
43.0879616000002;0.0000;0.0000;0.0000 
43.13635909999903;0.2237;0.0000;0.1377 
43.18403659999967;0.0000;0.0000;0.0000 
43.23190149999937;0.2237;0.0000;0.0000 
43.28022189999865;0.0000;0.0000;-0.1377 
43.32823889999963;0.0000;0.0000;0.0000 
43.37619909999921;-0.2237;0.0000;0.0000 
43.43980170000032;-0.2237;0.0000;0.1377 
43.487757099999726;0.0000;0.0000;0.0000 
43.535894599999665;-0.2237;0.0000;0.1377 
43.583853799998906;-0.2237;0.0000;0.4130 
43.63192269999854;0.2237;0.0000;0.0000 
43.68006289999903;0.0000;0.0000;0.0000 
43.72780760000023;0.4474;0.0000;0.0000 
43.77603939999972;0.2237;0.0000;0.0000 
43.82400599999892;0.0000;0.0000;0.0000 
43.87181239999882;-0.2237;0.0000;0.0000 
43.92006709999987;0.0000;0.0000;0.1377 
43.968421199999284;0.0000;0.0000;0.0000 
44.01611839999896;0.2237;0.0000;0.0000 
44.0639728999995;0.2237;0.0000;0.0000 
44.1122333000003;0.0000;0.0000;0.1410 
44.159945899999;0.2237;0.0000;0.0000 
44.208084199999576;0.0000;0.0000;0.0000 
44.256092499999795;0.0000;0.0000;0.0000 
44.30405889999929;0.0000;0.0000;0.1377 
44.351894399998855;0.0000;0.0000;0.0000 
44.40006910000011;0.0000;0.0000;0.0000 
44.4479711999993;0.0000;0.0000;0.1410 
44.49624419999964;0.0000;0.0000;0.0000 
44.544018499998856;0.2237;0.0000;0.0000 
44.59218259999943;0.0000;0.0000;0.1377 
44.63998349999929;-0.2237;0.0000;0.1377 
44.68798069999866;0.0000;0.0000;0.0034 
44.73614429999907;0.4474;0.0000;0.2753 
44.78416389999984;0.2237;0.0000;0.1377 
44.84772840000005;-0.2237;0.0000;0.0000 
44.89574670000002;0.2237;0.0000;0.1377 
44.94379089999893;0.2237;0.0000;0.1377 
44.99172379999982;0.4474;0.0000;0.0000 
45.0405611999995;0.2237;0.0000;0.1377 
45.08785229999921;0.2237;0.0000;0.1377 
45.13580279999951;-0.2237;0.0000;0.2753 
45.18385719999969;0.2237;0.0000;0.2753 
45.23193299999912;0.0000;0.0000;0.1377 
45.27987469999971;0.0000;0.0000;0.0000 
45.32801209999889;-0.2237;0.0000;0.0000 
45.3759388999988;0.2237;0.0000;0.1377 
45.42410480000035;0.2237;0.0000;0.1377 
45.47208539999883;-0.2237;0.0000;0.1377 
45.52010899999914;0.0000;0.0000;0.0000 
45.56802020000032;-0.4474;0.0000;0.0000 
45.61620729999959;0.0000;0.0000;0.1410 
45.663953299999775;0.2237;0.0000;0.1377 
45.71196669999881;0.0000;0.0000;0.0000 
45.75994949999949;0.0000;0.0000;0.2787 
45.80807959999947;0.0000;0.0000;-0.1377 
45.85625590000018;0.2237;0.0000;0.1377 
45.90426099999968;0.0000;0.0000;0.2753 
45.952195899999424;0.0000;0.0000;0.0000 
46.00005520000013;0.0000;0.0000;0.0000 
46.06372839999858;0.0000;0.0000;-0.1377 
46.111841099998855;-0.2237;0.0000;0.1377 
46.15980200000013;0.2237;0.0000;0.0000 
46.207956000000195;0.0000;0.0000;0.1377 
46.25597729999936;0.2237;0.0000;0.1377 
46.303871599999184;0.2237;0.0000;0.2753 
46.35174509999888;0.0000;0.0000;0.1377 
46.40003400000023;0.0000;0.0000;-0.1377 
46.44793409999875;0.2237;0.0000;0.0000 
46.495872299999974;0.2237;0.0000;0.1377 
46.54398669999864;0.2237;0.0000;0.1377 
46.59217809999973;0.2237;0.0000;0.0000 
46.639944900000046;0.2237;0.0000;0.1377 
46.68807860000015;0.6711;0.0000;0.2753 
46.73589329999959;0.2237;0.0000;0.0000 
46.78412500000013;-0.2237;0.0000;0.0000 
46.83199349999995;0.0000;0.0000;0.0000 
46.88033019999966;0.0000;0.0000;0.0000 
46.927962099998695;0.2237;0.0000;0.1377 
46.976031399999556;0.0000;0.0000;0.2753 
47.02400999999918;-0.4474;0.0000;0.1377 
47.07217169999967;0.2237;0.0000;0.1377 
47.120072800000344;0.2237;0.0000;0.0000 
47.168037399998866;0.2237;0.0000;0.1377 
47.216182399999525;0.2237;0.0000;0.1377 
47.26420369999869;0.2237;0.0000;0.4163 
47.31196759999875;0.2237;0.0000;0.0000 
47.3600435999997;0.0000;0.0000;0.0000 
47.40810579999925;0.0000;0.0000;0.2787 
47.45619259999876;0.4474;0.0000;0.1377 
47.50402589999976;0.0000;0.0000;0.0000 
47.56772709999859;-0.2237;0.0000;-0.1377 
47.6159760999999;-0.2237;0.0000;0.1377 
47.66407259999869;0.4474;0.0000;0.1377 
47.71200019999924;0.2237;0.0000;-0.1377 
47.75996630000009;0.0000;0.0000;0.1377 
47.8078418999994;0.2237;0.0000;0.2787 
47.855881899999076;0.0000;0.0000;0.0000 
47.90379919999941;0.0000;0.0000;0.1377 
47.95216029999938;0.0000;0.0000;0.2787 
48.000134300000354;-0.2237;0.0000;-0.1377 
48.04821129999982;0.0000;0.0000;0.1410 
48.096036099999765;0.0000;0.0000;0.1377 
48.144032700000025;0.2237;0.0000;0.0000 
48.19201599999906;0.2237;0.0000;0.0000 
48.2399676999994;0.0000;0.0000;0.0000 
48.28843799999959;0.2237;0.0000;0.1410 
48.33602239999891;0.2237;0.0000;0.1377 
48.38396130000001;0.0000;0.0000;0.1377 
48.432013599998754;0.0000;0.0000;0.0000 
48.48000369999863;0.2237;0.0000;0.0000 
48.54381469999862;0.2237;0.0000;-0.1377 
48.5918559999991;0.2237;0.0000;0.0000 
48.639780299999984;0.4474;0.0000;0.0000 
48.68773019999935;0.2237;0.0000;0.0000 
48.73600909999914;-0.2237;0.0000;-0.1377 
48.783827699999165;0.2237;0.0000;0.0000 
48.831894699998884;0.0000;0.0000;0.1377 
48.8799444999986;0.2237;0.0000;0.1377 
48.927848899998935;0.0000;0.0000;0.1377 
48.97582279999915;0.2237;0.0000;0.0000 
49.02403210000011;0.0000;0.0000;0.0000 
49.071839099999124;0.0000;0.0000;0.1377 
49.119854999999006;0.0000;0.0000;0.1377 
49.168138299999555;-0.2237;0.0000;0.1377 
49.2159002999997;0.2237;0.0000;0.0000 
49.264013899999554;0.0000;0.0000;0.1377 
49.311960799999724;0.4474;0.0000;0.2753 
49.36009719999856;0.0000;0.0000;0.0000 
49.40787339999952;0.0000;0.0000;-0.1377 
49.456244299999526;-0.2237;0.0000;0.1377 
49.503976500000135;0.0000;0.0000;0.1377 
49.55213989999902;0.0000;0.0000;0.1377 
49.600143099998604;-0.2237;0.0000;0.0000 
49.66368510000029;0.2237;0.0000;0.1377 
49.71185229999901;-0.2237;0.0000;0.0000 
49.75978279999981;0.4474;0.0000;0.1377 
49.807715999999346;0.2237;0.0000;-0.1377 
49.85578600000008;0.2237;0.0000;0.2753 
49.903883799999676;0.2237;0.0000;0.0000 
49.9519822000002;0.2237;0.0000;0.1377 
49.99969090000013;0.0000;0.0000;-0.1377 
50.047957799999494;0.0000;0.0000;0.1377 
50.09575479999876;0.4474;0.0000;0.2787 
50.14384069999869;0.2237;0.0000;0.1377 
50.19184580000001;0.2237;0.0000;0.1377 
50.23995829999876;-0.2237;0.0000;0.0000 
50.28804729999865;-0.2237;0.0000;-0.2753 
50.335997000000134;-0.2237;0.0000;0.1377 
50.3997791999991;0.2237;0.0000;-0.1377 
50.4477509999997;0.2237;0.0000;0.1377 
50.49581659999967;0.0000;0.0000;0.1377 
50.543947500000286;0.0000;0.0000;-0.1343 
50.59190409999974;-0.4474;0.0000;0.0000 
50.64006429999972;0.0000;0.0000;0.0000 
50.68783999999869;0.2237;0.0000;0.0000 
50.736143599999195;-0.2237;0.0000;0.1377 
50.783945699999094;0.4474;0.0000;0.1377 
50.83190110000032;0.2237;0.0000;0.1377 
50.88015239999913;0.0000;0.0000;-0.1377 
50.92825019999873;0.0000;0.0000;0.0000 
50.975990799999636;0.2237;0.0000;0.2753 
51.02407019999919;-0.2237;0.0000;0.1410 
51.07199310000033;-0.2237;0.0000;0.0000 
51.135652499999196;-0.2237;0.0000;0.2753 
51.183700800000224;0.2237;0.0000;0.2753 
51.23179119999986;0.2237;0.0000;0.0000 
51.27993609999976;0.2237;0.0000;0.1377 
51.327870399998574;-0.2237;0.0000;0.0000 
51.375795500000095;0.2237;0.0000;0.2753 
51.423836299998584;-0.2237;0.0000;0.0000 
51.47194959999979;0.0000;0.0000;-0.1377 
51.51996429999963;0.4474;0.0000;0.0000 
51.56797499999993;0.2237;0.0000;0.2787 
51.6158403999998;0.0000;0.0000;0.0000 
51.663877999999386;0.0000;0.0000;0.4130 
51.711850499999855;0.2237;0.0000;0.1377 
51.75979649999863;0.2237;0.0000;0.0000 
51.80791560000034;0.0000;0.0000;0.0000 
51.85621309999988;0.2237;0.0000;0.0000 
51.90385939999942;0.0000;0.0000;0.4163 
51.95218279999972;0.2237;0.0000;0.0000 
52.000387000000046;0.2237;0.0000;0.1377 
52.048002699999415;-0.2237;0.0000;0.1377 
52.0959055000003;0.0000;0.0000;0.1377 
52.1440848000002;0.2237;0.0000;0.2753 
52.19181959999878;0.2237;0.0000;0.1377 
52.24008499999945;0.0000;0.0000;0.0000 
52.28793779999978;0.0000;0.0000;0.2753 
52.33598009999878;0.0000;0.0000;0.0000 
52.384067299999515;0.2237;0.0000;0.0000 
52.43187979999857;0.2237;0.0000;0.0000 
52.48009699999966;0.6711;0.0000;0.1410 
52.52798409999923;0.4474;0.0000;-0.1377 
52.576047700000345;0.2237;0.0000;0.0000 
52.62428980000004;0.0000;0.0000;0.1377 
52.67206900000019;-0.2237;0.0000;0.1377 
52.73655979999967;0.4474;0.0000;0.1377 
52.78424769999947;0.2237;0.0000;0.1377 
52.83276889999979;0.2237;0.0000;0.1410 
52.8797799999993;0.0000;0.0000;0.0000 
52.92775289999918;0.2237;0.0000;0.0000 
52.97582390000025;0.2237;0.0000;0.1377 
53.02369219999855;0.2237;0.0000;0.1377 
53.07175499999903;0.0000;0.0000;0.1410 
53.119920600000114;0.4474;0.0000;0.0034 
53.167820999999094;0.0000;0.0000;0.0000 
53.21640499999921;0.0000;0.0000;0.0000 
53.2645868999989;0.2237;0.0000;0.0000 
53.3117915999992;0.2237;0.0000;0.0000 
53.359972899999775;0.2237;0.0000;0.0000 
53.40782969999964;0.2237;0.0000;0.1377 
53.455822399999306;0.0000;0.0000;0.1377 
53.50400069999887;0.2237;0.0000;0.1377 
53.551955999999336;0.2237;0.0000;0.1377 
53.600151200000255;0.0000;0.0000;0.0000 
53.64782259999993;0.0000;0.0000;0.1377 
53.69581519999883;0.0000;0.0000;0.0000 
53.74402749999899;0.0000;0.0000;0.0000 
53.79310289999921;0.2237;0.0000;0.1410 
53.839866999998776;0.0000;0.0000;0.0034 
53.888040300000284;0.0000;0.0000;0.4163 
53.935835999998744;-0.2237;0.0000;-0.1377 
53.98405989999992;0.2237;0.0000;0.2753 
54.031788099999176;0.2237;0.0000;0.0000 
54.080362499998955;0.2237;0.0000;0.1377 
54.1289743999987;0.2237;0.0000;0.0000 
54.1759349999993;0.0000;0.0000;0.1377 
54.22406500000034;-0.2237;0.0000;0.1377 
54.27201699999932;0.2237;0.0000;0.1377 
54.31996799999979;0.2237;0.0000;0.1377 
54.36803999999938;0.0000;0.0000;0.0000 
54.43175559999872;-0.2237;0.0000;-0.1377 
54.479830299998866;0.2237;0.0000;0.0000 
54.52777760000026;0.2237;0.0000;0.4163 
54.57598689999941;0.4474;0.0000;0.0000 
54.623720399999;-0.2237;0.0000;0.0000 
54.67187719999856;0.0000;0.0000;0.0000 
54.71984960000009;0.0000;0.0000;0.0000 
54.767788799999835;0.0000;0.0000;0.0000 
54.81584219999968;0.0000;0.0000;0.4163 
54.86377539999921;0.2237;0.0000;0.0000 
54.91200679999929;0.2237;0.0000;0.0034 
54.959888299999875;0.2237;0.0000;0.1377 
55.00809769999978;0.0000;0.0000;0.0034 
55.056128099999114;0.2237;0.0000;0.0000 
55.103944799999226;0.0000;0.0000;0.0000 
55.15190989999974;0.4474;0.0000;0.1377 
55.19995910000034;-0.2237;0.0000;0.0000 
55.24810669999897;0.6711;0.0000;0.1377 
55.295791099999406;0.0000;0.0000;0.2787 
55.344171200000346;0.0000;0.0000;0.2787 
55.39191009999922;0.2237;0.0000;0.0034 
55.4400655999998;0.0000;0.0000;0.4130 
55.48805170000014;0.4474;0.0000;0.1377 
55.5358269999997;0.2237;0.0000;0.1377 
55.58395829999972;0.2237;0.0000;0.4130 
55.63205519999974;0.2237;0.0000;0.2753 
55.68010689999937;0.0000;0.0000;0.0000 
55.728063999998994;0.4474;0.0000;0.0000 
55.77621199999885;0.0000;0.0000;0.0000 
55.823824299999615;0.0000;0.0000;0.0000 
55.87184189999971;0.2237;0.0000;0.0000 
55.91988619999938;-0.2237;0.0000;0.0000 
55.983816599999045;0.2237;0.0000;0.1410 
56.031825500000195;0.4474;0.0000;0.0000 
56.079960299999584;0.0000;0.0000;0.2753 
56.1278188999986;0.4474;0.0000;0.1377 
56.175712599999315;0.0000;0.0000;0.1377 
56.22399079999923;0.0000;0.0000;0.1377 
56.27162919999864;0.0000;0.0000;0.1377 
56.319836900000155;0.2237;0.0000;0.0000 
56.367777899999055;-0.2237;0.0000;0.1377 
56.41566830000011;-0.2237;0.0000;0.1410 
56.46374929999911;0.2237;0.0000;0.1410 
56.51181290000022;0.2237;0.0000;0.1377 
56.55994399999872;0.2237;0.0000;0.4163 
56.609415400000216;0.0000;0.0000;0.0000 
56.65589579999869;0.0000;0.0000;0.0000 
56.70401320000019;0.2237;0.0000;0.0000 
56.75188629999866;0.0000;0.0000;0.0000 
56.799922199999855;0.0000;0.0000;0.0000 
56.84792629999902;0.0000;0.0000;0.0000 
56.895828699998674;0.0000;0.0000;0.0000 
56.943891499999154;0.0000;0.0000;0.1377 
56.99199799999951;0.0000;0.0000;0.0000 
57.04018840000026;0.0000;0.0000;0.1377 
57.08796059999986;-0.2237;0.0000;0.2753 
57.13607239999874;0.4474;0.0000;0.1377 
57.18389500000012;0.2237;0.0000;0.1377 
57.231962300000305;0.0000;0.0000;0.1410 
57.279957299999296;-0.2237;0.0000;0.0000 
57.32803739999872;0.0000;0.0000;0.2753 
57.37619900000027;0.2237;0.0000;0.1377 
57.42383709999922;0.0000;0.0000;0.1377 
57.471880399998554;0.0000;0.0000;0.1377 
57.51995199999874;0.2237;0.0000;0.1377 
57.56776960000025;0.2237;0.0000;0.0000 
57.615960999999515;0.2237;0.0000;0.1377 
57.663803199999165;0.0000;0.0000;0.1377 
57.71211210000001;0.0000;0.0000;0.0000 
57.76036430000022;0.2237;0.0000;0.1377 
57.8077788999999;0.4474;0.0000;0.0000 
57.85595639999883;0.6711;0.0000;0.1377 
57.904120299999704;0.0000;0.0000;0.1377 
57.951929400000154;0.2237;0.0000;0.1377 
58.01561279999987;-0.2237;0.0000;0.1410 
58.06383139999889;0.0000;0.0000;-0.4130 
58.1118379999989;0.2237;0.0000;0.2753 
58.1597843999989;0.2237;0.0000;0.1377 
58.20774999999958;0.2237;0.0000;0.0000 
58.255956799999694;0.2237;0.0000;0.1377 
58.30370319999929;0.6711;0.0000;0.0000 
58.35178289999931;0.0000;0.0000;0.4130 
58.39989479999895;0.0000;0.0000;-0.2753 
58.447721999998976;0.0000;0.0000;-0.1377 
58.49612429999979;0.2237;0.0000;0.0000 
58.54374920000009;0.0000;0.0000;0.1377 
58.591856999999436;0.2237;0.0000;-0.1377 
58.63973409999926;0.0000;0.0000;0.0000 
58.68809460000011;0.4474;0.0000;0.2753 
58.73577579999983;0.2237;0.0000;0.0000 
58.783932899999854;0.2237;0.0000;0.1377 
58.831934300000285;0.2237;0.0000;0.2787 
58.87983340000028;0.0000;0.0000;0.1410 
58.92799079999895;0.2237;0.0000;0.1377 
58.97591339999963;0.2237;0.0000;0.0000 
59.024016199999096;0.2237;0.0000;0.0000 
59.07200980000016;0.0000;0.0000;0.0000 
59.12006139999903;0.2237;0.0000;0.1377 
59.16803590000018;0.4474;0.0000;0.1377 
59.21606799999972;0.6711;0.0000;0.1377 
59.26411419999931;0.2237;0.0000;0.0000 
59.31198659999973;0.2237;0.0000;0.2787 
59.359998500000074;0.0000;0.0000;0.1377 
59.407980199999656;0.0000;0.0000;0.0000 
59.45606869999938;0.0000;0.0000;0.1377 
59.50383739999961;-0.2237;0.0000;0.1377 
59.56754480000018;0.2237;0.0000;0.0000 
59.61576739999873;0.0000;0.0000;-0.2753 
59.66380759999993;-0.2237;0.0000;-0.1377 
59.71181069999875;-0.2237;0.0000;0.1377 
59.76014889999897;0.2237;0.0000;0.1377 
59.808001800000056;0.2237;0.0000;0.1377 
59.85596710000027;0.4474;0.0000;0.2753 
59.90406389999953;0.0000;0.0000;0.1377 
59.95207610000034;0.2237;0.0000;0.0000 
60.00003049999941;0.2237;0.0000;0.0000 
60.04789669999991;0.2237;0.0000;0.1377 
60.095960799999375;0.0000;0.0000;0.1377 
60.14419699999962;0.2237;0.0000;-0.1377 
60.192060800000036;-0.2237;0.0000;0.2753 
60.239986799999315;0.0000;0.0000;0.1377 
60.3036076999997;-0.2237;0.0000;0.1377 
60.35178359999918;0.2237;0.0000;0.1377 
60.399656399999;0.0000;0.0000;0.1377 
60.44767619999948;0.2237;0.0000;0.1377 
60.49574729999949;0.0000;0.0000;0.2787 
60.543779099998574;0.2237;0.0000;0.1410 
60.59181809999973;0.0000;0.0000;-0.1377 
60.64014959999986;0.0000;0.0000;-0.1377 
60.68773409999994;0.2237;0.0000;0.0000 
60.7358351999992;0.4474;0.0000;0.0000 
60.783726800000295;-0.2237;0.0000;0.0000 
60.83198889999949;-0.2237;0.0000;-0.1377 
60.88000069999907;0.2237;0.0000;0.2787 
60.92789079999966;0.0000;0.0000;0.0000 
60.97592919999988;0.0000;0.0000;0.1377 
61.02386529999967;0.2237;0.0000;0.1377 
61.071783100000175;0.2237;0.0000;-0.1377 
61.120353799999066;0.4474;0.0000;0.0000 
61.16809839999951;0.2237;0.0000;0.0000 
61.21600439999929;0.2237;0.0000;0.2753 
61.279611099998874;0.0000;0.0000;0.0000 
61.32766040000024;0.0000;0.0000;0.1377 
61.37571579999894;0.2237;0.0000;0.2753 
61.423603600000206;0.0000;0.0000;0.1377 
61.47166929999912;0.0000;0.0000;0.0000 
61.519671399999424;0.0000;0.0000;0.1377 
61.5679540000001;0.0000;0.0000;0.1377 
61.61587999999938;0.0000;0.0000;0.2787 
61.663695799999914;0.2237;0.0000;0.0000 
61.71158649999961;0.0000;0.0000;0.2753 
61.75970629999938;0.2237;0.0000;0.0000 
61.80761919999895;0.0000;0.0000;0.2753 
61.85579009999856;-0.4474;0.0000;0.0000 
61.90390599999955;0.0000;0.0000;0.1377 
61.951694399998814;0.0000;0.0000;0.1377 
61.99963349999962;0.2237;0.0000;0.0000 
62.047794399999475;-0.2237;0.0000;0.2753 
62.09574299999986;0.2237;0.0000;0.1377 
62.143935500000225;-0.2237;0.0000;0.0000 
62.19216849999975;0.4474;0.0000;0.0000 
62.23990959999901;0.2237;0.0000;0.1377 
62.28787099999863;0.2237;0.0000;0.2753 
62.335898799999995;0.0000;0.0000;-0.5506 
62.38402999999926;0.2237;0.0000;0.1377 
62.43202790000032;0.2237;0.0000;0.0000 
62.480120799998986;-0.2237;0.0000;0.0000 
62.528001499998936;0.0000;0.0000;0.0000 
62.57628769999974;0.0000;0.0000;0.1377 
62.624032499999885;0.2237;0.0000;0.1377 
62.671935599999415;0.2237;0.0000;0.0000 
62.72008370000003;0.2237;0.0000;0.1410 
62.76791579999917;0.2237;0.0000;0.0000 
62.81593839999914;0.0000;0.0000;0.1410 
62.86379169999964;0.2237;0.0000;0.1377 
62.91191640000034;0.0000;0.0000;0.0000 
62.96009049999884;0.0000;0.0000;0.1377 
63.00803739999901;0.2237;0.0000;0.0000 
63.071662899999865;0.0000;0.0000;0.1377 
63.11963229999856;0.0000;0.0000;0.1377 
63.167590899998686;0.4474;0.0000;0.0000 
63.21559789999992;0.0000;0.0000;0.1377 
63.263689800000066;0.2237;0.0000;0.0000 
63.31163039999956;0.2237;0.0000;0.4163 
63.359839299999294;0.0000;0.0000;-0.1343 
63.407838099999935;0.0000;0.0000;-0.1377 
63.45587349999914;0.2237;0.0000;-0.1377 
63.50436230000014;0.0000;0.0000;-0.1377 
63.55183450000004;0.4474;0.0000;0.1377 
63.60033949999888;0.2237;0.0000;0.0000 
63.64790029999858;0.2237;0.0000;0.1410 
63.6960483999992;-0.2237;0.0000;0.1377 
63.74399089999861;0.2237;0.0000;0.0000 
63.791975599999205;0.0000;0.0000;0.0000 
63.840234399998735;0.2237;0.0000;0.0000 
63.88777499999924;0.0000;0.0000;0.1377 
63.93588009999985;-0.2237;0.0000;0.0000 
63.98410639999929;0.0000;0.0000;0.1377 
64.0476080999997;0.4474;0.0000;-0.1377 
64.095637299999;0.0000;0.0000;-0.1377 
64.14369309999893;0.0000;0.0000;-0.1377 
64.19178159999865;0.0000;0.0000;0.1377 
64.23982950000027;-0.2237;0.0000;0.0000 
64.28769800000009;0.0000;0.0000;0.0034 
64.33577960000002;-0.2237;0.0000;0.1377 
64.38377049999872;0.0000;0.0000;0.0000 
64.43174659999931;0.2237;0.0000;0.0000 
64.4799450999999;0.2237;0.0000;0.1377 
64.52791309999884;0.0000;0.0000;0.0000 
64.57576080000035;0.0000;0.0000;0.1377 
64.62392269999873;0.2237;0.0000;0.0000 
64.67214090000016;0.2237;0.0000;0.2753 
64.71978109999873;0.4474;0.0000;0.2753 
64.76805419999982;-0.2237;0.0000;0.4163 
64.81597209999927;0.4474;0.0000;0.1377 
64.87967359999857;-0.2237;0.0000;0.0000 
64.92770599999858;-0.2237;0.0000;0.0000 
64.9758039999997;0.2237;0.0000;-0.1377 
65.02365989999998;0.0000;0.0000;0.1377 
65.07168989999991;0.0000;0.0000;0.0000 
65.11975249999887;0.2237;0.0000;0.1377 
65.16795309999907;0.2237;0.0000;0.0000 
65.2159032999989;0.2237;0.0000;0.0000 
65.26385440000013;0.0000;0.0000;0.1410 
65.31185799999912;0.4474;0.0000;0.0000 
65.35990250000032;0.0000;0.0000;0.4163 
65.40775570000005;0.0000;0.0000;0.1377 
65.45587419999902;0.0000;0.0000;0.0000 
65.5038272999991;0.0000;0.0000;0.1377 
65.55194819999997;0.0000;0.0000;0.1377 
65.59997320000002;0.2237;0.0000;0.0000 
65.64808129999983;0.4474;0.0000;0.2787 
65.69592489999923;-0.2237;0.0000;-0.1377 
65.74390010000025;0.4474;0.0000;0.1410 
65.7920467999993;0.0000;0.0000;0.1377 
65.83999509999921;0.2237;0.0000;0.1377 
65.88804840000012;0.4474;0.0000;0.0000 
65.93605389999902;-0.2237;0.0000;0.2787 
65.9996572;-0.2237;0.0000;0.0000 
66.04791899999873;0.0000;0.0000;0.0000 
66.09650749999855;0.4474;0.0000;0.2787 
66.14382440000009;0.0000;0.0000;0.1410 
66.19167989999914;0.2237;0.0000;0.0000 
66.23969620000025;-0.2237;0.0000;0.2753 
66.28782379999939;-0.2237;0.0000;0.1410 
66.33585669999957;0.2237;0.0000;0.0000 
66.3838369999994;0.0000;0.0000;0.1377 
66.43172830000003;0.0000;0.0000;0.2787 
66.48013059999903;0.2237;0.0000;0.0000 
66.52771079999911;0.0000;0.0000;0.0000 
66.57565619999878;0.0000;0.0000;0.1410 
66.62372299999879;0.2237;0.0000;0.1377 
66.67193629999929;0.0000;0.0000;0.0000 
66.71988520000014;0.0000;0.0000;0.2787 
66.76791629999934;0.0000;0.0000;0.1377 
66.81576849999874;0.0000;0.0000;0.1377 
66.86377229999925;0.0000;0.0000;0.1410 
66.91181829999914;0.0000;0.0000;0.0000 
66.95989109999937;0.6711;0.0000;0.1377 
67.00781800000004;0.0000;0.0000;0.0000 
67.05591470000036;0.0000;0.0000;0.1377 
67.10374149999916;0.2237;0.0000;0.2787 
67.15190879999864;0.0000;0.0000;0.0000 
67.19989209999949;0.0000;0.0000;0.1377 
67.2477461999988;0.0000;0.0000;0.1377 
67.29586629999903;0.2237;0.0000;0.1377 
67.343901799999;0.4474;0.0000;0.1410 
67.39191469999969;0.2237;0.0000;0.0000 
67.43997859999945;0.0000;0.0000;0.4163 
67.48833629999899;0.4474;0.0000;-0.1377 
67.53591609999967;0.0000;0.0000;0.0000 
67.58389030000035;0.2237;0.0000;0.1377 
67.63193169999977;0.2237;0.0000;0.1377 
67.68010679999861;0.4474;0.0000;0.2753 
67.72800800000005;0.0000;0.0000;0.2753 
67.77599209999971;0.2237;0.0000;0.0000 
67.82375270000011;0.0000;0.0000;0.4130 
67.87201149999964;0.4474;0.0000;0.1377 
67.92019579999942;0.2237;0.0000;0.0000 
67.96804899999916;0.2237;0.0000;0.0000 
68.01607779999904;0.0000;0.0000;0.1377 
68.06415910000032;0.0000;0.0000;0.2753 
68.11209099999905;0.4474;0.0000;0.1377 
68.1600699999999;0.2237;0.0000;0.1377 
68.20795720000024;0.2237;0.0000;0.2787 
68.25591269999859;0.0000;0.0000;0.1377 
68.30391459999919;0.2237;0.0000;0.0000 
68.3518355999986;0.2237;0.0000;0.4163 
68.41572069999893;0.2237;0.0000;-0.1377 
68.46360019999884;0.0000;0.0000;0.4163 
68.5117379000003;0.0000;0.0000;-0.1377 
68.55987169999935;0.2237;0.0000;0.0000 
68.60799849999967;0.2237;0.0000;-0.1377 
68.65586609999991;0.0000;0.0000;0.0000 
68.70373639999889;0.2237;0.0000;0.0000 
68.75187720000031;0.0000;0.0000;-0.1377 
68.79990259999977;0.0000;0.0000;0.1377 
68.84786509999867;0.2237;0.0000;0.1410 
68.89583429999948;0.0000;0.0000;0.0000 
68.94396330000018;0.0000;0.0000;0.0000 
68.99192749999929;0.4474;0.0000;0.1377 
69.03989509999883;0.2237;0.0000;0.0000 
69.0881333999987;0.2237;0.0000;0.0000 
69.13570669999899;0.2237;0.0000;0.0000 
69.18405569999959;0.4474;0.0000;0.0000 
69.23190780000004;-0.2237;0.0000;0.1377 
69.28025679999882;0.0000;0.0000;-0.1377 
69.32780119999916;0.2237;0.0000;0.1377 
69.37614799999938;0.6711;0.0000;0.2753 
69.43964509999932;0.0000;0.0000;-0.1377 
69.4879277;-0.2237;0.0000;0.0000 
69.53701219999857;0.2237;0.0000;0.1377 
69.58369630000016;0.2237;0.0000;0.1377 
69.63167389999944;0.0000;0.0000;0.0000 
69.67978399999993;0.2237;0.0000;-0.1377 
69.72797879999962;0.0000;0.0000;0.0000 
69.77575719999913;0.2237;0.0000;0.0000 
69.82387759999983;0.2237;0.0000;0.0000 
69.87192549999963;-0.2237;0.0000;0.0000 
69.91982129999997;0.0000;0.0000;0.0000 
69.96772760000022;0.0000;0.0000;0.0000 
70.01582899999994;0.2237;0.0000;-0.1377 
70.0637386999988;0.0000;0.0000;0.1377 
70.11168949999956;0.2237;0.0000;0.1410 
70.15989799999988;0.2237;0.0000;0.4130 
70.20795389999876;-0.2237;0.0000;-0.1377 
70.27158640000016;0.2237;0.0000;0.0000 
70.31955670000025;0.0000;0.0000;0.5540 
70.36747379999906;0.4474;0.0000;0.1410 
70.41545719999885;0.4474;0.0000;0.0000 
70.46371670000008;0.0000;0.0000;0.0000 
70.5116395999994;0.2237;0.0000;0.1377 
70.5596972000003;-0.2237;0.0000;0.1377 
70.60768370000005;-0.2237;0.0000;0.1377 
70.67276419999871;0.4474;0.0000;0.1410 
70.70365529999981;0.4474;0.0000;0.0000 
70.75175200000012;0.2237;0.0000;-0.1377 
70.79995309999867;0.0000;0.0000;0.1377 
70.84784239999863;0.0000;0.0000;0.0000 
70.89568549999967;-0.2237;0.0000;0.1377 
70.94382789999872;0.0000;0.0000;0.0000 
70.99182309999924;0.2237;0.0000;0.1377 
71.04096789999858;0.0000;0.0000;0.0000 
71.08847909999895;0.0000;0.0000;0.0000 
71.13580769999862;0.0000;0.0000;0.1377 
71.18397299999924;-0.6711;0.0000;-0.1377 
71.24780239999927;0.2237;0.0000;0.2787 
71.2956041999987;0.2237;0.0000;0.1377 
71.3441770999998;0.2237;0.0000;0.0000 
71.3924322999992;0.4474;0.0000;-0.1377 
71.4397685999993;-0.2237;0.0000;0.1410 
71.50604120000025;0.2237;0.0000;0.1410 
71.53571759999977;0.0000;0.0000;0.2787 
71.58385409999937;0.2237;0.0000;0.1377 
71.63175640000009;0.2237;0.0000;0.1377 
71.67979559999912;0.0000;0.0000;0.1377 
71.72783039999922;0.2237;0.0000;0.0000 
71.7758834999986;0.0000;0.0000;0.2787 
71.82390549999946;0.2237;0.0000;0.2753 
71.87239729999965;0.2237;0.0000;-0.1377 
71.92028389999905;0.2237;0.0000;0.0000 
71.96848689999933;0.2237;0.0000;0.0000 
72.01669589999983;-0.2237;0.0000;-0.1377 
72.06393399999979;0.2237;0.0000;0.1377 
72.11196999999993;-0.2237;0.0000;0.1377 
72.15999939999892;0.2237;0.0000;0.1377 
72.20820839999942;0.2237;0.0000;0.1377 
72.27185269999973;0.2237;0.0000;-0.1377 
72.31987819999995;0.0000;0.0000;0.2787 
72.36859259999983;0.0000;0.0000;0.0000 
72.4156071999987;0.2237;0.0000;0.0000 
72.46359609999854;0.2237;0.0000;0.0000 
72.51166489999923;0.2237;0.0000;0.1377 
72.5596919999989;0.4474;0.0000;0.0000 
72.60769989999972;0.6711;0.0000;0.0000 
72.6558331999986;0.0000;0.0000;0.1377 
72.70418629999949;0.2237;0.0000;0.1410 
72.7517286000002;0.0000;0.0000;0.1377 
72.7996637999986;0.2237;0.0000;0.2753 
72.84802299999865;0.0000;0.0000;0.0000 
72.8957492999998;0.4474;0.0000;0.1377 
72.94376799999918;0.2237;0.0000;0.2753 
72.9917674999997;-0.2237;0.0000;0.1377 
73.0397809999995;0.2237;0.0000;0.2787 
73.08777649999865;0.0000;0.0000;0.1377 
73.13576189999912;0.4474;0.0000;-0.1377 
73.18387419999999;0.0000;0.0000;0.0000 
73.23210029999973;0.0000;0.0000;0.0000 
73.27999439999985;0.0000;0.0000;0.1410 
73.32833149999897;0.0000;0.0000;0.0000 
73.37622579999879;0.0000;0.0000;0.2753 
73.42381360000036;-0.2237;0.0000;0.2753 
73.47214809999969;0.0000;0.0000;-0.1377 
73.53226129999894;0.4474;0.0000;0.0000 
73.56860520000009;-0.4474;0.0000;0.1377 
73.63151619999917;0.2237;0.0000;0.1377 
73.67958029999863;0.2237;0.0000;0.0000 
73.72757619999902;0.4474;0.0000;0.1377 
73.77565679999861;-0.2237;0.0000;0.1377 
73.82375349999893;0.2237;0.0000;0.2753 
73.87171789999957;0.2237;0.0000;0.0000 
73.91978439999912;-0.4474;0.0000;0.0000 
73.96774279999954;0.2237;0.0000;0.1377 
74.01591919999919;0.0000;0.0000;0.2787 
74.06417059999876;0.0000;0.0000;0.0000 
74.11183979999987;0.0000;0.0000;-0.1377 
74.1597056999999;0.0000;0.0000;0.0000 
74.20793579999918;0.0000;0.0000;0.0000 
74.2559057999988;0.0000;0.0000;-0.2753 
74.30413269999917;0.2237;0.0000;0.1377 
74.35214709999855;0.4474;0.0000;0.0000 
74.40030819999993;0.2237;0.0000;-0.1377 
74.44788840000001;0.2237;0.0000;0.2753 
74.49678859999949;0.0000;0.0000;0.1377 
74.54405249999945;-0.2237;0.0000;0.2753 
74.60759659999894;0.2237;0.0000;0.0000 
74.65569419999883;0.2237;0.0000;0.0000 
74.70396989999972;0.0000;0.0000;0.1377 
74.75152650000018;0.0000;0.0000;0.1377 
74.79965919999995;0.0000;0.0000;0.1377 
74.84763860000021;0.2237;0.0000;0.1377 
74.89583759999914;0.2237;0.0000;0.1377 
74.9436568000001;0.0000;0.0000;0.0000 
74.99157829999967;0.0000;0.0000;0.1377 
75.03962659999888;0.0000;0.0000;0.0000 
75.08798529999876;-0.2237;0.0000;0.2787 
75.13603200000034;0.2237;0.0000;0.2753 
75.18369600000005;0.2237;0.0000;0.0000 
75.23224239999945;0.0000;0.0000;0.0000 
75.27980649999881;-0.2237;0.0000;0.1377 
75.32783889999882;-0.2237;0.0000;0.0000 
75.37592269999914;0.0000;0.0000;0.0000 
75.42373659999976;0.0000;0.0000;0.0000 
75.47185419999914;0.2237;0.0000;-0.1377 
75.51988359999996;0.2237;0.0000;0.2753 
75.56782349999958;-0.4474;0.0000;0.0000 
75.61587650000001;0.0000;0.0000;0.0000 
75.6797805999995;-0.4474;0.0000;-0.1377 
75.72767939999903;0.4474;0.0000;0.0000 
75.77575859999888;0.0000;0.0000;0.0000 
75.82366899999943;-0.2237;0.0000;0.1377 
75.87175369999932;0.0000;0.0000;0.0000 
75.91968289999932;-0.2237;0.0000;0.1377 
75.96777479999946;0.2237;0.0000;0.0000 
76.01595559999987;0.0000;0.0000;0.1377 
76.06391520000034;0.0000;0.0000;0.2753 
76.11393879999923;0.0000;0.0000;0.2753 
76.1598729999987;0.4474;0.0000;0.0000 
76.20779109999967;0.0000;0.0000;-0.1377 
76.25596899999982;0.0000;0.0000;0.0034 
76.30393619999995;-0.2237;0.0000;-0.1377 
76.35190469999907;0.0000;0.0000;0.0000 
76.39992170000005;0.0000;0.0000;0.4163 
76.44793629999913;0.2237;0.0000;0.2753 
76.4959601999999;0.2237;0.0000;0.1377 
76.5595343999994;0.4474;0.0000;0.2753 
76.60794369999894;0.2237;0.0000;0.2753 
76.65564489999997;0.2237;0.0000;0.1377 
76.70362339999883;0.2237;0.0000;0.1377 
76.75175899999886;-0.2237;0.0000;0.0000 
76.80000409999957;0.0000;0.0000;0.1377 
76.84937249999894;0.4474;0.0000;0.0000 
76.89587559999927;0.0000;0.0000;0.1377 
76.9436095000001;0.0000;0.0000;0.0000 
76.99161800000002;0.0000;0.0000;0.0000 
77.03974649999873;0.0000;0.0000;0.2753 
77.0877289;0.0000;0.0000;0.2753 
77.1358952999999;0.2237;0.0000;0.0000 
77.18386529999952;0.0000;0.0000;0.0000 
77.23195739999937;0.2237;0.0000;0.0000 
77.28090419999899;0.0000;0.0000;0.1410 
77.32786269999997;0.0000;0.0000;0.0000 
77.3756429999994;-0.2237;0.0000;0.1377 
77.4237637999995;0.2237;0.0000;0.1377 
77.47190709999995;0.2237;0.0000;0.1410 
77.52063829999861;0.2237;0.0000;0.2787 
77.56768339999871;0.0000;0.0000;0.0000 
77.61559809999926;0.2237;0.0000;0.0000 
77.66391459999977;0.0000;0.0000;0.2753 
77.71194149999974;0.0000;0.0000;-0.1377 
77.76067129999865;0.2237;0.0000;0.0000 
77.80829780000022;0.2237;0.0000;0.0000 
77.85585019999962;0.2237;0.0000;0.0000 
77.90380489999916;0.0000;0.0000;0.1377 
77.95162609999898;0.2237;0.0000;0.1377 
77.99994100000004;0.0000;0.0000;0.0000 
78.04763529999946;0.0000;0.0000;0.1377 
78.09592679999878;-0.2237;0.0000;0.1377 
78.14392309999857;0.0000;0.0000;0.0000 
78.19213429999945;0.0000;0.0000;0.0000 
78.23998889999893;0.0000;0.0000;0.1377 
78.28802149999865;0.0000;0.0000;0.0000 
78.33609289999913;-0.2237;0.0000;0.2753 
78.39953249999962;0.2237;0.0000;0.1377 
78.44761420000032;0.0000;0.0000;-0.1377 
78.49578440000005;-0.2237;0.0000;0.2787 
78.54393019999952;0.0000;0.0000;0.1377 
78.59175209999921;0.2237;0.0000;0.1377 
78.63989439999932;0.2237;0.0000;0.1377 
78.68874030000006;-0.2237;0.0000;0.1377 
78.7358494;0.2237;0.0000;-0.1377 
78.78386409999985;-0.2237;0.0000;0.2753 
78.8319064999996;0.2237;0.0000;0.0000 
78.87986049999927;0.0000;0.0000;0.2753 
78.92797400000018;0.2237;0.0000;0.1377 
78.9759068000003;0.0000;0.0000;-0.1377 
79.02391379999972;0.6711;0.0000;0.1377 
79.07209820000026;0.0000;0.0000;0.0000 
79.13640510000005;-0.2237;0.0000;0.0000 
79.18375129999913;0.0000;0.0000;0.0000 
79.23399009999957;0.4474;0.0000;0.2787 
79.27966509999897;0.2237;0.0000;0.1410 
79.32763629999863;0.2237;0.0000;0.1377 
79.37563779999982;0.0000;0.0000;0.0000 
79.42364049999924;0.0000;0.0000;0.0000 
79.47170809999989;0.0000;0.0000;0.2787 
79.5197492999996;0.2237;0.0000;-0.1377 
79.56816900000013;0.0000;0.0000;0.0000 
79.61580519999916;0.0000;0.0000;-0.1377 
79.66407219999928;0.0000;0.0000;0.0000 
79.71180370000002;0.2237;0.0000;0.1377 
79.75991849999991;0.4474;0.0000;0.2753 
79.80775929999982;-0.2237;0.0000;0.0000 
79.85574350000024;0.0000;0.0000;0.0000 
79.90421149999929;0.0000;0.0000;0.2753 
79.9519006999999;0.0000;0.0000;0.0000 
80.00906319999922;0.0000;0.0000;0.1377 
80.04759670000021;-0.2237;0.0000;0.0000 
80.09563639999942;0.2237;0.0000;0.0000 
80.14374829999906;0.0000;0.0000;-0.1377 
80.19166210000003;0.0000;0.0000;0.0000 
80.23990099999901;0.0000;0.0000;0.0000 
80.28880179999942;0.0000;0.0000;0.1410 
80.33587679999982;0.0000;0.0000;0.1377 
80.38392879999992;0.2237;0.0000;0.1377 
80.43210050000016;0.2237;0.0000;0.1377 
80.47996769999918;0.0000;0.0000;0.0000 
80.54354760000024;0.0000;0.0000;0.1377 
80.59160220000012;0.4474;0.0000;0.1377 
90.26075370000035;0.4474;0.0000;0.1410 
90.30870539999887;0.2237;0.0000;0.0000 
90.3566221000001;0.0000;0.0000;0.1377 
90.40484809999907;0.0000;0.0000;0.0000 
90.45279659999869;0.0000;0.0000;0.2753 
90.5008242999993;0.0000;0.0000;0.1377 
90.5486836;0.0000;0.0000;0.0000 
90.59668299999976;-0.2237;0.0000;0.1377 
90.64477459999944;0.0000;0.0000;0.0000 
90.69303709999986;0.2237;0.0000;0.1410 
90.74061739999888;0.2237;0.0000;0.2753 
90.78855659999863;0.0000;0.0000;0.1377 
90.83659489999991;0.2237;0.0000;0.1377 
90.88461149999966;0.0000;0.0000;0.1377 
90.93258570000035;0.0000;0.0000;0.1377 
90.98072689999935;0.0000;0.0000;0.4130 
91.0287004999991;0.0000;0.0000;0.1410 
91.07692179999867;0.2237;0.0000;0.1377 
91.12479939999866;0.2237;0.0000;0.1377 
91.17283560000033;0.0000;0.0000;-0.1377 
91.22075179999956;0.2237;0.0000;0.0000 
91.26902559999871;0.0000;0.0000;-0.1377 
91.31684539999878;0.4474;0.0000;0.2753 
91.36499129999902;0.2237;0.0000;0.0000 
91.41261049999957;0.0000;0.0000;0.1377 
91.46124749999944;0.0000;0.0000;0.0000 
91.50884219999898;0.2237;0.0000;0.1377 
91.57253719999972;0.0000;0.0000;-0.1377 
91.62053579999883;0.2237;0.0000;0.1377 
91.66969429999881;0.0000;0.0000;0.0000 
91.71653220000007;0.2237;0.0000;0.1377 
91.76462469999933;-0.2237;0.0000;0.0000 
91.81278489999931;0.2237;0.0000;-0.1377 
91.86077099999966;0.2237;0.0000;0.0000 
91.90874889999941;0.2237;0.0000;0.1377 
91.95666259999962;0.0000;0.0000;0.1377 
92.00473369999963;0.0000;0.0000;0.0000 
92.05273849999867;0.4474;0.0000;0.1377 
92.10065570000006;0.2237;0.0000;0.0000 
92.14884749999874;0.2237;0.0000;0.1377 
92.19695789999969;0.2237;0.0000;0.0000 
92.24485379999896;0.0000;0.0000;0.0000 
92.29286409999986;0.2237;0.0000;0.1410 
92.34073349999926;0.4474;0.0000;0.0000 
92.38881319999928;0.0000;0.0000;0.2753 
92.43709189999936;0.0000;0.0000;0.1377 
92.48473999999987;-0.2237;0.0000;0.2753 
92.53277700000035;-0.2237;0.0000;0.2787 
92.58078169999862;0.2237;0.0000;0.1377 
92.6288327000002;-0.2237;0.0000;0.0000 
92.67685170000004;-0.4474;0.0000;0.1377 
92.74050739999984;0.0000;0.0000;0.0000 
92.788485699999;0.0000;0.0000;0.1377 
92.83649749999859;0.2237;0.0000;0.1377 
92.88454629999978;0.0000;0.0000;0.1377 
92.93258199999946;0.4474;0.0000;0.2753 
92.98059619999913;0.2237;0.0000;0.2787 
93.02862649999952;0.2237;0.0000;0.1377 
93.07654779999939;0.0000;0.0000;0.1377 
93.12493429999995;0.4474;0.0000;0.1377 
93.1726337;0.0000;0.0000;0.1377 
93.22074449999855;0.0000;0.0000;0.1410 
93.26872290000028;0.0000;0.0000;0.1377 
93.31672219999928;0.2237;0.0000;0.1377 
93.36457469999914;0.0000;0.0000;0.1377 
93.41262379999898;0.0000;0.0000;0.0000 
93.46072269999968;0.0000;0.0000;0.1377 
93.50867689999905;-0.4474;0.0000;0.1377 
93.55669999999918;0.2237;0.0000;0.1377 
93.60473999999886;0.0000;0.0000;0.1377 
93.65280849999908;0.0000;0.0000;0.2753 
93.70071449999887;0.0000;0.0000;0.0000 
93.7526289999987;-0.8948;0.0000;0.0000 
93.79697809999925;0.2237;0.0000;0.1377 
93.8447985999992;0.2237;0.0000;0.1377 
93.89273649999996;-0.2237;0.0000;0.1377 
93.94065520000004;0.0000;0.0000;0.0000 
93.98891079999885;0.0000;0.0000;0.1410 
94.03694819999873;0.2237;0.0000;0.0000 
94.08482499999991;0.2237;0.0000;0.1377 
94.13296239999909;0.0000;0.0000;0.1377 
94.18086109999967;-0.2237;0.0000;0.0000 
94.2288185999987;0.0000;0.0000;0.1410 
94.27684359999876;0.2237;0.0000;0.1377 
94.32481089999965;0.0000;0.0000;0.0000 
94.37263530000018;0.0000;0.0000;0.1377 
94.42068579999977;0.0000;0.0000;0.1377 
94.46887719999904;0.4474;0.0000;0.1377 
94.51665489999868;0.0000;0.0000;0.0000 
94.58053619999919;0.0000;0.0000;-0.1377 
94.62858629999937;0.4474;0.0000;0.2753 
94.67663960000027;-0.2237;0.0000;-0.1377 
94.7246568999999;0.2237;0.0000;-0.1377 
94.77302570000029;0.0000;0.0000;-0.1377 
94.82073719999971;0.4474;0.0000;0.1410 
94.86922219999906;0.2237;0.0000;0.1377 
94.91673289999926;0.4474;0.0000;0.0000 
94.96454509999967;0.0000;0.0000;0.1377 
95.01295260000006;0.0000;0.0000;0.1377 
95.06085709999934;-0.2237;0.0000;0.4130 
95.10878729999968;0.2237;0.0000;0.0000 
95.15665639999861;0.2237;0.0000;0.0000 
95.20492689999992;0.4474;0.0000;0.0000 
95.25255939999988;-0.2237;0.0000;0.0000 
95.30079259999911;0.2237;0.0000;0.0000 
95.34886769999866;0.2237;0.0000;0.1377 
95.39688089999981;0.2237;0.0000;0.0000 
95.4605019999999;-0.4474;0.0000;0.0000 
95.50865890000023;0.2237;0.0000;0.6883 
95.55678799999987;0.2237;0.0000;-0.6883 
95.60465189999923;1.3422;0.0000;0.4163 
95.65309639999941;-0.4474;0.0000;0.5506 
95.70068910000009;0.0000;0.0000;-0.2719 
95.74881839999944;-0.2237;0.0000;0.0000 
95.79687399999966;0.6711;0.0000;0.0000 
95.84489399999984;4.9271;0.0000;-0.0101 
95.89289250000002;-0.6711;0.0000;-7.9655 
95.95665699999881;-3.3572;0.0000;-7.5857 
96.00493469999856;-6.2757;0.0000;-19.6263 
96.06870639999943;-11.4846;0.0000;-13.4162 
96.11698119999892;-13.7770;0.0000;-12.4257 
96.18069689999902;-14.2381;0.0000;-12.5735 
96.22895679999965;-15.3950;0.0000;-12.1553 
96.2926525999992;-15.1631;0.0000;-10.0462 
96.3408858999992;-13.7770;0.0000;-4.9562 
96.4049073999995;-10.1182;0.0000;-1.8503 
96.45288759999858;-15.6271;0.0000;1.2483 
96.50074169999971;-4.9271;0.0000;3.3450 
96.54883619999964;-2.0136;0.0000;4.4340 
96.5967399000001;2.2374;0.0000;9.1471 
96.64491819999967;3.5813;0.0000;-1.2261 
96.708560699999;-2.2374;0.0000;-1.1014 
96.75655539999934;0.2237;0.0000;0.2753 
96.80470160000004;-0.4474;0.0000;0.1377 
96.85288349999973;0.0000;0.0000;-0.2753 
96.9007275999993;0.0000;0.0000;0.1410 
96.94870059999994;0.0000;0.0000;0.0000 
96.99692719999985;0.2237;0.0000;0.1377 
97.04475099999945;0.4474;0.0000;0.0000 
97.09268789999987;0.0000;0.0000;0.1377 
97.14077670000006;0.2237;0.0000;0.1377 
97.18934110000009;0.2237;0.0000;0.1377 
97.23670029999994;0.2237;0.0000;0.1410 
97.28481529999954;0.6711;0.0000;0.0000 
97.33268289999978;0.2237;0.0000;0.1377 
97.38054869999905;-0.2237;0.0000;0.0000 
97.42864980000013;-0.2237;0.0000;-0.5506 
97.4768785999986;0.4474;0.0000;0.1377 
97.54061840000031;0.0000;0.0000;-0.1377 
97.58934289999888;0.0000;0.0000;-0.1377 
97.63701079999919;0.2237;0.0000;0.2753 
97.6846577999986;0.0000;0.0000;0.0000 
97.73281899999893;-0.8948;0.0000;0.1410 
97.78081930000008;0.4474;0.0000;0.0000 
97.82879329999923;0.0000;0.0000;0.0034 
97.8765413000001;0.0000;0.0000;0.0000 
97.92465919999995;0.2237;0.0000;0.2753 
97.97294759999932;0.0000;0.0000;0.0000 
98.02083159999893;0.0000;0.0000;0.0000 
98.068685799999;-0.2237;0.0000;0.0000 
98.11678070000016;0.2237;0.0000;0.0000 
98.16502349999973;-0.2237;0.0000;0.0000 
98.21279979999963;0.2237;0.0000;0.1377 
98.26089589999901;0.2237;0.0000;-0.2753 
98.3089172;0.0000;0.0000;0.1377 
98.35725499999899;0.0000;0.0000;0.1377 
98.40521089999856;0.0000;0.0000;0.1410 
98.46860529999867;0.0000;0.0000;-0.4130 
98.51665949999915;0.0000;0.0000;0.2753 
98.5646074999986;0.2237;0.0000;0.1377 
98.61262819999865;-0.2237;0.0000;0.2753 
98.66066150000006;0.0000;0.0000;0.0000 
98.70879419999983;0.2237;0.0000;0.4163 
98.75673800000004;0.2237;0.0000;-0.1377 
98.80466569999953;0.4474;0.0000;2.7558 
98.85270919999857;0.8948;0.0000;0.4130 
98.90081819999978;0.0000;0.0000;0.4163 
98.94882510000025;0.0000;0.0000;0.0000 
98.99708420000024;0.2237;0.0000;0.2787 
99.04475019999882;0.0000;0.0000;0.2787 
99.09277619999921;0.2237;0.0000;0.2753 
99.14080839999951;2.2374;0.0000;0.6883 
99.18878859999859;-1.5660;0.0000;-3.6302 
99.25287679999929;-2.2374;0.0000;-6.0477 
99.30071589999898;-4.2539;0.0000;-5.5826 
99.34862259999863;-4.0296;0.0000;-2.3641 
99.39688159999969;-3.8054;0.0000;-3.0409 
99.46087169999919;-2.6852;0.0000;-3.0379 
99.50850720000017;-1.3422;0.0000;1.6103 
99.55655630000001;5.6010;0.0000;7.0416 
99.60478919999878;-1.3422;0.0000;-4.4004 
99.65288799999871;4.0296;0.0000;3.1163 
99.70094199999949;3.1331;0.0000;9.5569 
99.74885799999902;3.8054;0.0000;7.3958 
99.79726639999899;6.0507;0.0000;4.5723 
99.84488979999878;7.6277;0.0000;4.9928 
99.8929025999987;6.7259;0.0000;3.4495 
99.94084389999989;5.6010;0.0000;3.4414 
99.98876289999862;6.2757;0.0000;3.2904 
100.0368655000002;6.5007;0.0000;3.8672 
100.08490199999869;5.6010;0.0000;3.7235 
100.13296509999964;5.3763;0.0000;3.1647 
100.18080670000018;5.3763;0.0000;3.1674 
100.22877869999866;5.3763;0.0000;1.9067 
100.27700149999873;6.0507;0.0000;3.8546 
100.32533700000022;4.9271;0.0000;4.8518 
100.37283039999966;5.6010;0.0000;3.7288 
100.42104689999906;5.3763;0.0000;3.0264 
100.4688728000001;4.9271;0.0000;3.3057 
100.51685999999972;4.9271;0.0000;3.4495 
100.5649459999986;5.3763;0.0000;3.1702 
100.61289059999945;5.3763;0.0000;2.7558 
100.66102719999981;5.1516;0.0000;3.3085 
100.70911019999949;5.1516;0.0000;2.8939 
100.75805070000024;5.1516;0.0000;3.1702 
100.8049833999994;5.3763;0.0000;3.0321 
100.85296529999869;5.1516;0.0000;3.4468 
100.91653739999856;5.3763;0.0000;3.3141 
100.96452569999929;4.9271;0.0000;3.3113 
101.01250900000014;5.3763;0.0000;3.3085 
101.060470299999;5.1516;0.0000;3.5906 
101.1084837999988;5.3763;0.0000;3.5878 
101.15648940000028;5.1516;0.0000;3.8672 
101.20466379999925;5.6010;0.0000;3.1731 
101.25258589999976;5.3763;0.0000;3.4468 
101.30051129999993;6.0507;0.0000;3.5878 
101.34856729999956;5.3763;0.0000;3.8672 
101.39651559999947;5.3763;0.0000;3.0321 
101.44466139999895;5.8258;0.0000;3.7261 
101.49264640000001;5.1516;0.0000;3.7235 
101.54055179999887;5.8258;0.0000;3.8645 
101.58868079999957;5.6010;0.0000;3.4468 
101.63680049999857;6.0507;0.0000;3.4468 
101.68492359999982;5.8258;0.0000;3.1702 
101.73255830000016;5.8258;0.0000;3.4523 
101.78058119999878;5.1516;0.0000;3.1702 
101.82855129999916;5.3763;0.0000;3.5851 
101.87656689999858;5.6010;0.0000;3.5878 
101.92469129999881;5.3763;0.0000;3.5878 
101.97272899999916;5.6010;0.0000;3.7235 
102.0208920999994;6.0507;0.0000;3.4468 
102.06874789999893;5.6010;0.0000;3.5851 
102.11668829999871;5.8258;0.0000;3.4468 
102.16464099999939;5.3763;0.0000;3.3085 
102.21268509999936;5.8258;0.0000;3.4468 
102.2606238999997;5.8258;0.0000;3.7261 
102.3086089999997;5.3763;0.0000;3.3085 
102.35661830000026;5.8258;0.0000;3.7261 
102.40490630000022;5.6010;0.0000;3.5851 
102.4527395999994;5.6010;0.0000;3.4495 
102.50088619999951;5.6010;0.0000;3.1702 
102.54883249999875;5.6010;0.0000;3.1702 
102.59667889999946;5.8258;0.0000;3.4468 
102.64479649999885;5.3763;0.0000;3.5825 
102.69311709999965;5.3763;0.0000;3.1702 
102.74058559999867;6.7259;0.0000;3.1702 
102.7887780000001;5.8258;0.0000;3.3200 
102.83661500000017;5.6010;0.0000;3.1702 
102.88470869999946;5.6010;0.0000;4.1492 
102.93269049999981;4.7026;0.0000;4.0109 
102.98078659999919;6.9512;0.0000;5.5470 
103.02870079999957;6.0507;0.0000;5.1215 
103.07685820000006;6.7259;0.0000;3.5934 
103.12479979999989;7.6277;0.0000;4.8309 
103.17279169999892;6.0507;0.0000;3.3085 
103.22077559999889;6.7259;0.0000;4.0005 
103.26881200000025;6.5007;0.0000;5.3971 
103.31671909999932;7.6277;0.0000;4.5574 
103.36476089999996;7.1766;0.0000;4.4164 
103.41250930000024;5.8258;0.0000;4.6984 
103.46057669999936;7.8535;0.0000;4.2825 
103.5086500999987;7.4021;0.0000;4.9739 
103.55658690000018;7.4021;0.0000;4.2777 
103.6047722000003;7.4021;0.0000;4.2777 
103.65270529999907;6.9512;0.0000;4.6940 
103.70072640000035;6.9512;0.0000;4.1390 
103.74881920000007;7.6277;0.0000;4.5551 
103.79657589999988;7.8535;0.0000;4.2801 
103.84467070000028;6.9512;0.0000;4.1390 
103.89267949999885;7.1766;0.0000;4.4187 
103.94086999999854;8.0793;0.0000;5.2501 
103.9888074999999;7.1766;0.0000;4.1390 
104.03671190000023;7.1766;0.0000;4.5551 
104.08479889999944;7.6277;0.0000;4.6940 
104.1327325000002;7.4021;0.0000;4.6962 
104.18088629999875;7.1766;0.0000;4.8329 
104.2289624999994;6.7259;0.0000;4.5551 
104.27697689999877;7.1766;0.0000;4.4164 
104.32490189999953;6.7259;0.0000;4.9719 
104.37286200000017;6.9512;0.0000;3.4468 
104.4207606;8.0793;0.0000;5.9501 
104.4688686999998;10.1182;0.0000;4.5551 
104.51675219999925;6.7259;0.0000;5.3860 
104.56499749999966;6.7259;0.0000;3.8500 
104.61292469999898;7.4021;0.0000;3.4205 
104.66174870000032;3.8054;0.0000;2.1670 
104.70883089999916;1.3422;0.0000;-1.7420 
104.77288529999896;0.6711;0.0000;-2.1683 
104.82104099999924;2.4613;0.0000;0.3995 
104.86856759999864;2.6852;0.0000;1.3639 
104.91655419999915;2.0136;0.0000;2.2102 
104.9648371000003;1.5660;0.0000;0.2652 
105.0126392000002;0.0000;0.0000;-1.0208 
105.06075579999924;-0.6711;0.0000;-3.6872 
105.10890049999944;-6.5007;0.0000;-6.8097 
105.17250400000012;-6.2757;0.0000;-10.2111 
105.22078729999885;-5.1516;0.0000;-8.2811 
105.26859439999862;-6.9512;0.0000;-4.8289 
105.3168988999987;-4.4782;0.0000;-0.7408 
105.38075159999971;-4.0296;0.0000;-0.7671 
105.42867250000018;-8.7577;0.0000;-3.4131 
105.47666839999874;2.4613;0.0000;-4.7082 
105.52488519999861;-6.5007;0.0000;2.1651 
105.57286029999887;-0.4474;0.0000;-1.8981 
105.62075379999987;4.7026;0.0000;6.7297 
105.68469499999992;2.0136;0.0000;-1.7516 
105.7329023000002;8.5314;0.0000;5.1129 
105.78067939999892;2.6852;0.0000;0.4130 
105.82876020000003;-2.0136;0.0000;0.9637 
105.87678219999907;0.0000;0.0000;-4.9719 
105.92491559999871;-1.7898;0.0000;-1.2558 
105.97263769999881;-0.2237;0.0000;-0.2753 
106.03650449999986;0.0000;0.0000;0.0000 
106.08440109999901;0.0000;0.0000;0.0000 
106.13248919999933;0.0000;0.0000;0.1377 
106.180550699999;-0.4474;0.0000;0.0000 
106.22880540000006;0.0000;0.0000;0.2753 
106.27657329999965;0.2237;0.0000;0.5540 
106.32471609999993;2.4613;0.0000;-0.2719 
106.37288079999962;3.3572;0.0000;-0.2719 
106.42095349999909;-1.3422;0.0000;-3.0321 
106.46877109999878;0.6711;0.0000;-0.6883 
106.51685960000032;-2.2374;0.0000;1.1014 
106.58058639999945;-0.2237;0.0000;-0.1377 
106.6287715999988;-4.7036;0.0050;-0.2753 
4.037473200001841;0.2237;0.0000;0.8293 
4.085547900001984;-2.0136;0.0000;1.3802 
4.133608399999503;-0.2237;0.0000;0.6883 
4.181553400001576;1.3422;0.0000;0.0000 
4.22987280000234;-4.4782;0.0000;0.6883 
4.277886399999261;-0.2237;0.0000;0.4130 
4.326069500002632;-0.2237;0.0000;-0.1377 
4.373955200000637;0.4474;0.0000;0.9637 
4.437402600000496;0.4474;0.0000;-0.2753 
4.485498900001403;0.0000;0.0000;0.0000 
4.5336868000013055;-7.4021;0.0000;-1.6524 
4.581658900002367;10.5730;0.0000;3.5851 
4.629616500002157;-2.2374;0.0000;-0.2922 
4.677762499999517;-0.8948;0.0000;-5.1914 
4.741507300001103;-3.3572;0.0000;-15.4321 
4.789724900001602;-8.9841;0.0000;-13.1703 
4.837755399999878;-12.1702;0.0000;-13.1414 
4.902042900001106;-14.4690;0.0000;-17.2308 
4.965886500001943;-18.6707;0.0000;-14.5549 
5.014063900001929;-17.0257;0.0000;-16.8579 
5.077856300002168;-23.7103;0.0000;-16.8627 
5.12570450000203;-24.6912;0.0000;-16.8627 
5.189578400000755;-23.2226;0.0000;-17.3191 
5.2377151000000595;-26.1774;0.0000;-19.1998 
5.301675599999726;-28.9533;0.0000;-18.9177 
5.349718699999357;-28.9533;0.0000;-19.1960 
5.41359790000206;-29.4658;0.0000;-18.3417 
5.461711600000854;-29.2092;0.0000;-19.1369 
5.526008700002421;-30.2395;0.0000;-18.3497 
5.574297000002844;-29.9809;0.0000;-19.8602 
5.638081400000374;-29.7230;0.0000;-19.3326 
5.685971700000664;-30.4988;0.0000;-18.6089 
5.749908300000243;-29.7230;0.0000;-20.1603 
5.813571300001058;-31.5428;0.0000;-20.1797 
5.861618000002636;-32.8646;0.0000;-20.0959 
5.925372400000924;-29.9809;0.0000;-19.3326 
5.974009500001557;-32.3336;0.0000;-19.5727 
6.037438100000145;-31.8057;0.0000;-20.0608 
6.085793199999898;-33.3988;0.0000;-21.2652 
6.149612400000478;-33.6672;0.0000;-23.1913 
6.197820100001991;-34.2064;0.0000;-21.9096 
6.261675900001137;-33.1313;0.0000;-23.2995 
6.309690000001865;-35.5699;0.0000;-23.1306 
6.373498400000244;-35.2954;0.0000;-23.7511 
6.4217907000020205;-37.8015;0.0000;-22.1713 
6.485584900001413;-35.2954;0.0000;-22.2585 
6.533938399999897;-36.3992;0.0000;-21.5792 
6.59769199999937;-35.2954;0.0000;-22.0376 
6.645730500000354;-35.5699;0.0000;-20.5646 
6.709865600001649;-34.4773;0.0000;-21.7202 
6.773542700000689;-37.8015;0.0000;-22.2888 
6.821816100000433;-35.0218;0.0000;-21.3841 
6.885906400002568;-36.1218;0.0000;-21.5792 
6.934036800001195;-35.0218;0.0000;-22.1174 
6.997701399999642;-35.0218;0.0000;-20.9610 
7.046013200000743;-35.2954;0.0000;-20.7680 
7.109658200002741;-35.0218;0.0000;-20.7680 
7.157816599999933;-34.7491;0.0000;-21.3579 
7.221622400000342;-35.0218;0.0000;-21.8072 
7.2698228000008385;-35.0218;0.0000;-21.0758 
7.333542300002591;-34.4773;0.0000;-21.7202 
7.381696800002828;-36.3992;0.0000;-20.4362 
7.445616600001813;-35.0218;0.0000;-21.5251 
7.493942600001901;-34.7491;0.0000;-20.4121 
7.557642200001283;-34.4773;0.0000;-21.6071 
7.606181499999366;-34.4773;0.0000;-21.4382 
7.669648200000665;-34.2064;0.0000;-20.6527 
7.733609500002785;-33.3988;0.0000;-21.0758 
7.781734100000904;-33.1313;0.0000;-18.7693 
7.845419299999776;-30.4988;0.0000;-19.5900 
7.893633100000443;-32.8646;0.0000;-18.9781 
7.957600300000195;-31.8057;0.0000;-19.3334 
8.005803500000184;-34.4773;0.0000;-19.4966 
8.069626000000426;-32.8646;0.0000;-19.8976 
8.117735300002096;-32.3336;0.0000;-20.7222 
8.18164120000074;-32.8646;0.0000;-21.3527 
8.230365600000368;-34.2064;0.0000;-22.8485 
8.29364180000266;-32.8646;0.0000;-21.3070 
8.341885900001216;-34.7491;0.0000;-19.5939 
8.40584950000266;-33.1313;0.0000;-21.2168 
8.45377930000177;-31.5428;0.0000;-20.8839 
8.51766040000075;-33.9364;0.0000;-21.0501 
8.58143050000217;-33.9364;0.0000;-21.6399 
8.63006260000111;-33.9364;0.0000;-21.8072 
8.693397000002733;-34.7491;0.0000;-21.4732 
8.741583700000774;-35.8454;0.0000;-21.3070 
8.805638300000282;-36.9570;0.0000;-21.2698 
8.853818499999761;-33.6672;0.0000;-20.0885 
8.917569100001856;-34.4773;0.0000;-19.9890 
8.965650100002676;-33.9364;0.0000;-20.9347 
9.02951899999971;-33.9364;0.0000;-21.3322 
9.077745000002324;-34.2064;0.0000;-21.9750 
9.141803000002255;-34.7491;0.0000;-21.4732 
9.189959200000885;-34.4773;0.0000;-21.3841 
9.25363500000094;-34.4773;0.0000;-20.9347 
9.301759900001343;-34.4773;0.0000;-21.3841 
9.365520200000901;-35.0218;0.0000;-21.2430 
9.413733500001399;-34.4773;0.0000;-21.4989 
9.477791900000739;-35.0218;0.0000;-21.9482 
9.541466599999694;-34.7491;0.0000;-21.9750 
9.589578800001618;-33.9364;0.0000;-21.3841 
9.653512100001535;-33.1313;0.0000;-21.5792 
9.701649300001009;-35.0218;0.0000;-20.3706 
9.765435799999977;-35.5699;0.0000;-22.3995 
9.81359870000233;-35.2954;0.0000;-22.1160 
9.87755660000039;-33.9364;0.0000;-22.9049 
9.925787300002412;-35.2954;0.0000;-21.6399 
9.98957689999952;-36.3992;0.0000;-21.3841 
10.038627699999779;-35.0218;0.0000;-21.3535 
10.101769100001547;-35.0218;0.0000;-21.1020 
10.149808699999994;-34.7491;0.0000;-21.2430 
10.213493200000812;-35.2954;0.0000;-20.9347 
10.261822300002677;-34.2064;0.0000;-20.7183 
10.325733000001492;-35.0218;0.0000;-21.2430 
10.374255400001857;-34.4773;0.0000;-21.2168 
10.437809499999275;-34.7491;0.0000;-21.0758 
10.501391600002535;-34.4773;0.0000;-20.9347 
10.549692700002197;-34.7491;0.0000;-20.9347 
10.613734599999589;-34.2064;0.0000;-21.2168 
10.661667300002591;-32.5987;0.0000;-21.2430 
10.725618600001326;-34.4773;0.0000;-21.3841 
10.774309500000527;-32.3336;0.0000;-21.3579 
10.83763209999961;-35.5699;0.0000;-20.7937 
10.885853100000531;-34.2064;0.0000;-21.3841 
10.949715099999594;-34.2064;0.0000;-20.9609 
10.997955000002548;-34.2064;0.0000;-21.0758 
11.061884900002042;-35.0218;0.0000;-21.1911 
11.109718100000464;-34.7491;0.0000;-21.2168 
11.173590099999274;-33.6672;0.0000;-21.0501 
11.221873500002403;-32.3336;0.0000;-20.8839 
11.2857737000013;-34.7491;0.0000;-20.7680 
11.333738299999823;-33.6672;0.0000;-21.0151 
11.39782600000035;-34.2064;0.0000;-20.6018 
11.461632700000337;-33.9364;0.0000;-21.0004 
11.509548900001391;-33.6672;0.0000;-21.6661 
11.57358960000056;-34.2064;0.0000;-21.3579 
11.621682100001635;-34.2064;0.0000;-21.2168 
11.685524900000019;-28.4432;0.0000;-20.9091 
11.733629700000165;-35.8454;0.0000;-21.2698 
11.797488100000919;-33.6672;0.0000;-21.1660 
11.845584700000472;-35.8454;0.0000;-19.2371 
11.909531500001322;-34.2064;0.0000;-20.6789 
11.957852900002763;-34.4773;0.0000;-18.0633 
12.021705600000132;-32.8646;0.0000;-19.5659 
12.069836500002566;-32.3336;0.0000;-19.4966 
12.133619200001704;-30.4988;0.0000;-17.4626 
12.18188320000263;-33.1313;0.0000;-19.0086 
12.245680100000754;-31.8057;0.0000;-19.1496 
12.309457800001837;-31.8057;0.0000;-18.6464 
12.357716400001664;-32.8646;0.0000;-18.9478 
12.421590199999628;-31.0194;0.0000;-19.4110 
12.46968580000248;-32.0693;0.0000;-18.3454 
12.533563000000868;-30.7587;0.0000;-18.5648 
12.581623400001263;-30.2395;0.0000;-15.6114 
12.64560100000017;-31.2808;0.0000;-16.0522 
12.693640600002254;-24.6912;0.0000;-17.3770 
12.757737399999314;-26.4269;0.0000;-10.4364 
12.805824200000643;-23.4662;0.0000;-13.2571 
12.870735500000592;-20.5705;0.0000;-8.9687 
12.91788550000274;-18.4347;0.0000;-4.1908 
12.965903700001945;-14.9315;0.0000;-0.9001 
13.02952390000064;-13.7770;0.0000;5.0627 
13.07757440000205;1.3422;0.0000;9.1450 
13.125461400002678;-3.8054;0.0000;16.7564 
13.17386450000049;7.1766;0.0000;16.1727 
13.221704400002636;8.3053;0.0000;18.9239 
13.285481300001265;18.1991;0.0000;18.0777 
13.333647499999643;15.8595;0.0000;27.8216 
13.381692700000713;21.0491;0.0000;22.5715 
13.429916299999604;26.4269;0.0000;21.8663 
13.493689099999756;28.1892;0.0000;23.8661 
13.541540700000041;28.4432;0.0000;23.8348 
13.589825499999279;34.7491;0.0000;21.2886 
13.637810300002457;29.9809;0.0000;22.6459 
13.701746500002628;30.2395;0.0000;19.1731 
13.749577200000203;32.8646;0.0000;18.8676 
13.79768370000238;33.1313;0.0000;20.1788 
13.86163370000213;31.8057;0.0000;20.6706 
13.909604800002853;33.6672;0.0000;19.2906 
13.957769399999961;30.2395;0.0000;19.9549 
14.005606099999568;35.0218;0.0000;22.0630 
14.069678200001363;36.1218;0.0000;23.5278 
14.117668599999888;32.3336;0.0000;19.3141 
14.165834800001903;33.6672;0.0000;20.3428 
14.213896200002637;34.2064;0.0000;20.5531 
14.277827900001284;33.1313;0.0000;21.3070 
14.325587999999698;32.5987;0.0000;20.5531 
14.374586699999782;33.1313;0.0000;20.7183 
14.437449500001094;33.3988;0.0000;20.9091 
14.48555910000141;34.4773;0.0000;21.0501 
14.533621500002482;34.2064;0.0000;21.3322 
14.58177500000238;33.1313;0.0000;20.7183 
14.645470499999647;34.2064;0.0000;20.5531 
14.69358860000284;32.8646;0.0000;20.3885 
14.741583900002297;34.4773;0.0000;21.0249 
14.789961500002391;33.6672;0.0000;20.4362 
14.853622900001938;34.2064;0.0000;20.0386 
14.90161470000021;34.4773;0.0000;20.5531 
14.9497091000012;34.7491;0.0000;20.3654 
15.013413799999398;33.6672;0.0000;21.2168 
15.061589000000822;33.9364;0.0000;20.7183 
15.109825100000307;32.8646;0.0000;20.4121 
15.157785400002467;34.4773;0.0000;20.2244 
15.221391999999469;34.2064;0.0000;20.8593 
15.269635600001493;32.8646;0.0000;20.5773 
15.317751099999441;33.3988;0.0000;20.3428 
15.365661800002272;34.4773;0.0000;20.8593 
15.429657900000166;32.5987;0.0000;20.9091 
15.477730800001154;33.3988;0.0000;20.8352 
15.525681499999337;34.4773;0.0000;20.8839 
15.573681699999725;33.1313;0.0000;21.0501 
15.63752999999997;34.4773;0.0000;21.1660 
15.685705100000632;33.9364;0.0000;20.8839 
15.733729300001869;33.1313;0.0000;21.3841 
15.797394900000654;32.8646;0.0000;21.0501 
15.84572979999939;33.1313;0.0000;20.8839 
15.893723200002569;34.7491;0.0000;20.5295 
15.941740400001436;33.1313;0.0000;20.8839 
16.00557800000024;34.4773;0.0000;20.6941 
16.05353350000223;33.1313;0.0000;21.2168 
16.101646200000687;33.9364;0.0000;21.1414 
16.14971929999956;33.9364;0.0000;20.8839 
16.213615500000742;35.0218;0.0000;20.8839 
16.26163120000274;33.9364;0.0000;21.0004 
16.30973830000221;33.9364;0.0000;20.7183 
16.373350100002426;33.6672;0.0000;20.7183 
16.421652100001666;33.6672;0.0000;20.7183 
16.469566300002043;34.2064;0.0000;20.8352 
16.517716300000757;33.3988;0.0000;20.6018 
16.581423200001154;33.9364;0.0000;20.8593 
16.629554000002827;34.4773;0.0000;21.2168 
16.67772530000002;33.9364;0.0000;20.3885 
16.72594290000052;33.3988;0.0000;20.7183 
16.789695900002698;33.9364;0.0000;20.8839 
16.837677900002745;33.3988;0.0000;20.2244 
16.885682399999496;33.9364;0.0000;20.8593 
16.933818000001338;34.4773;0.0000;20.3654 
16.997714799999812;32.0693;0.0000;20.8839 
17.045636800001375;34.4773;0.0000;21.2824 
17.09366349999982;32.5987;0.0000;20.3449 
17.157589700000244;32.8646;0.0000;20.7183 
17.20571530000234;34.4773;0.0000;21.1911 
17.253680500001792;32.8646;0.0000;19.2838 
17.302032400002645;33.1313;0.0000;20.5531 
17.365466999999626;32.5987;0.0000;20.5531 
17.41365080000105;32.8646;0.0000;20.0608 
17.461653300000762;32.8646;0.0000;20.6706 
17.50976290000108;32.0693;0.0000;20.0131 
17.573696300001757;33.1313;0.0000;20.8352 
17.621557599999505;32.3336;0.0000;20.3449 
17.669943100001547;32.5987;0.0000;19.5727 
17.733559300002526;30.7587;0.0000;21.2168 
17.781671100001404;32.3336;0.0000;19.8013 
17.829725400002644;32.8646;0.0000;19.3118 
17.877719700001762;32.5987;0.0000;18.8676 
17.941409099999873;30.4988;0.0000;18.3462 
17.989829400001327;26.1774;0.0000;16.1271 
18.038133000001835;28.9533;0.0000;15.1471 
18.085745100001077;25.1846;0.0000;8.1428 
18.149590400000307;25.9284;0.0000;7.1069 
18.1973923000005;12.8576;0.0000;1.6130 
18.245771400001104;20.5705;0.0000;-2.1990 
18.293589000000793;13.0871;0.0000;-4.8824 
18.341651800001273;8.5314;0.0000;-9.9489 
18.405645900002128;2.4613;0.0000;-13.5922 
18.45360470000014;-6.5007;0.0000;-15.5375 
18.50166110000282;-6.9512;0.0000;-17.5706 
18.565532399999938;-17.0257;0.0000;-19.2160 
18.613956100001815;-17.9638;0.0000;-19.2053 
18.677669100001367;-14.9315;0.0000;-17.2706 
18.725720599999477;-21.0491;0.0000;-13.5897 
18.78952130000107;-19.6178;0.0000;-14.7320 
18.853410700001405;-22.2524;0.0000;-13.5606 
18.901647099999536;-21.0491;0.0000;-13.2488 
18.965698700001667;-23.4662;0.0000;-11.2165 
19.01384610000241;-20.8096;0.0000;-13.8200 
19.077528100002382;-22.2524;0.0000;-13.0880 
19.125700600001437;-21.0491;0.0000;-14.8221 
19.189829300001293;-22.0110;0.0000;-14.1328 
19.237732100002177;-24.1998;0.0000;-13.6402 
19.301617000000988;-22.4943;0.0000;-13.9837 
19.35009429999991;-25.4320;0.0000;-13.8677 
19.41364590000012;-21.7699;0.0000;-12.8256 
19.46165590000237;-21.5292;0.0000;-13.2707 
19.52544190000117;-21.2890;0.0000;-13.4195 
19.573850400000083;-22.0110;0.0000;-13.1009 
19.63763370000015;-21.5292;0.0000;-13.6938 
19.686027400002786;-22.7366;0.0000;-12.9599 
19.74979650000023;-21.2890;0.0000;-12.5177 
19.813386900001206;-20.8096;0.0000;-12.8188 
19.861543600000005;-22.2524;0.0000;-12.9965 
19.925461999999243;-20.8096;0.0000;-13.5452 
19.973871000001964;-22.0110;0.0000;-13.2558 
20.03765960000237;-19.8554;0.0000;-13.1009 
20.085670300002676;-22.4943;0.0000;-13.4042 
20.149599000000308;-20.5705;0.0000;-12.9737 
20.197975300001417;-21.7699;0.0000;-12.5238 
20.261546100002306;-20.5705;0.0000;-13.2488 
20.309639600000082;-20.3318;0.0000;-11.0624 
20.373514400002023;-21.5292;0.0000;-13.6938 
20.421875899999577;-20.8096;0.0000;-13.3969 
20.48570440000185;-21.7699;0.0000;-13.3898 
20.533731100000296;-22.2524;0.0000;-12.9533 
20.59756919999927;-21.7699;0.0000;-13.2419 
20.64565550000043;-20.5705;0.0000;-12.6649 
20.709808900002827;-20.8096;0.0000;-13.1009 
20.77354870000272;-22.9794;0.0000;-12.2187 
20.821616100001847;-21.0491;0.0000;-12.8256 
20.885440600002767;-20.8096;0.0000;-12.9533 
20.933992000002036;-21.0491;0.0000;-12.9599 
20.997607500001322;-20.8096;0.0000;-12.2357 
21.04564980000214;-21.5292;0.0000;-12.6712 
21.10952980000002;-19.8554;0.0000;-12.0777 
21.157799000000523;-20.8096;0.0000;-11.6444 
21.22158320000017;-20.5705;0.0000;-12.3652 
21.2698827000022;-19.8554;0.0000;-12.2187 
21.33360520000133;-20.3318;0.0000;-13.2488 
21.381887400002597;-19.6178;0.0000;-10.4773 
21.445536499999434;-20.8096;0.0000;-12.3767 
21.493814500001463;-20.3318;0.0000;-12.5177 
21.557585700000345;-21.2890;0.0000;-12.3767 
21.62140350000118;-20.0934;0.0000;-12.3767 
21.66978360000212;-19.1435;0.0000;-12.8188 
21.733388399999967;-23.4662;0.0000;-11.0624 
21.781790200002433;-18.4347;0.0000;-12.9599 
21.845431000001554;-23.2226;0.0000;-13.7267 
21.893659400000615;-18.1991;0.0000;-9.7972 
21.957354599999235;-17.7288;0.0000;-9.0670 
22.005592500001512;-18.4347;0.0000;-9.3521 
22.053771700000652;-17.4941;0.0000;-10.9299 
22.117566799999622;-15.3950;0.0000;-11.6350 
22.165721699999267;-18.9069;0.0000;-10.3532 
22.229538499999762;-16.3252;0.0000;-10.0638 
22.277736000000004;-18.1991;0.0000;-11.6350 
22.34154970000236;-16.5584;0.0000;-10.3363 
22.390143000000535;-17.9638;0.0000;-8.7655 
22.45351010000013;-14.7001;0.0000;-11.6350 
22.50166530000206;-16.5584;0.0000;-8.9135 
22.565614499999356;-20.0934;0.0000;-11.9217 
22.61358100000143;-13.5468;0.0000;-12.9470 
22.677546200000506;-16.0922;0.0000;-7.2073 
22.72550460000275;-18.9069;0.0000;-9.3346 
22.78988820000086;-17.4941;0.0000;-12.3708 
22.8379425000021;-18.9069;0.0000;-9.7597 
22.90156130000105;-14.4690;0.0000;-10.1924 
22.94991470000241;-15.3950;0.0000;-8.7705 
23.013372100002016;-16.3252;0.0000;-8.7670 
23.06168660000185;-17.0257;0.0000;-10.1924 
23.109764100001485;-16.5584;0.0000;-9.3312 
23.173655500002496;-16.7919;0.0000;-9.6132 
23.221722000002046;-16.3252;0.0000;-11.4617 
23.285536800001864;-15.3950;0.0000;-11.3207 
23.349402499999997;-16.0922;0.0000;-10.6129 
23.397693700000673;-15.6271;0.0000;-10.3363 
23.46160779999991;-18.6707;0.0000;-12.9533 
23.509455800001888;-14.2381;0.0000;-10.9136 
23.557896000002074;-19.1435;0.0000;-9.0476 
23.62155800000255;-17.0257;0.0000;-10.7690 
23.669710800000757;-15.6271;0.0000;-8.9052 
23.733832100002473;-17.0257;0.0000;-12.2085 
23.78178509999998;-17.2597;0.0000;-9.3328 
23.845516600002156;-16.7919;0.0000;-10.7624 
23.893809600001987;-17.0257;0.0000;-10.3335 
23.957710900001985;-17.4941;0.0000;-11.1957 
24.02139530000204;-17.0257;0.0000;-10.4773 
24.06957970000076;-18.4347;0.0000;-10.3335 
24.13348450000194;-16.5584;0.0000;-11.9171 
24.181576500002848;-18.6707;0.0000;-10.4803 
24.245569099999557;-17.2597;0.0000;-10.4803 
24.293926599999395;-18.4347;0.0000;-11.6188 
24.357897100002447;-17.2597;0.0000;-12.1992 
24.405702300002304;-18.4347;0.0000;-11.9086 
24.469496400000935;-19.8554;0.0000;-12.2038 
24.517722200002027;-18.4347;0.0000;-11.1825 
24.581532700001844;-17.9638;0.0000;-13.3524 
24.629824800002098;-20.0934;0.0000;-11.0546 
24.69364459999997;-19.3805;0.0000;-13.7932 
24.741543800002546;-18.9069;0.0000;-11.4815 
24.805878800001665;-18.6707;0.0000;-13.6402 
24.8538260000023;-21.0491;0.0000;-15.1284 
24.917660200000682;-21.0491;0.0000;-11.9086 
24.98159730000043;-19.8554;0.0000;-13.1009 
25.029745800002274;-22.2524;0.0000;-15.4371 
25.093361999999615;-20.5705;0.0000;-12.6588 
25.14175840000098;-19.6178;0.0000;-15.0141 
25.20551980000164;-21.7699;0.0000;-12.6473 
25.253597300001275;-21.7699;0.0000;-13.9610 
25.3176005000023;-21.5292;0.0000;-13.6719 
25.365669500002696;-22.9794;0.0000;-14.5643 
25.429501300000993;-18.6707;0.0000;-12.9599 
25.477797100000316;-23.2226;0.0000;-12.9533 
25.541560199999367;-22.9794;0.0000;-12.9599 
25.589785700001812;-22.4943;0.0000;-14.5909 
25.65368049999961;-22.7366;0.0000;-13.8348 
25.701757999999245;-22.2524;0.0000;-14.6969 
25.765539399999398;-21.0491;0.0000;-14.7228 
25.81399750000128;-23.2226;0.0000;-15.4563 
25.877871700002288;-23.2226;0.0000;-13.9610 
25.94139080000241;-23.9548;0.0000;-14.1412 
25.989601900000707;-22.2524;0.0000;-13.0129 
26.053402199999255;-25.1846;0.0000;-13.3508 
26.101756200001546;-18.1991;0.0000;-11.3836 
26.16535550000117;-24.1998;0.0000;-11.5783 
26.213674300001003;-22.0110;0.0000;-11.6444 
26.27760450000278;-20.0934;0.0000;-13.5452 
26.32569820000208;-21.2890;0.0000;-12.9599 
26.389489900000626;-18.1991;0.0000;-12.3828 
26.437823399999616;-21.5292;0.0000;-12.6712 
26.501875300000393;-20.5705;0.0000;-11.8010 
26.549694100001943;-20.0934;0.0000;-12.3708 
26.61364660000254;-19.6178;0.0000;-11.8250 
26.661732200002007;-21.5292;0.0000;-8.6501 
26.725614900002256;-17.9638;0.0000;-10.6727 
26.77454470000157;-16.0922;0.0000;-7.8146 
26.837322300001688;-16.0922;0.0000;-8.0859 
26.88556950000202;-15.3950;0.0000;-6.3694 
26.933676799999375;-11.7129;0.0000;-7.7852 
26.99755659999937;-15.6271;0.0000;-3.5402 
27.045765500002744;-11.7129;0.0000;-4.5294 
27.109512099999847;-9.8911;0.0000;-3.4047 
27.157737600002292;-9.4373;0.0000;-4.2467 
27.20622640000147;-5.3763;0.0000;-1.1660 
27.253800900001806;-6.2757;0.0000;2.7667 
27.317536700000346;-4.7026;0.0000;-0.4468 
27.36540810000224;-3.5813;0.0000;-0.9637 
27.413634900000034;1.1185;0.0000;2.5622 
27.46155930000168;1.5660;0.0000;6.6523 
27.50965940000242;0.2237;0.0000;2.6397 
27.55776660000265;0.6711;0.0000;-0.4130 
27.60570700000244;-0.8948;0.0000;-0.2719 
27.669504100002086;1.1185;0.0000;-1.3769 
27.717548200002057;0.0000;0.0000;-0.2753 
27.765984900001058;0.2237;0.0000;-0.2753 
27.813587600001483;0.0000;0.0000;0.0000 
27.861537799999496;0.2237;0.0000;0.0000 
27.90983430000051;0.0000;0.0000;0.0034 
27.95772930000021;0.2237;0.0000;0.2753 
28.005566499999986;0.0000;0.0000;0.0000 
28.053584000001138;0.0000;0.0000;0.1377 
28.10176290000163;0.0000;0.0000;0.0000 
28.149703099999897;0.0000;0.0000;0.1377 
28.19756960000086;0.2237;0.0000;0.1377 
28.24544109999988;0.2237;0.0000;0.0000 
28.293554500000027;0.0000;0.0000;0.1377 
28.341534999999567;0.2237;0.0000;0.0000 
28.389567300000635;0.0000;0.0000;0.0000 
28.43749750000279;0.2237;0.0000;0.1377 
28.48566170000049;0.0000;0.0000;0.0000 
28.533693600002152;0.0000;0.0000;0.0000 
28.58155660000193;0.2237;0.0000;0.1377 
28.629797900000995;0.2237;0.0000;-0.1377 
28.677878800001054;-0.2237;0.0000;0.1377 
28.72586990000127;0.4474;0.0000;0.2787 
28.773716200001218;0.4474;0.0000;0.0000 
28.821927900000446;-0.2237;0.0000;0.1377 
28.885429400001158;0.2237;0.0000;0.1377 
28.933372800001962;0.2237;0.0000;-0.1377 
28.981386499999644;0.2237;0.0000;0.0000 
29.0295154000014;0.2237;0.0000;0.0000 
29.07774430000063;-0.2237;0.0000;0.2787 
29.125580800002353;0.0000;0.0000;0.1377 
29.173599699999613;0.0000;0.0000;0.1377 
29.221560000001773;0.2237;0.0000;0.0000 
29.26952750000055;-0.2237;0.0000;-0.1377 
29.31773869999961;0.0000;0.0000;0.1377 
29.365807900001528;0.2237;0.0000;0.0000 
29.4137281000003;0.0000;0.0000;0.0000 
29.46268450000207;0.2237;0.0000;0.0000 
29.50971330000175;0.0000;0.0000;0.2753 
29.55759709999984;0.0000;0.0000;0.0000 
29.605658800002857;0.2237;0.0000;0.0000 
29.653802600001654;0.0000;0.0000;0.1410 
29.702162000001408;-0.2237;0.0000;-0.1377 
29.7498196000015;0.2237;0.0000;-0.1377 
29.813302500002465;-0.2237;0.0000;0.1377 
29.861447999999655;0.4474;0.0000;0.1377 
29.909545500002423;0.0000;0.0000;0.1377 
29.957629300002736;0.0000;0.0000;0.2787 
30.005373800002417;0.2237;0.0000;0.1377 
30.05354630000147;-0.2237;0.0000;0.4163 
30.101598500001273;0.2237;0.0000;0.0000 
30.149555100000725;0.2237;0.0000;0.1377 
30.197476699999243;0.0000;0.0000;0.0000 
30.2456631999994;0.0000;0.0000;-0.1377 
30.293587399999524;0.0000;0.0000;0.4163 
30.341524700001173;-0.2237;0.0000;0.2787 
30.38980570000058;0.0000;0.0000;-0.1377 
30.437907400002587;0.4474;0.0000;0.0000 
30.4857402000016;0.2237;0.0000;-0.1377 
30.533966599999985;0.2237;0.0000;0.2753 
30.581654900001013;0.4474;0.0000;0.1377 
30.629703000002337;0.0000;0.0000;0.0000 
30.69338020000214;0.4474;0.0000;-0.1377 
30.741324800001166;0.0000;0.0000;0.4130 
30.78935520000232;0.2237;0.0000;0.2753 
30.837320500002534;0.0000;0.0000;0.2753 
30.885422800001834;0.0000;0.0000;0.2753 
30.933475400001043;0.0000;0.0000;0.1377 
30.981471600000077;0.0000;0.0000;0.0000 
31.029401200001303;0.0000;0.0000;0.0000 
31.0774928000028;0.0000;0.0000;0.1377 
31.125339900001563;0.2237;0.0000;0.1410 
31.17341330000272;0.2237;0.0000;0.1377 
31.221461700002692;0.0000;0.0000;0.1377 
31.269461100000626;0.2237;0.0000;0.0000 
31.31749530000161;0.0000;0.0000;0.0000 
31.365485100002843;0.2237;0.0000;0.1377 
31.413728499999706;0.0000;0.0000;0.0000 
31.461701399999583;-0.2237;0.0000;-0.1377 
31.510232300002826;0.0000;0.0000;0.2787 
31.557643800002552;0.0000;0.0000;0.2753 
31.605626000000484;0.4474;0.0000;0.2753 
31.65364590000172;0.4474;0.0000;-0.2753 
31.701799300000857;-0.2237;0.0000;0.0000 
31.749711800002842;0.4474;0.0000;-0.1377 
31.79780650000248;0.2237;0.0000;0.1377 
31.84581270000126;0.0000;0.0000;0.1377 
31.894249700002547;0.0000;0.0000;0.1377 
31.941763400001946;0.0000;0.0000;0.1377 
31.989851800000906;0.0000;0.0000;0.1377 
32.05337160000272;0.0000;0.0000;-0.1377 
32.10168420000264;0.4474;0.0000;-0.1377 
32.14970449999964;0.0000;0.0000;0.0000 
32.197601300002134;0.4474;0.0000;0.1377 
32.24575190000178;0.0000;0.0000;0.1410 
32.29343770000196;0.4474;0.0000;0.0000 
32.34141290000116;0.2237;0.0000;0.1377 
32.38975449999998;0.0000;0.0000;0.1410 
32.437519000002794;0.2237;0.0000;0.0000 
32.485582299999805;0.2237;0.0000;0.5540 
32.533676499999274;0.2237;0.0000;0.0000 
32.58153790000142;-0.2237;0.0000;0.0000 
32.62963310000123;0.2237;0.0000;0.2753 
32.67776230000163;0.2237;0.0000;0.0000 
32.72542220000105;0.2237;0.0000;0.1410 
32.77387590000217;0.6711;0.0000;-0.1377 
32.821681600002194;0.2237;0.0000;0.0000 
32.869725200001994;0.2237;0.0000;0.0000 
32.91757630000211;0.2237;0.0000;0.1377 
32.96564530000251;0.2237;0.0000;-0.1377 
33.015388800002256;0.4474;0.0000;0.0000 
33.061615400001756;0.2237;0.0000;0.1377 
33.10966810000173;0.2237;0.0000;-0.1377 
33.1577541000006;0.8948;0.0000;0.1377 
33.221412200000486;1.1185;0.0000;-0.4130 
33.26939029999994;0.0000;0.0000;0.0000 
33.317361400000664;0.2237;0.0000;0.1377 
33.365379500002746;0.2237;0.0000;0.1377 
33.413585400001466;-0.2237;0.0000;-0.1377 
33.461548800001765;0.2237;0.0000;0.1377 
33.5095547000019;0.4474;0.0000;0.1377 
33.55773910000062;0.0000;0.0000;-0.1377 
33.605667200001335;0.0000;0.0000;0.1377 
33.6539053000015;0.0000;0.0000;0.2753 
33.70170860000144;0.0000;0.0000;0.0000 
33.749804300001415;0.0000;0.0000;0.2787 
33.79761850000068;0.4474;0.0000;-0.1377 
33.845805900000414;0.0000;0.0000;0.0000 
33.89356460000272;0.4474;0.0000;0.1410 
33.94163160000244;0.4474;0.0000;-0.2753 
33.989725200000976;0.0000;0.0000;0.0000 
34.05329569999958;0.0000;0.0000;-0.1343 
34.101354500002344;0.0000;0.0000;0.1410 
34.149440799999866;0.2237;0.0000;0.4163 
34.19882100000177;0.0000;0.0000;-0.1377 
34.24546740000005;0.0000;0.0000;0.1377 
34.293744500002504;0.4474;0.0000;0.4163 
34.34155800000008;0.0000;0.0000;0.2753 
34.38981090000016;-0.4474;0.0000;0.2753 
34.43746960000135;0.0000;0.0000;0.0000 
34.48573260000194;0.0000;0.0000;0.1377 
34.5335296000012;1.1185;0.0000;0.4163 
34.581429100002424;-0.2237;0.0000;0.1377 
34.629617500002496;0.2237;0.0000;0.0000 
34.67810380000083;0.4474;0.0000;-0.1377 
34.725805600002786;0.0000;0.0000;0.0000 
34.77397220000057;0.2237;0.0000;-0.1377 
34.82178080000085;-0.2237;0.0000;0.1377 
34.8697659999998;0.0000;0.0000;0.0000 
34.93334959999993;0.2237;0.0000;-0.2753 
34.98163779999959;0.2237;0.0000;0.0000 
35.02947190000123;0.2237;0.0000;0.1377 
35.0777319000008;0.2237;0.0000;0.2753 
35.125529000000824;0.2237;0.0000;0.0000 
35.17354830000113;0.0000;0.0000;0.1377 
35.22143440000218;0.0000;0.0000;0.0000 
35.26957760000005;0.4474;0.0000;-0.1377 
35.317439500002365;0.2237;0.0000;0.2753 
35.365618700001505;0.0000;0.0000;0.4163 
35.41338010000254;-0.2237;0.0000;0.0000 
35.46153659999982;0.0000;0.0000;-0.1377 
35.50956860000224;-0.2237;0.0000;0.0000 
35.55770670000129;0.0000;0.0000;0.0000 
35.605910800000856;0.0000;0.0000;0.1410 
35.6537516999997;0.0000;0.0000;0.0000 
35.70162440000058;0.0000;0.0000;0.0034 
35.749678800002584;0.2237;0.0000;0.0000 
35.79765110000153;0.2237;0.0000;0.1377 
35.84547290000046;0.0000;0.0000;0.0000 
35.89387650000208;0.0000;0.0000;0.0000 
35.941646900002524;0.4474;0.0000;0.1377 
35.98979390000022;0.2237;0.0000;0.2753 
36.038059700000304;-0.2237;0.0000;0.1377 
36.08554490000097;0.0000;0.0000;0.1377 
36.14935890000197;0.4474;0.0000;-0.1377 
36.19737779999923;0.2237;0.0000;0.2753 
36.245462800001405;0.2237;0.0000;0.1410 
36.29367760000241;0.4474;0.0000;0.1377 
36.34150410000075;0.6711;0.0000;0.1377 
36.38940240000011;0.4474;0.0000;0.1377 
36.43742420000126;0.2237;0.0000;-0.1377 
36.485553500002425;0.0000;0.0000;0.1377 
36.53371170000173;0.6711;0.0000;0.4130 
36.58149330000015;-0.2237;0.0000;0.1410 
36.62951660000181;0.2237;0.0000;0.0000 
36.67768140000044;0.4474;0.0000;0.2787 
36.72579609999957;0.6711;0.0000;-0.2753 
36.77429150000171;0.4474;0.0000;0.0034 
36.82166920000236;0.4474;0.0000;0.0000 
36.86965749999945;0.0000;0.0000;0.0000 
36.91762519999975;0.0000;0.0000;0.0000 
36.965652599999885;0.0000;0.0000;0.1377 
37.01359230000162;-0.2237;0.0000;0.4163 
37.061666100002185;0.0000;0.0000;0.0000 
37.10982680000234;0.2237;0.0000;0.0000 
37.15770930000144;-0.2237;0.0000;0.0000 
37.22135420000268;0.4474;0.0000;0.0000 
37.26932149999993;0.0000;0.0000;0.2753 
37.31733390000227;-0.2237;0.0000;0.0000 
37.36542150000241;0.2237;0.0000;0.1410 
37.41404379999949;0.4474;0.0000;0.2787 
37.461419499999465;0.0000;0.0000;0.1377 
37.509550200000376;0.0000;0.0000;0.1377 
37.557426499999565;0.0000;0.0000;0.1377 
37.605500500001654;0.2237;0.0000;0.1377 
37.65346010000212;0.0000;0.0000;0.1377 
37.701553999999305;0.0000;0.0000;0.1377 
37.74970190000022;0.2237;0.0000;0.0000 
37.79735310000251;0.2237;0.0000;0.2753 
37.84561290000056;0.0000;0.0000;0.1377 
37.89348450000034;0.0000;0.0000;0.0000 
37.941427900001145;0.0000;0.0000;-0.1377 
37.98967210000046;0.0000;0.0000;0.2753 
38.03785390000121;0.0000;0.0000;0.0000 
38.08557510000173;0.0000;0.0000;0.1377 
38.133562600000005;0.0000;0.0000;0.1377 
38.18165450000015;0.0000;0.0000;0.1377 
38.229455799999414;0.4474;0.0000;-0.5506 
38.277607899999566;0.2237;0.0000;0.4163 
38.3254674000018;0.0000;0.0000;0.1377 
38.37350050000168;0.0000;0.0000;0.1377 
38.4216613000026;-0.2237;0.0000;-0.1377 
38.46968470000138;0.0000;0.0000;0.1377 
38.51771150000059;0.2237;0.0000;0.0000 
38.5658605000026;0.0000;0.0000;0.0000 
38.629320500000176;0.0000;0.0000;-0.1377 
38.677461200000835;0.2237;0.0000;0.0000 
38.725442300001305;0.2237;0.0000;-0.1377 
38.77351540000018;0.0000;0.0000;0.2787 
38.82155740000235;0.2237;0.0000;0.2753 
38.86968020000131;0.0000;0.0000;0.1377 
38.917650700001104;0.0000;0.0000;0.1377 
38.9655242000008;0.2237;0.0000;-0.1377 
39.013501800000085;0.0000;0.0000;0.1377 
39.061484600002586;-0.2237;0.0000;0.0000 
39.10940330000085;0.0000;0.0000;0.1377 
39.15759059999982;0.2237;0.0000;0.0000 
39.205720900001324;0.0000;0.0000;0.2753 
39.25359050000043;-0.2237;0.0000;0.1377 
39.301838999999745;0.2237;0.0000;-0.1377 
39.34984579999946;0.0000;0.0000;0.0000 
39.39774070000203;0.0000;0.0000;0.0000 
39.44559730000037;0.0000;0.0000;0.1377 
39.49390029999995;0.0000;0.0000;0.1377 
39.541723599999386;0.0000;0.0000;0.2753 
39.589740999999776;0.0000;0.0000;0.1377 
39.63795160000154;0.2237;0.0000;0.1377 
39.68545500000255;0.0000;0.0000;0.1377 
39.733598800001346;0.4474;0.0000;0.0000 
39.78142590000061;0.2237;0.0000;0.2753 
39.82965740000145;0.0000;0.0000;0.1377 
39.877650900001754;0.2237;0.0000;0.0000 
39.92567300000155;0.2237;0.0000;0.0000 
39.97371440000279;0.2237;0.0000;0.0000 
40.02164860000266;0.2237;0.0000;0.1377 
40.069673000001785;0.0000;0.0000;0.1377 
40.117713300001924;0.2237;0.0000;0.0000 
40.165897300001234;0.2237;0.0000;0.1377 
40.21411730000182;0.0000;0.0000;0.0000 
40.261759700002585;0.0000;0.0000;0.1377 
40.32529670000076;0.2237;0.0000;0.2753 
40.37338350000209;0.0000;0.0000;0.0000 
40.42133020000256;-0.2237;0.0000;0.2787 
40.46950270000161;0.0000;0.0000;0.0000 
40.51739720000114;0.0000;0.0000;0.0000 
40.56550790000256;0.0000;0.0000;0.2753 
40.613415100000566;0.0000;0.0000;0.2787 
40.66151250000257;0.2237;0.0000;0.0000 
40.70942040000227;0.2237;0.0000;0.1377 
40.75749949999954;0.2237;0.0000;0.0000 
40.80562900000223;0.2237;0.0000;0.2753 
40.85340820000056;0.2237;0.0000;0.1377 
40.901582500002405;0.0000;0.0000;-0.1377 
40.949590800002625;0.2237;0.0000;0.1410 
40.99742049999986;0.0000;0.0000;0.0000 
41.0454204000016;0.2237;0.0000;0.0000 
41.09344280000005;0.4474;0.0000;0.1377 
41.14159289999952;0.2237;0.0000;-0.1377 
41.18977260000247;0.6711;0.0000;0.2753 
41.23769970000285;0.0000;0.0000;-0.1377 
41.28594160000284;0.0000;0.0000;0.0000 
41.333576200002426;0.0000;0.0000;0.2787 
41.38163759999952;0.0000;0.0000;0.0000 
41.42963349999991;0.2237;0.0000;-0.1377 
41.47765190000064;0.2237;0.0000;0.0000 
41.525637099999585;0.4474;0.0000;-0.1377 
41.57379320000109;0.2237;0.0000;0.1377 
41.63739080000232;-0.2237;0.0000;-0.1377 
41.68540290000237;0.6711;0.0000;0.1377 
41.73399650000283;0.4474;0.0000;0.2787 
41.78149830000257;-0.2237;0.0000;0.0000 
41.82950150000033;0.2237;0.0000;0.1377 
41.87743000000046;0.2237;0.0000;0.1377 
41.92570949999936;0.2237;0.0000;0.2787 
41.973691099999996;0.0000;0.0000;-0.1377 
42.021794399999635;0.2237;0.0000;0.0000 
42.06968079999933;0.0000;0.0000;-0.1377 
42.117501799999445;0.0000;0.0000;0.2753 
42.16561300000103;0.2237;0.0000;0.1377 
42.21363310000015;0.2237;0.0000;0.0000 
42.26175710000098;0.2237;0.0000;0.2787 
42.309886499999266;0.0000;0.0000;0.0000 
42.357766100001754;0.0000;0.0000;0.1377 
42.40574390000256;0.4474;0.0000;0.1377 
42.453962800002046;0.2237;0.0000;0.1377 
42.501808700002584;0.0000;0.0000;0.1410 
42.54984650000188;0.4474;0.0000;-0.4130 
42.59762740000224;0.0000;0.0000;0.0000 
42.645770600000105;0.2237;0.0000;0.2787 
42.69372909999947;0.0000;0.0000;0.2753 
42.74171480000223;0.2237;0.0000;0.0000 
42.79104279999956;0.2237;0.0000;0.2787 
42.85336820000157;-0.4474;0.0000;0.0034 
42.90151700000206;-0.2237;0.0000;0.0000 
42.94944270000269;0.2237;0.0000;0.2787 
42.9975912000009;0.0000;0.0000;0.1377 
43.04548480000085;0.2237;0.0000;0.2753 
43.093554400002176;0.0000;0.0000;0.1377 
43.14150420000078;0.2237;0.0000;0.0000 
43.189496599999984;-0.2237;0.0000;0.1377 
43.23751330000232;0.4474;0.0000;0.0000 
43.285412900000665;0.2237;0.0000;0.2753 
43.33418200000233;-0.2237;0.0000;-0.1377 
43.381700199999614;0.0000;0.0000;0.0000 
43.43371699999989;0.4474;0.0000;0.1377 
43.47760729999936;0.0000;0.0000;0.1377 
43.52559800000017;0.6711;0.0000;0.1377 
43.573905600002035;0.4474;0.0000;0.1410 
43.62165230000028;0.0000;0.0000;0.0000 
43.66975459999958;-0.2237;0.0000;0.1377 
43.73330110000097;0.0000;0.0000;0.0000 
43.78126120000161;0.2237;0.0000;0.1377 
43.830202299999655;0.0000;0.0000;-0.1377 
43.87822629999937;0.0000;0.0000;0.0000 
43.92637110000214;0.4474;0.0000;-0.1377 
43.973525600002176;0.2237;0.0000;0.0000 
44.02142670000103;0.4474;0.0000;0.1377 
44.069267599999876;0.0000;0.0000;0.1377 
44.11824700000216;0.0000;0.0000;0.0000 
44.16637240000273;-0.2237;0.0000;0.0000 
44.213833000001614;0.8948;0.0000;-0.6883 
44.262042199999996;0.2237;0.0000;0.1377 
44.30995629999961;0.0000;0.0000;0.2787 
44.35820070000045;0.2237;0.0000;0.1377 
44.406177100001514;0.4474;0.0000;0.0000 
44.45420170000216;0.2237;0.0000;0.0000 
44.5020399999994;0.0000;0.0000;0.1377 
44.550032800001645;0.0000;0.0000;0.1377 
44.59808080000221;0.2237;0.0000;0.0000 
44.64616089999981;0.0000;0.0000;0.2753 
44.69417439999961;0.2237;0.0000;0.1377 
44.74187560000064;0.2237;0.0000;0.2787 
44.7900303000024;0.2237;0.0000;0.2787 
44.83997790000285;-0.2237;0.0000;0.0000 
44.886522000000696;0.2237;0.0000;0.0000 
44.93464160000076;-0.2237;0.0000;0.0000 
44.998342999999295;0.2237;0.0000;-0.1377 
45.04638650000197;0.0000;0.0000;0.0000 
45.09450330000254;-0.2237;0.0000;0.0034 
45.14243650000208;0.0000;0.0000;0.1377 
45.18953600000168;0.0000;0.0000;0.0000 
45.23760039999979;0.0000;0.0000;0.1377 
45.28590769999937;0.2237;0.0000;0.2787 
45.333357700001216;0.0000;0.0000;-0.2753 
45.3815938000007;-0.2237;0.0000;0.0000 
45.42954219999956;0.2237;0.0000;0.1377 
45.477508700001636;0.0000;0.0000;0.0000 
45.52551339999991;0.4474;0.0000;0.0000 
45.573683400001755;0.0000;0.0000;0.1377 
45.62277969999923;0.4474;0.0000;0.0000 
45.66962910000075;-0.2237;0.0000;0.2753 
45.718135499999335;-0.2237;0.0000;0.1377 
45.76668740000241;0.4474;0.0000;0.1377 
45.81446380000125;0.2237;0.0000;0.1377 
45.861953800002084;0.0000;0.0000;0.1377 
45.91013210000165;0.2237;0.0000;0.0000 
45.95828650000112;0.2237;0.0000;0.1410 
46.006442300000344;-0.2237;0.0000;0.1377 
46.069587600002706;0.2237;0.0000;0.0000 
46.11826110000038;-0.2237;0.0000;0.0000 
46.1654277000016;0.0000;0.0000;0.1377 
46.214425400001346;0.0000;0.0000;0.0000 
46.261601100002736;0.0000;0.0000;0.2787 
46.31109930000093;0.4474;0.0000;0.1377 
46.35759909999979;0.2237;0.0000;0.0000 
46.40577160000248;0.0000;0.0000;0.0000 
46.454156100000546;0.2237;0.0000;0.1377 
46.502147900002456;0.2237;0.0000;0.0000 
46.54955390000032;0.0000;0.0000;0.0000 
46.59743689999959;0.0000;0.0000;0.1377 
46.645570900000166;0.2237;0.0000;0.0000 
46.69341880000138;0.2237;0.0000;0.0000 
46.74135430000024;0.2237;0.0000;0.0000 
46.789494799999375;0.4474;0.0000;0.4130 
46.83881739999924;-0.2237;0.0000;0.2753 
46.885417500001495;0.0000;0.0000;0.0000 
46.933619100000215;0.2237;0.0000;0.0000 
46.98156590000144;-0.2237;0.0000;-0.5506 
47.03065269999934;0.4474;0.0000;-0.1377 
47.07758459999968;0.0000;0.0000;0.2753 
47.125588400002016;0.0000;0.0000;0.0000 
47.17373040000166;0.2237;0.0000;0.1377 
47.2223776000028;-0.4474;0.0000;0.1410 
47.285893100000976;-0.2237;0.0000;0.1377 
47.33412490000046;0.0000;0.0000;0.2753 
47.38199069999973;0.0000;0.0000;0.0000 
47.42935050000233;-0.2237;0.0000;0.2753 
47.477450000002136;0.4474;0.0000;0.0000 
47.52618640000219;0.6711;0.0000;0.2753 
47.57365220000065;0.2237;0.0000;0.1377 
47.621442200001184;-0.2237;0.0000;0.0000 
47.6694387000025;0.2237;0.0000;0.2753 
47.7180515;0.2237;0.0000;0.0000 
47.76931590000095;0.0000;0.0000;0.1377 
47.813885700001265;0.4474;0.0000;-0.1377 
47.86141789999965;0.0000;0.0000;-0.1377 
47.90955430000031;0.2237;0.0000;0.2787 
47.957582099999854;0.0000;0.0000;0.0000 
48.00574659999984;0.0000;0.0000;0.2753 
48.05357400000139;0.0000;0.0000;0.0000 
48.10226340000008;0.0000;0.0000;0.1377 
48.14958580000166;0.2237;0.0000;0.1377 
48.19750990000102;0.2237;0.0000;0.1377 
48.24594470000011;-0.2237;0.0000;0.0000 
48.293419699999504;0.0000;0.0000;0.1377 
48.34209230000124;0.0000;0.0000;0.1377 
48.39013040000282;0.0000;0.0000;0.4130 
48.43781390000004;0.2237;0.0000;0.1410 
48.48578140000245;0.2237;0.0000;0.1410 
48.54989580000256;-0.2237;0.0000;0.1377 
48.5972537000016;0.0000;0.0000;0.1410 
48.64540280000074;0.0000;0.0000;0.0000 
48.69341460000214;-0.2237;0.0000;0.1410 
48.741365900001256;0.0000;0.0000;0.0000 
48.78958870000133;0.2237;0.0000;0.0000 
48.837487200002215;-0.2237;0.0000;0.0000 
48.885502299999644;0.0000;0.0000;0.0000 
48.93353010000283;0.2237;0.0000;0.1377 
48.98163670000213;0.0000;0.0000;0.2787 
49.029731400001765;0.2237;0.0000;0.0000 
49.0775622000001;0.0000;0.0000;0.0000 
49.125499100002344;0.0000;0.0000;0.1377 
49.174117900001875;0.0000;0.0000;0.1377 
49.2226370999997;0.0000;0.0000;0.2753 
49.26985350000177;0.0000;0.0000;0.1377 
49.318255100002716;0.2237;0.0000;0.1377 
49.36627640000006;0.2237;0.0000;-0.1377 
49.41437120000046;0.0000;0.0000;0.0000 
49.46248209999976;0.0000;0.0000;0.0000 
49.50959739999962;0.2237;0.0000;0.0000 
49.55745740000202;0.4474;0.0000;0.1377 
49.6057615000027;-0.2237;0.0000;0.1377 
49.65363849999994;0.0000;0.0000;0.1377 
49.70155180000074;0.2237;0.0000;0.1377 
49.749576800000796;0.4474;0.0000;0.0000 
49.79766220000238;-0.2237;0.0000;0.0000 
49.845894600002794;0.2237;0.0000;0.0000 
49.910321999999724;0.4474;0.0000;-0.1377 
49.95735590000186;0.2237;0.0000;0.4130 
50.00537130000157;0.0000;0.0000;0.0000 
50.0533940000023;0.2237;0.0000;0.1377 
50.1017505000018;0.0000;0.0000;0.1377 
50.1494511000019;0.0000;0.0000;0.2753 
50.1982992000012;0.0000;0.0000;0.0000 
50.246129300001485;0.0000;0.0000;0.2753 
50.2944043000025;0.0000;0.0000;0.1377 
50.341675400002714;-0.2237;0.0000;0.1377 
50.39008810000087;0.0000;0.0000;0.1377 
50.437504000001354;0.0000;0.0000;0.1377 
50.485954600000696;0.0000;0.0000;0.0000 
50.533858099999634;-0.2237;0.0000;0.1377 
50.58143740000014;0.0000;0.0000;0.1410 
50.63011390000247;0.0000;0.0000;0.1377 
50.6785458000013;0.2237;0.0000;0.1410 
50.72609580000062;0.0000;0.0000;0.1377 
50.77385670000149;0.0000;0.0000;0.2753 
50.8224177000011;0.2237;0.0000;0.1377 
50.86987009999939;0.0000;0.0000;0.1377 
50.91760330000034;0.2237;0.0000;0.1377 
50.96686369999952;0.0000;0.0000;0.1377 
51.01534739999988;0.0000;0.0000;0.2787 
51.06420889999936;0.0000;0.0000;0.1377 
51.109687200001645;0.4474;0.0000;0.0000 
51.15794610000012;0.2237;0.0000;0.1377 
51.20594180000262;0.2237;0.0000;0.1377 
51.25402039999972;0.0000;0.0000;0.2787 
51.30169890000252;0.0000;0.0000;0.4163 
51.35045390000232;0.4474;0.0000;0.0000 
51.39798900000096;0.2237;0.0000;0.1377 
51.446244800001296;0.0000;0.0000;0.1377 
51.49434950000068;0.2237;0.0000;-0.1377 
51.54200029999993;0.2237;0.0000;0.1377 
51.59027730000162;0.0000;0.0000;-0.1377 
51.63799790000121;0.0000;0.0000;0.0000 
51.686980099999346;0.0000;0.0000;0.1410 
51.7504712000009;0.2237;0.0000;-0.4130 
51.79808350000167;0.0000;0.0000;0.0000 
51.84599470000103;-0.2237;0.0000;0.1410 
51.893627400000696;0.0000;0.0000;0.0000 
51.941337700001895;0.2237;0.0000;0.1377 
51.990098000002035;0.2237;0.0000;0.0000 
52.037487900001;0.4474;0.0000;0.0000 
52.08547180000096;0.2237;0.0000;0.1377 
52.1334053999999;0.0000;0.0000;-0.1377 
52.18145860000004;0.4474;0.0000;0.2787 
52.22962610000104;0.2237;0.0000;0.1377 
52.277553899999475;0.2237;0.0000;0.2753 
52.32543319999968;0.4474;0.0000;0.0000 
52.37346450000041;0.0000;0.0000;0.0000 
52.42264029999933;0.2237;0.0000;0.0000 
52.470680000002176;0.2237;0.0000;0.0000 
52.51851270000043;0.0000;0.0000;0.1377 
52.56552089999968;0.2237;0.0000;0.2787 
52.61340720000226;0.0000;0.0000;-0.1377 
52.66188460000194;0.4474;0.0000;0.0000 
52.710249400002795;0.0000;0.0000;-0.1377 
52.758299799999804;0.0000;0.0000;0.0000 
52.80644720000055;0.0000;0.0000;0.0000 
52.85390700000062;0.0000;0.0000;0.2753 
52.902165200001036;-0.2237;0.0000;0.0000 
52.95003930000166;0.4474;0.0000;0.1377 
52.999019200000475;0.0000;0.0000;0.1410 
53.06144640000275;0.0000;0.0000;0.0034 
53.10930250000092;0.0000;0.0000;0.1377 
53.15736560000005;-0.2237;0.0000;0.1377 
53.20559879999928;0.0000;0.0000;0.1377 
53.25361089999933;0.2237;0.0000;0.0000 
53.302636899999925;-0.2237;0.0000;0.0000 
53.3499582000004;0.2237;0.0000;0.1377 
53.39818940000259;0.2237;0.0000;0.1377 
53.445724700002756;0.0000;0.0000;0.0000 
53.49357059999966;-0.2237;0.0000;0.1410 
53.541470399999525;0.0000;0.0000;0.1377 
53.58988150000005;0.0000;0.0000;-0.1377 
53.638241700002254;0.0000;0.0000;0.2753 
53.68652840000141;0.0000;0.0000;0.0000 
53.73412400000234;0.0000;0.0000;0.0000 
53.78229590000046;-0.2237;0.0000;0.1410 
53.83063220000258;-0.2237;0.0000;0.0034 
53.87800799999968;0.0000;0.0000;0.2753 
53.926262200002384;0.0000;0.0000;0.0000 
53.9893015000016;0.2237;0.0000;0.1410 
54.037259200002154;0.0000;0.0000;0.0000 
54.08785560000251;-0.2237;0.0000;0.1410 
54.13398790000065;0.2237;0.0000;0.1377 
54.181338099999266;0.0000;0.0000;-0.1377 
54.22942479999983;0.0000;0.0000;0.1377 
54.27743420000115;0.4474;0.0000;-0.1377 
54.32549220000146;0.0000;0.0000;0.0000 
54.37371980000171;0.2237;0.0000;-0.1377 
54.421515900001395;0.2237;0.0000;0.1410 
54.46962490000078;0.2237;0.0000;-0.1377 
54.517770099999325;-0.2237;0.0000;0.2753 
54.56572950000191;0.2237;0.0000;0.2753 
54.61384480000197;-0.2237;0.0000;0.0000 
54.677567000002455;0.0000;0.0000;0.1377 
54.72528450000027;0.0000;0.0000;0.1377 
54.77381720000267;0.4474;0.0000;-0.1377 
54.82152979999955;0.2237;0.0000;0.2753 
54.870486800002254;0.4474;0.0000;0.1377 
54.91839280000204;0.0000;0.0000;-0.1377 
54.96639250000226;0.2237;0.0000;0.4130 
55.0133960000021;0.0000;0.0000;0.0000 
55.06182289999924;0.4474;0.0000;0.0000 
55.10950760000196;-0.2237;0.0000;0.1377 
55.15746090000175;0.2237;0.0000;0.0000 
55.20553520000249;0.2237;0.0000;0.1377 
55.2536104000028;0.2237;0.0000;-0.1377 
55.30149209999945;0.2237;0.0000;0.4130 
55.3497466000008;0.4474;0.0000;-0.2753 
55.39757010000176;-0.4474;0.0000;0.1377 
55.445737500002;0.2237;0.0000;0.1410 
55.49360010000237;0.0000;0.0000;0.1377 
55.55741400000261;-0.2237;0.0000;0.1377 
55.605435400000715;0.2237;0.0000;-0.1377 
55.65343980000034;-0.2237;0.0000;0.1377 
55.70151249999981;0.2237;0.0000;0.2787 
55.749363099999755;0.2237;0.0000;0.0000 
55.797447799999645;0.0000;0.0000;0.1377 
55.84539030000087;0.0000;0.0000;0.0000 
55.89490690000093;0.0000;0.0000;0.1377 
55.94154089999938;0.2237;0.0000;0.0000 
55.989522800002305;0.0000;0.0000;0.0034 
56.03750100000252;0.2237;0.0000;0.1410 
56.08558009999979;0.0000;0.0000;-0.1377 
56.13361580000128;0.0000;0.0000;0.4130 
56.18153660000098;0.0000;0.0000;0.0000 
56.2295578000012;0.2237;0.0000;0.1377 
56.277830099999846;0.2237;0.0000;0.1377 
56.325590500000544;0.2237;0.0000;0.0000 
56.37365929999942;0.0000;0.0000;0.1377 
56.42161169999963;0.4474;0.0000;0.0000 
56.469528000001446;0.4474;0.0000;0.2787 
56.517618600002606;0.4474;0.0000;0.1377 
56.56566329999987;0.0000;0.0000;0.1377 
56.61338910000268;0.0000;0.0000;0.2753 
56.66160370000216;0.2237;0.0000;0.0000 
56.72526830000061;-6.2757;0.0000;-0.1377 
56.77337410000109;4.4782;0.0000;3.0321 
56.821327000001475;0.6711;0.0000;2.8939 
56.86924840000211;0.2237;0.0000;0.2753 
56.91734880000149;-0.6711;0.0000;0.4163 
56.965851900000416;0.0000;0.0000;0.1377 
57.01339260000168;-0.2237;0.0000;0.1377 
57.061435300001904;0.4474;0.0000;0.1377 
57.10938200000237;0.0000;0.0000;0.1410 
57.1572937000019;0.0000;0.0000;0.2787 
57.20555310000054;0.0000;0.0000;0.0000 
57.25342040000032;-0.2237;0.0000;0.0000 
57.301531299999624;0.4474;0.0000;0.2787 
57.3494774000028;0.2237;0.0000;0.0000 
57.397452900000644;0.0000;0.0000;0.0000 
57.445654600000125;0.0000;0.0000;0.2753 
57.493657600000006;0.4474;0.0000;0.0000 
57.54156000000148;0.2237;0.0000;0.0000 
57.589413000001514;0.0000;0.0000;0.0000 
57.63758130000133;0.0000;0.0000;-0.1377 
57.68542580000212;0.2237;0.0000;0.0000 
57.73379019999993;0.2237;0.0000;0.0000 
57.78149950000079;0.4474;0.0000;0.0000 
57.8294292999999;0.0000;0.0000;0.0000 
57.87791280000238;0.0000;0.0000;0.0000 
57.92555650000213;0.0000;0.0000;0.0000 
57.97353440000006;-0.2237;0.0000;0.0000 
58.021517799999856;0.2237;0.0000;0.0000 
58.08534520000103;0.0000;0.0000;-0.1377 
58.13334609999947;0.2237;0.0000;0.0000 
58.181828900000255;0.0000;0.0000;0.0000 
58.22929110000041;-0.2237;0.0000;0.0000 
58.277434400002676;0.2237;0.0000;0.1377 
58.325372700001026;0.2237;0.0000;0.0000 
58.3733581000015;0.4474;0.0000;0.4130 
58.421644500002;0.2237;0.0000;0.2787 
58.46928130000015;0.0000;0.0000;0.1377 
58.517396400002326;-0.2237;0.0000;0.1377 
58.56554800000231;0.0000;0.0000;0.1377 
58.61345900000015;0.2237;0.0000;0.1410 
58.66144880000138;0.2237;0.0000;0.0000 
58.709528900002624;0.0000;0.0000;0.0000 
58.75733630000104;0.4474;0.0000;0.2753 
58.80581330000132;0.0000;0.0000;0.4130 
58.853491800000484;0.2237;0.0000;0.2753 
58.9016315000008;0.2237;0.0000;0.1377 
58.94950040000185;0.0000;0.0000;0.1377 
58.99755360000199;-0.4474;0.0000;0.0000 
59.045536300000094;0.2237;0.0000;0.2753 
59.09376780000093;-0.2237;0.0000;0.0000 
59.14164280000114;0.4474;0.0000;0.1377 
59.1898113999996;0.0000;0.0000;0.0000 
59.23758319999979;0.0000;0.0000;0.0000 
59.285539500000596;0.2237;0.0000;0.1377 
59.333682399999816;0.0000;0.0000;0.0000 
59.38169689999995;0.0000;0.0000;0.1377 
59.42957750000278;0.0000;0.0000;0.1377 
59.47756180000215;0.0000;0.0000;0.1377 
59.52557689999958;0.4474;0.0000;0.1410 
59.573413100002654;0.2237;0.0000;0.1377 
59.6372904000018;0.2237;0.0000;-0.1377 
59.68525640000007;0.0000;0.0000;0.1377 
59.733209400001215;0.2237;0.0000;0.0000 
59.78124519999983;0.2237;0.0000;0.1377 
59.82970810000188;0.4474;0.0000;0.1377 
59.877302700002474;0.0000;0.0000;0.0000 
59.925253400000656;0.0000;0.0000;0.0000 
59.97349200000099;0.0000;0.0000;-0.1377 
60.02143840000281;0.2237;0.0000;0.0000 
60.069412900000316;0.0000;0.0000;0.0000 
60.117505100002745;0.2237;0.0000;-0.1377 
60.16542620000109;0.0000;0.0000;0.1377 
60.21340330000021;0.2237;0.0000;0.1377 
60.261518700001034;0.0000;0.0000;0.1377 
60.3095936000027;0.0000;0.0000;0.1377 
60.35750100000223;0.0000;0.0000;0.1377 
60.4057169000007;0.0000;0.0000;0.1377 
60.45361110000158;0.0000;0.0000;0.1377 
60.5016065000018;0.2237;0.0000;0.1377 
60.54957579999973;0.0000;0.0000;0.1377 
60.59735780000119;-0.2237;0.0000;0.2753 
60.64548300000024;0.4474;0.0000;0.1377 
60.69360520000191;-0.2237;0.0000;0.1377 
60.74255919999996;0.2237;0.0000;0.0000 
60.78955240000141;0.0000;0.0000;0.5506 
60.83750650000002;0.0000;0.0000;0.2753 
60.88560620000135;0.0000;0.0000;0.0000 
60.93362519999937;0.2237;0.0000;0.1377 
60.98153000000093;0.6711;0.0000;0.0000 
61.02972729999965;0.0000;0.0000;0.0000 
61.07782240000233;0.0000;0.0000;0.2753 
61.12540409999929;0.2237;0.0000;0.1377 
61.1745348000004;0.2237;0.0000;0.1377 
61.22142200000235;0.2237;0.0000;0.1377 
61.26970710000023;0.0000;0.0000;0.0000 
61.31761710000137;0.0000;0.0000;0.0000 
61.36565379999956;0.2237;0.0000;0.0000 
61.413590600001044;0.4474;0.0000;0.1377 
61.46164470000076;0.0000;0.0000;0.2753 
61.50968909999938;-0.2237;0.0000;0.0000 
61.573236899999756;0.0000;0.0000;0.0000 
61.62130470000193;0.0000;0.0000;0.2753 
61.66918420000002;0.4474;0.0000;0.0000 
61.71731890000228;0.2237;0.0000;0.0000 
61.76535460000014;0.0000;0.0000;0.1377 
61.81342500000028;0.2237;0.0000;0.1377 
61.86129310000251;-0.2237;0.0000;0.0000 
61.909453800002666;0.0000;0.0000;0.2753 
61.95737750000262;0.2237;0.0000;0.4130 
62.00552340000286;0.2237;0.0000;0.0000 
62.05343809999977;0.0000;0.0000;-0.1377 
62.1013961000026;-0.2237;0.0000;0.1377 
62.14948089999962;0.2237;0.0000;0.0000 
62.19749850000153;0.2237;0.0000;0.0000 
62.24576010000237;0.0000;0.0000;0.1377 
62.29349060000095;0.2237;0.0000;0.1377 
62.34145450000142;0.2237;0.0000;0.1377 
62.39004940000086;0.2237;0.0000;0.0000 
62.43740769999931;0.0000;0.0000;0.0000 
62.48550520000208;0.0000;0.0000;-0.1377 
62.53348610000103;0.2237;0.0000;0.2753 
62.58153210000091;0.2237;0.0000;0.0000 
62.629484900000534;0.0000;0.0000;0.2787 
62.677414199999475;0.0000;0.0000;0.1377 
62.72549380000055;0.2237;0.0000;0.0000 
62.77344280000034;0.2237;0.0000;0.1377 
62.82186469999942;0.0000;0.0000;0.1377 
62.86958570000206;0.0000;0.0000;0.0000 
62.91745319999973;0.0000;0.0000;0.1377 
62.96541530000104;0.2237;0.0000;0.0000 
63.01371090000248;0.4474;0.0000;0.0000 
63.061476999999286;0.2237;0.0000;0.1410 
63.109678100001474;0.0000;0.0000;0.1377 
63.17324670000016;0.6711;0.0000;-0.1377 
63.22117889999936;0.4474;0.0000;0.1410 
63.26926889999959;0.2237;0.0000;-0.1377 
63.31734620000134;0.0000;0.0000;0.2753 
63.36528180000096;0.2237;0.0000;0.0000 
63.41370620000089;0.0000;0.0000;0.0000 
63.4613371000014;0.0000;0.0000;-0.1377 
63.509556100001646;0.6711;0.0000;0.0000 
63.557322900000145;-0.2237;0.0000;0.2753 
63.605485700001736;0.2237;0.0000;0.1377 
63.653345500002615;0.2237;0.0000;0.1410 
63.70156380000117;0.0000;0.0000;0.1377 
63.74928100000034;0.2237;0.0000;0.2753 
63.79748920000202;0.0000;0.0000;0.0000 
63.84538320000138;0.2237;0.0000;0.1377 
63.893360300000495;0.0000;0.0000;0.1377 
63.94146170000022;0.0000;0.0000;0.0000 
63.98946100000103;0.2237;0.0000;0.1377 
64.03742950000014;0.2237;0.0000;-0.1377 
64.08556630000021;0.4474;0.0000;0.1377 
64.1334760000027;0.0000;0.0000;0.1377 
64.18142870000156;-0.2237;0.0000;0.1377 
64.2293845000022;0.2237;0.0000;0.1377 
64.27741140000217;0.2237;0.0000;0.2787 
64.32541830000264;0.2237;0.0000;0.1377 
64.3734755000005;0.4474;0.0000;0.1377 
64.42147390000173;0.2237;0.0000;0.0000 
64.46940449999965;0.0000;0.0000;0.0000 
64.51751460000014;0.0000;0.0000;0.2753 
64.56546920000255;0.0000;0.0000;-0.1377 
64.62924930000008;0.2237;0.0000;0.1377 
64.6772818999998;0.2237;0.0000;-0.1377 
64.72557450000022;0.0000;0.0000;-0.1377 
64.77331340000092;0.0000;0.0000;0.0000 
64.82152400000268;0.4474;0.0000;0.1377 
64.86932040000102;0.2237;0.0000;0.0000 
64.91736429999946;-0.2237;0.0000;0.2787 
64.9659431;0.4474;0.0000;0.0000 
65.01436780000222;0.0000;0.0000;0.0034 
65.06331929999942;0.0000;0.0000;-0.1377 
65.10961180000231;0.0000;0.0000;0.1377 
65.1580697999998;0.0000;0.0000;0.0000 
65.20649960000083;0.0000;0.0000;0.0000 
65.25351819999923;0.0000;0.0000;0.0000 
65.30176230000143;-0.2237;0.0000;0.1377 
65.35061680000217;0.0000;0.0000;0.2753 
65.39754689999972;0.6711;0.0000;0.1377 
65.446436000002;0.2237;0.0000;0.1377 
65.49378020000222;-0.2237;0.0000;0.0000 
65.55782470000122;-0.6711;0.0000;0.0000 
65.60625010000149;0.0000;0.0000;0.1377 
65.65364630000113;0.4474;0.0000;-0.1377 
65.70202650000283;0.0000;0.0000;0.1377 
65.7498983000005;0.2237;0.0000;0.1377 
65.79831310000009;0.0000;0.0000;0.1377 
65.84604540000146;0.2237;0.0000;0.2753 
65.893951500002;-0.2237;0.0000;0.0000 
65.94133150000198;-0.2237;0.0000;0.0000 
65.9901076999995;-0.2237;0.0000;-0.1377 
66.03868610000063;0.4474;0.0000;0.1377 
66.08664860000135;0.0000;0.0000;0.2753 
66.13407200000074;-0.2237;0.0000;0.1377 
66.19767560000037;0.2237;0.0000;0.2787 
66.2455200000004;0.0000;0.0000;0.4163 
66.2932722000005;0.0000;0.0000;0.0000 
66.34186090000003;0.0000;0.0000;0.0000 
66.38986360000126;0.2237;0.0000;0.1377 
66.43740510000134;0.0000;0.0000;0.0000 
66.48541780000232;0.2237;0.0000;0.1377 
66.5332593000021;0.2237;0.0000;0.0000 
66.58142690000022;0.4474;0.0000;0.2787 
66.63024580000274;0.2237;0.0000;0.0000 
66.67773470000247;0.2237;0.0000;0.0034 
66.72598350000044;0.0000;0.0000;0.1377 
66.77347050000026;0.0000;0.0000;0.0000 
66.82212100000106;0.2237;0.0000;0.0000 
66.87009570000009;0.2237;0.0000;-0.1377 
66.91730290000123;0.2237;0.0000;0.0000 
66.96534919999976;0.2237;0.0000;0.1377 
67.01328020000074;0.2237;0.0000;0.2787 
67.06165090000286;0.2237;0.0000;0.1410 
67.11029460000282;0.0000;0.0000;0.0000 
67.1578343000001;0.2237;0.0000;0.1377 
67.20546260000265;-0.4474;0.0000;0.0000 
67.2533184999993;0.4474;0.0000;0.1377 
67.30144099999961;0.2237;0.0000;0.0000 
67.34938080000211;0.0000;0.0000;-0.1377 
67.39773799999966;0.0000;0.0000;0.0000 
67.4454055999995;0.2237;0.0000;0.1377 
67.4934768000021;0.0000;0.0000;0.1377 
67.5413910999996;-0.2237;0.0000;0.0000 
67.58955150000111;0.0000;0.0000;0.1377 
67.6376049999999;0.2237;0.0000;0.0000 
67.70129160000215;0.2237;0.0000;-0.1377 
67.74930769999992;0.0000;0.0000;-0.1377 
67.79727579999962;0.2237;0.0000;-0.1377 
67.8453511000007;0.2237;0.0000;0.4163 
67.89340920000177;0.0000;0.0000;0.1410 
67.94124440000087;0.0000;0.0000;0.2753 
67.98943700000018;0.0000;0.0000;0.2787 
68.03744300000108;-0.2237;0.0000;0.0034 
68.08547140000155;-0.2237;0.0000;0.0000 
68.13349460000245;0.0000;0.0000;0.2753 
68.18165009999939;0.2237;0.0000;-0.1377 
68.22950169999967;0.4474;0.0000;0.1377 
68.27756030000091;0.2237;0.0000;0.2753 
68.32544280000002;0.0000;0.0000;0.0000 
68.37360120000085;0.0000;0.0000;0.1377 
68.4218131000016;0.0000;0.0000;-0.1377 
68.48517580000043;0.2237;0.0000;0.0000 
68.53317650000099;0.0000;0.0000;0.1377 
68.58124710000266;0.0000;0.0000;0.0000 
68.62917220000236;0.2237;0.0000;0.1377 
68.67754870000135;0.4474;0.0000;-0.1377 
68.7253821000013;0.4474;0.0000;0.0034 
68.77333980000185;-0.2237;0.0000;0.1410 
68.82135270000072;0.0000;0.0000;0.0000 
68.86937840000246;0.2237;0.0000;0.0000 
68.91784490000282;-0.2237;0.0000;0.1377 
68.96545550000155;0.2237;0.0000;0.0000 
69.01389399999971;0.2237;0.0000;0.5506 
69.06151030000183;-0.4474;0.0000;0.2787 
69.10940590000246;0.2237;0.0000;0.0034 
69.15758360000109;0.0000;0.0000;0.0000 
69.20557330000156;0.4474;0.0000;-0.1377 
69.25355499999932;0.4474;0.0000;0.0000 
69.30169640000167;0.0000;0.0000;0.1410 
69.3495146000023;0.0000;0.0000;0.1377 
69.39752480000243;0.0000;0.0000;0.2753 
69.44588990000193;0.2237;0.0000;0.1377 
69.4934725000021;0.0000;0.0000;0.0000 
69.54171409999981;0.2237;0.0000;0.0000 
69.60531040000205;0.2237;0.0000;0.0000 
69.65321229999972;0.4474;0.0000;0.2753 
69.70137880000038;0.0000;0.0000;0.0000 
69.74943110000095;-0.4474;0.0000;0.1377 
69.79720810000072;0.0000;0.0000;0.1377 
69.84532469999976;0.0000;0.0000;0.0000 
69.89324350000243;0.0000;0.0000;0.0000 
69.94126980000146;0.0000;0.0000;0.2753 
69.98952750000171;-0.2237;0.0000;0.2753 
70.03751700000066;0.0000;0.0000;-0.2753 
70.08547040000121;0.2237;0.0000;0.0000 
70.13340050000261;0.4474;0.0000;0.0000 
70.1818940000012;0.0000;0.0000;-0.1377 
70.22953960000086;0.2237;0.0000;0.1377 
70.27747900000031;0.2237;0.0000;0.1377 
70.32550629999969;0.2237;0.0000;-0.1377 
70.3736220000028;0.2237;0.0000;0.1377 
70.42177470000024;0.0000;0.0000;0.2753 
70.46962039999926;0.0000;0.0000;0.1410 
70.51752430000124;0.2237;0.0000;0.0000 
70.56552310000188;0.2237;0.0000;0.1377 
70.62935230000221;-0.2237;0.0000;-0.1377 
70.67726210000183;0.2237;0.0000;0.2787 
70.72532649999994;0.2237;0.0000;0.1377 
70.77342760000101;0.2237;0.0000;-0.1377 
70.82151879999947;0.2237;0.0000;0.0000 
70.86934549999933;0.0000;0.0000;0.1377 
70.91737280000234;0.0000;0.0000;0.0000 
70.96534190000239;0.0000;0.0000;0.1377 
71.01336100000117;0.0000;0.0000;0.0000 
71.06130660000053;0.2237;0.0000;0.1410 
71.10948769999959;0.2237;0.0000;0.1377 
71.15727830000105;0.4474;0.0000;0.1377 
71.2055462999997;0.2237;0.0000;0.0000 
71.25359400000161;0.0000;0.0000;0.2753 
71.30131389999951;0.2237;0.0000;0.0000 
71.34943489999932;0.0000;0.0000;0.2753 
71.39744509999946;0.2237;0.0000;0.1410 
71.44547969999985;0.2237;0.0000;0.0000 
71.49345639999956;0.0000;0.0000;0.1410 
71.5413217000023;0.0000;0.0000;-0.1377 
71.58948800000144;0.2237;0.0000;0.0000 
71.63751410000259;0.2237;0.0000;0.1410 
71.68538550000085;0.0000;0.0000;0.0000 
71.73345360000167;0.0000;0.0000;0.0000 
71.7816023000014;0.0000;0.0000;0.1410 
71.82955580000271;0.0000;0.0000;0.2753 
71.87831460000234;0.0000;0.0000;0.0000 
71.9254449;0.0000;0.0000;0.1410 
71.97341720000259;0.0000;0.0000;0.0000 
72.02175120000175;0.2237;0.0000;0.1377 
72.06961450000017;0.2237;0.0000;0.1377 
72.11750989999928;0.2237;0.0000;0.1377 
72.16534950000278;0.6711;0.0000;0.2753 
72.2133982000014;0.0000;0.0000;0.0000 
72.26156339999943;0.0000;0.0000;0.2753 
72.30962960000033;0.2237;0.0000;0.0000 
72.35770350000166;0.2237;0.0000;0.0000 
72.4054509000016;-2.0136;0.0000;-0.2720 
72.4693025000015;0.2237;0.0000;-0.4130 
72.51740609999979;-0.6711;0.0000;-0.1343 
72.56529150000279;0.8948;0.0000;-0.1377 
72.61342810000133;0.2237;0.0000;0.6916 
72.66155330000038;0.2237;0.0000;0.5506 
72.70949240000118;0.2237;0.0000;0.1377 
72.75745129999996;0.0000;0.0000;0.1377 
72.80555989999993;-0.2237;0.0000;0.2753 
72.85371160000068;-0.2237;0.0000;-0.1377 
72.90157680000266;0.2237;0.0000;0.1377 
72.96514780000143;0.2237;0.0000;0.0000 
73.01340230000278;0.4474;0.0000;0.2787 
73.06123669999943;0.0000;0.0000;0.1377 
73.10920800000167;0.2237;0.0000;0.0000 
73.15712970000095;0.0000;0.0000;0.0000 
73.20521630000076;0.0000;0.0000;0.0000 
73.25333700000192;0.2237;0.0000;-0.1377 
73.30150420000064;0.2237;0.0000;0.0000 
73.34928370000125;0.0000;0.0000;0.0000 
73.3973685000019;0.0000;0.0000;0.0000 
73.44543279999925;0.4474;0.0000;0.0000 
73.49353300000075;0.4474;0.0000;0.1377 
73.54127620000145;0.2237;0.0000;0.1377 
73.58927100000074;0.0000;0.0000;0.0000 
73.63732170000003;0.4474;0.0000;0.1377 
73.68535709999924;0.2237;0.0000;0.1377 
73.73337630000242;0.0000;0.0000;0.0000 
73.7815307000019;-0.2237;0.0000;-0.1377 
73.8294464999999;0.4474;0.0000;0.2753 
73.87753300000259;-0.2237;0.0000;0.1377 
73.92542920000051;0.0000;0.0000;0.2787 
73.97382950000247;-0.2237;0.0000;0.0000 
74.0216674000003;0.2237;0.0000;0.1377 
74.06939899999998;0.2237;0.0000;0.1410 
74.11730300000272;0.4474;0.0000;0.0000 
74.16542010000194;0.0000;0.0000;0.0000 
74.21338260000266;0.2237;0.0000;0.0000 
74.26150269999926;0.0000;0.0000;0.1377 
74.30959240000084;0.4474;0.0000;0.1377 
74.35782240000117;0.0000;0.0000;0.2787 
74.40549219999957;0.0000;0.0000;0.0000 
74.45351640000081;0.0000;0.0000;0.1377 
74.50154260000272;0.2237;0.0000;0.0000 
74.54959070000041;0.4474;0.0000;0.1410 
74.59758499999953;0.0000;0.0000;0.1377 
74.64563380000254;0.0000;0.0000;0.1377 
74.6935532000025;0.2237;0.0000;0.2753 
74.75722490000044;0.2237;0.0000;0.0000 
74.80513730000166;0.0000;0.0000;0.1377 
74.85341060000064;0.2237;0.0000;-0.1377 
74.90128550000009;0.0000;0.0000;0.1377 
74.94935600000099;0.0000;0.0000;0.0000 
74.99738770000113;-0.2237;0.0000;0.1377 
75.04543240000203;0.2237;0.0000;-0.1377 
75.09337360000063;0.0000;0.0000;0.1377 
75.14127609999923;0.2237;0.0000;0.0000 
75.18925740000122;0.0000;0.0000;0.1377 
75.23760390000098;0.2237;0.0000;0.2787 
75.285327900001;-0.2237;0.0000;0.1377 
75.33354770000005;0.4474;0.0000;0.0000 
75.38142040000093;0.4474;0.0000;0.0000 
75.42988820000028;0.2237;0.0000;0.1377 
75.47741339999993;0.2237;0.0000;0.0000 
75.52544590000252;0.0000;0.0000;0.0000 
75.57339739999952;0.0000;0.0000;0.0000 
75.62156200000027;-0.4474;0.0000;0.1377 
75.66949150000073;0.6711;0.0000;0.6883 
75.71799540000211;0.2237;0.0000;-0.4130 
75.78159530000266;0.6711;0.0000;-0.1377 
75.82920139999987;0.2237;0.0000;0.4163 
75.87736210000003;-1.5660;0.0000;0.1377 
75.92550920000212;0.0000;0.0000;0.8260 
75.97342539999954;0.8948;0.0000;-0.2753 
76.02149590000045;-1.3422;0.0000;0.0000 
76.06941930000175;1.1185;0.0000;0.4130 
76.1175648999997;-0.4474;0.0000;0.2787 
76.16558400000213;0.6711;0.0000;0.1377 
76.21348950000174;0.0000;0.0000;0.2787 
76.26134400000228;0.2237;0.0000;0.2753 
76.3096824000022;0.2237;0.0000;0.1377 
76.35734670000238;0.2237;0.0000;0.1377 
76.40566910000052;0.4474;0.0000;0.1377 
76.45346530000097;-0.2237;0.0000;0.0000 
76.50188999999955;-0.4474;0.0000;0.5506 
76.56535409999924;0.0000;0.0000;-0.1377 
76.61323000000266;0.6711;0.0000;0.1377 
76.66136610000103;0.4474;0.0000;0.1377 
76.70924800000284;0.2237;0.0000;0.1377 
76.7574569999997;0.4474;0.0000;-0.1377 
76.8053018999999;0.4474;0.0000;0.1377 
76.85337219999928;0.2237;0.0000;0.0000 
76.90146690000256;0.0000;0.0000;-0.2753 
76.9493919000015;0.2237;0.0000;0.2753 
76.9974058000007;0.0000;0.0000;0.2753 
77.04649459999928;0.0000;0.0000;0.0000 
77.09350460000132;0.0000;0.0000;0.1410 
77.14156809999986;0.4474;0.0000;0.0000 
77.1896149000022;0.2237;0.0000;0.2753 
77.23743960000138;0.2237;0.0000;0.1377 
77.28544959999999;0.0000;0.0000;-0.1377 
77.33352179999929;-0.2237;0.0000;-0.1377 
77.3819153000004;0.2237;0.0000;0.1377 
77.44525570000042;-0.2237;0.0000;0.1377 
77.4933830000009;0.2237;0.0000;-0.1377 
77.54153770000266;0.0000;0.0000;0.1377 
77.58943949999957;0.0000;0.0000;0.0000 
77.6372580999996;0.0000;0.0000;0.1377 
77.68544540000221;0.0000;0.0000;0.0000 
77.73339670000132;-0.2237;0.0000;0.0034 
77.78153790000215;0.2237;0.0000;0.0000 
77.82933220000268;0.0000;0.0000;0.1377 
77.87736080000104;0.0000;0.0000;0.2753 
77.92542099999991;0.4474;0.0000;-0.1377 
77.97362200000134;0.0000;0.0000;0.1377 
78.02166220000072;0.0000;0.0000;0.0000 
78.06966400000238;0.2237;0.0000;0.1377 
78.11751910000021;0.2237;0.0000;0.0034 
78.16564310000103;0.0000;0.0000;0.1377 
78.21377460000076;0.0000;0.0000;0.4130 
78.26169680000021;0.0000;0.0000;0.0000 
78.30953310000041;-0.2237;0.0000;0.0000 
78.35740120000264;0.2237;0.0000;0.1377 
78.40580330000012;0.2237;0.0000;0.2753 
78.4533721000007;0.0000;0.0000;0.0000 
78.50145300000077;0.0000;0.0000;0.1377 
78.56514330000209;0.0000;0.0000;0.0000 
78.61308719999943;0.4474;0.0000;0.1377 
78.66110970000227;0.0000;0.0000;0.1377 
78.70925510000234;-0.2237;0.0000;0.0000 
78.75717310000255;0.0000;0.0000;0.1377 
78.80524160000277;0.0000;0.0000;0.1377 
78.85320240000146;0.4474;0.0000;0.0000 
78.90131060000203;0.0000;0.0000;0.1377 
78.94928330000039;0.2237;0.0000;0.0000 
78.99738920000163;0.2237;0.0000;0.1377 
79.04563290000078;-0.2237;0.0000;0.2753 
79.0933014000002;0.2237;0.0000;0.1410 
79.14137750000009;-0.2237;0.0000;0.0000 
79.18940420000217;0.2237;0.0000;0.0000 
79.23741380000138;0.2237;0.0000;0.0034 
79.28554319999967;0.0000;0.0000;0.0000 
79.3335573000004;-0.6711;0.0000;0.1377 
79.38162759999977;0.2237;0.0000;0.1377 
79.42950570000176;0.2237;0.0000;-0.1377 
79.4773626999995;0.0000;0.0000;0.0000 
79.52562670000043;0.0000;0.0000;0.1377 
79.57372050000049;0.2237;0.0000;0.1377 
79.62165070000265;0.0000;0.0000;0.0000 
79.66975420000017;0.6711;0.0000;0.1377 
79.73318360000121;-0.2237;0.0000;0.1377 
79.78122910000093;-0.2237;0.0000;0.2753 
79.82950170000186;0.2237;0.0000;0.1377 
79.87732719999985;0.0000;0.0000;-0.1377 
79.92576929999996;0.2237;0.0000;0.1410 
79.97341770000276;-0.2237;0.0000;0.0000 
80.02139470000111;0.2237;0.0000;0.1377 
80.07023750000008;0.0000;0.0000;0.1410 
80.11739970000053;0.0000;0.0000;0.1377 
80.16554490000271;0.0000;0.0000;0.1377 
80.21341070000199;0.2237;0.0000;0.0000 
80.26152270000239;0.6711;0.0000;0.0000 
80.30955150000227;0.0000;0.0000;0.0000 
80.35746620000282;0.4474;0.0000;0.2753 
80.40544460000092;0.0000;0.0000;0.0000 
80.45328420000078;0.2237;0.0000;0.2753 
80.50151470000128;0.2237;0.0000;0.1410 
80.549468600002;0.0000;0.0000;0.1377 
80.59754919999978;0.0000;0.0000;0.1377 
80.64541980000286;0.4474;0.0000;0.1377 
80.69344460000138;0.2237;0.0000;-0.1377 
80.74157270000069;0.2237;0.0000;0.0000 
80.78950220000115;0.4474;0.0000;0.1377 
80.83777620000183;0.0000;0.0000;0.2753 
80.88575780000247;0.0000;0.0000;0.1377 
80.9347082000022;0.0000;0.0000;0.5540 
80.98154830000203;-0.2237;0.0000;0.1377 
81.02964170000268;0.0000;0.0000;0.4163 
81.07734859999982;0.2237;0.0000;0.1410 
81.12591370000155;0.2237;0.0000;0.1377 
81.1736047000013;0.2237;0.0000;0.1377 
81.22141399999964;0.0000;0.0000;0.0000 
81.26972110000133;0.2237;0.0000;0.0000 
81.31738860000041;0.2237;0.0000;0.0000 
81.36539600000106;0.2237;0.0000;0.1377 
81.41349600000103;0.0000;0.0000;0.0000 
81.47714890000134;0.4474;0.0000;0.1377 
81.52522139999928;-0.2237;0.0000;0.1377 
81.57317310000144;0.2237;0.0000;0.1377 
81.6214209000027;0.2237;0.0000;0.2753 
81.66929280000113;-0.2237;0.0000;0.0000 
81.71734330000254;0.0000;0.0000;0.4163 
81.7655620000005;0.4474;0.0000;0.0000 
81.81334269999934;0.0000;0.0000;0.4130 
81.86164930000086;0.0000;0.0000;0.0000 
81.90939770000114;0.2237;0.0000;0.1377 
81.95740350000051;0.4474;0.0000;-0.1377 
82.00558219999948;0.2237;0.0000;0.1377 
82.05345650000163;0.0000;0.0000;0.1377 
82.10138690000167;0.2237;0.0000;0.1377 
82.14931050000087;0.0000;0.0000;0.1377 
82.19740290000118;0.4474;0.0000;-0.1377 
82.24537220000275;0.2237;0.0000;0.0000 
82.29350949999935;0.0000;0.0000;0.1377 
82.34184830000231;0.4474;0.0000;0.2787 
82.38952129999961;0.0000;0.0000;0.0034 
82.43758309999976;0.2237;0.0000;0.0000 
82.48551050000242;0.0000;0.0000;0.1377 
82.53342560000237;0.0000;0.0000;0.1377 
82.58149270000285;-0.2237;0.0000;0.0000 
82.6295033000024;0.0000;0.0000;0.2753 
82.67740520000007;0.0000;0.0000;0.0000 
82.72560320000048;0.0000;0.0000;0.1377 
82.7891159000028;0.4474;0.0000;0.0034 
82.83757870000045;-0.2237;0.0000;0.0000 
82.88528820000283;0.2237;0.0000;0.0000 
82.93334360000154;-0.2237;0.0000;0.1377 
82.98127130000285;0.0000;0.0000;0.1377 
83.02995870000086;0.2237;0.0000;0.2787 
83.07747620000009;0.2237;0.0000;0.1377 
83.12534070000038;0.2237;0.0000;0.1410 
83.17336179999984;0.2237;0.0000;0.0000 
83.22145150000142;0.2237;0.0000;0.2753 
83.2693575000012;0.0000;0.0000;0.0000 
83.31744400000025;0.2237;0.0000;0.0000 
83.36542190000182;0.0000;0.0000;-0.1377 
83.4137131000025;0.2237;0.0000;0.0000 
83.46150590000252;-0.2237;0.0000;0.0000 
83.50939460000154;0.0000;0.0000;0.1377 
83.55741770000168;-0.2237;0.0000;0.1377 
83.60536330000104;0.2237;0.0000;0.2787 
83.65378620000047;0.0000;0.0000;0.1377 
83.70172749999983;0.0000;0.0000;0.0000 
83.76507490000222;0.2237;0.0000;-0.1377 
83.8135211000008;0.0000;0.0000;0.0034 
83.86118930000157;0.4474;0.0000;0.2753 
83.90930049999952;0.0000;0.0000;0.2787 
83.95733630000177;-0.4474;0.0000;0.1377 
84.00517709999986;0.2237;0.0000;0.1377 
84.05344160000095;-0.2237;0.0000;0.1410 
84.10140370000227;0.0000;0.0000;-0.2753 
84.14949890000207;0.2237;0.0000;0.1377 
84.19833560000188;0.0000;0.0000;0.1377 
84.24531449999995;0.4474;0.0000;0.0000 
84.2935096000001;0.2237;0.0000;0.1377 
84.34141939999972;0.2237;0.0000;0.1377 
84.38960869999937;0.2237;0.0000;0.0000 
84.43799729999955;-0.4474;0.0000;0.1377 
84.48556980000285;0.2237;0.0000;0.0000 
84.53358500000104;0.0000;0.0000;-0.1377 
84.5974309000012;0.0000;0.0000;-0.1377 
84.64512640000248;0.2237;0.0000;0.1377 
84.69317480000245;0.0000;0.0000;0.0000 
84.74121949999972;0.2237;0.0000;0.1377 
84.78916870000103;0.0000;0.0000;0.1377 
84.83752040000036;0.6711;0.0000;0.0000 
84.8852052000002;0.2237;0.0000;0.1377 
84.93315900000016;0.2237;0.0000;0.2753 
84.9812837999998;0.0000;0.0000;0.0000 
85.02927679999993;-0.2237;0.0000;0.0000 
85.07749189999959;-0.2237;0.0000;0.2753 
85.12541110000166;0.2237;0.0000;0.1377 
85.17353210000147;0.0000;0.0000;0.0000 
85.22141290000218;0.0000;0.0000;0.0000 
85.26940480000121;-0.4474;0.0000;0.0000 
85.31769930000155;0.2237;0.0000;0.1377 
85.36556030000065;0.0000;0.0000;0.0000 
85.41336020000017;0.2237;0.0000;0.1377 
85.4613301999998;0.4474;0.0000;0.0000 
85.50957930000004;0.0000;0.0000;0.1377 
85.55741590000252;0.0000;0.0000;0.0000 
85.60555010000098;0.0000;0.0000;0.1377 
85.65347540000221;0.0000;0.0000;0.1377 
85.70143640000242;0.2237;0.0000;0.2753 
85.74936739999976;0.2237;0.0000;0.1377 
85.7976559000017;0.2237;0.0000;0.0000 
85.84548910000012;0.2237;0.0000;0.1377 
85.89340280000033;0.2237;0.0000;0.1377 
85.94137410000258;0.4474;0.0000;0.1410 
85.98939180000161;0.0000;0.0000;0.1377 
86.03763610000169;0.0000;0.0000;0.2787 
86.08560260000013;-0.2237;0.0000;0.0000 
86.13343650000024;0.0000;0.0000;-0.1377 
86.18132940000214;0.2237;0.0000;0.2753 
86.24517630000264;-0.2237;0.0000;0.2753 
86.29330110000228;0.2237;0.0000;0.2753 
86.34132040000259;0.0000;0.0000;0.1377 
86.3892194;0.0000;0.0000;0.2753 
86.43735490000108;0.2237;0.0000;-0.2753 
86.4853793000002;0.0000;0.0000;-0.1377 
86.53413490000094;0.4474;0.0000;0.1410 
86.58138010000039;-0.2237;0.0000;0.1377 
86.6294428000001;0.0000;0.0000;0.2753 
86.67752269999983;0.2237;0.0000;0.0000 
86.72551270000258;0.0000;0.0000;0.1377 
86.77342240000144;0.0000;0.0000;0.0000 
86.82139950000055;0.0000;0.0000;0.1377 
86.8695289999996;0.0000;0.0000;0.0000 
86.91752909999923;0.0000;0.0000;0.4130 
86.96537480000188;0.0000;0.0000;0.0034 
87.0133730000016;0.2237;0.0000;0.0000 
87.06135010000071;0.2237;0.0000;0.0000 
87.10925520000092;0.0000;0.0000;0.0000 
87.15758930000084;0.0000;0.0000;0.1377 
87.20548269999927;0.2237;0.0000;0.0000 
87.25339820000227;0.0000;0.0000;0.0000 
87.30152090000047;0.2237;0.0000;0.1377 
87.34947680000187;0.2237;0.0000;0.0000 
87.39739180000106;0.0000;0.0000;0.1377 
87.4454078000017;0.2237;0.0000;0.0000 
87.49347350000244;0.0000;0.0000;0.2753 
87.54157979999945;0.2237;0.0000;0.0000 
87.5894690999994;0.2237;0.0000;0.1377 
87.63826510000217;0.2237;0.0000;0.2753 
87.68569829999979;0.0000;0.0000;-0.1377 
87.74962070000038;-0.2237;0.0000;0.0000 
87.79739510000218;0.0000;0.0000;0.1410 
87.84534759999951;0.2237;0.0000;0.1377 
87.89337520000117;0.0000;0.0000;0.2753 
87.94130009999935;0.4474;0.0000;0.2753 
87.98926100000244;0.0000;0.0000;0.0000 
88.03718980000122;0.0000;0.0000;0.1377 
88.0853124000023;-0.2237;0.0000;0.0000 
88.13345100000151;0.0000;0.0000;-0.1377 
88.1816687999999;0.0000;0.0000;0.1410 
88.2294565000011;0.2237;0.0000;0.0000 
88.2773202999997;0.0000;0.0000;0.0000 
88.32544300000154;0.2237;0.0000;0.0000 
88.37350330000118;0.0000;0.0000;0.1410 
88.42134640000222;0.0000;0.0000;-0.1377 
88.47105340000053;0.2237;0.0000;0.0000 
88.51737680000224;-0.2237;0.0000;0.1377 
88.56541170000128;0.2237;0.0000;0.0000 
88.61354100000244;0.2237;0.0000;-0.1377 
88.66149100000257;0.2237;0.0000;0.0000 
88.70971110000028;0.0000;0.0000;0.1377 
88.75755140000183;-0.2237;0.0000;0.1410 
88.80551870000272;0.2237;0.0000;0.2753 
88.86920310000278;-0.2237;0.0000;0.2753 
88.91735049999988;0.4474;0.0000;0.1377 
88.9652086999995;0.4474;0.0000;0.1377 
89.01319810000132;0.0000;0.0000;0.0000 
89.06121360000179;0.2237;0.0000;0.0000 
89.1093323999994;0.2237;0.0000;0.1377 
89.15723920000164;0.2237;0.0000;0.0000 
89.20521960000042;-0.2237;0.0000;0.0000 
89.25331189999997;0.2237;0.0000;-0.1377 
89.30146840000089;0.4474;0.0000;-0.1377 
89.3493832000022;0.0000;0.0000;0.2787 
89.39741440000216;0.2237;0.0000;0.1410 
89.44543650000196;0.0000;0.0000;0.2787 
89.49335650000285;0.2237;0.0000;0.1410 
89.54144240000096;0.2237;0.0000;0.1377 
89.58934890000091;0.2237;0.0000;0.0000 
89.63761119999981;0.0000;0.0000;0.0000 
89.68554580000273;0.0000;0.0000;0.2753 
89.73334109999996;0.0000;0.0000;0.2753 
89.78158460000122;0.6711;0.0000;0.0000 
89.82945130000007;0.0000;0.0000;0.0000 
89.87771360000261;0.0000;0.0000;0.0000 
89.92543640000076;0.2237;0.0000;0.1377 
89.97367410000152;0.0000;0.0000;0.1377 
90.02136059999975;0.0000;0.0000;0.2753 
90.06943769999998;0.0000;0.0000;0.0000 
90.11772870000277;0.0000;0.0000;0.1377 
90.16537120000066;0.0000;0.0000;0.0000 
90.21330390000003;0.2237;0.0000;0.1377 
90.26139410000178;0.2237;0.0000;0.0000 
90.30971580000187;0.0000;0.0000;0.0000 
90.35733980000077;0.0000;0.0000;0.0000 
90.4053750000021;0.4474;0.0000;0.2787 
90.45361820000107;0.0000;0.0000;0.1410 
90.50153090000094;0.2237;0.0000;0.1410 
90.56509410000217;-0.2237;0.0000;-0.1377 
90.61331050000081;0.0000;0.0000;0.0000 
90.66144830000121;0.2237;0.0000;0.0000 
90.70921160000216;0.4474;0.0000;0.2787 
90.75733799999944;0.2237;0.0000;0.1410 
90.80531220000194;0.2237;0.0000;0.0000 
90.85330149999936;0.0000;0.0000;0.1377 
90.90115499999956;-0.2237;0.0000;0.0000 
90.94924430000174;0.2237;0.0000;0.1377 
90.9973374000001;-0.2237;0.0000;0.0000 
91.04590120000285;0.2237;0.0000;0.0034 
91.09321629999977;0.2237;0.0000;0.0000 
91.14126970000143;0.4474;0.0000;0.1377 
91.18941890000133;0.2237;0.0000;0.0000 
91.23752439999953;0.0000;0.0000;0.1377 
91.28546420000202;0.4474;0.0000;-0.1377 
91.33330879999994;0.0000;0.0000;0.1377 
91.38150049999967;0.0000;0.0000;0.1377 
91.42978030000086;0.2237;0.0000;0.1377 
91.47742220000146;0.0000;0.0000;0.2753 
91.52573950000078;-0.4474;0.0000;0.0000 
91.57347180000215;0.2237;0.0000;0.1377 
91.6219525000015;0.2237;0.0000;0.1377 
91.66950530000031;0.2237;0.0000;0.0000 
91.71752449999985;0.2237;0.0000;0.1377 
91.7655952999994;0.2237;0.0000;0.0000 
91.8139701;0.2237;0.0000;0.2787 
91.86166190000222;-0.2237;0.0000;0.1377 
91.92515540000022;0.0000;0.0000;0.1377 
91.97325230000206;0.0000;0.0000;-0.1377 
92.02118920000066;0.0000;0.0000;0.2787 
92.06924500000241;-0.2237;0.0000;0.1377 
92.11749210000198;-0.2237;0.0000;0.1377 
92.1654606000011;0.2237;0.0000;0.0000 
92.21330900000248;0.2237;0.0000;0.1377 
92.26126750000185;0.4474;0.0000;0.2753 
92.30956920000244;0.2237;0.0000;0.0000 
92.35735580000255;0.0000;0.0000;0.0000 
92.40583239999978;0.2237;0.0000;0.0000 
92.45345970000199;0.0000;0.0000;0.2787 
92.50132289999965;0.0000;0.0000;0.1377 
92.54940999999963;0.0000;0.0000;0.1377 
92.59747509999943;-0.2237;0.0000;0.0000 
92.64555240000118;0.0000;0.0000;0.0000 
92.69346470000164;0.2237;0.0000;0.0034 
92.74142580000262;0.2237;0.0000;0.1377 
92.7894852999998;0.0000;0.0000;0.0000 
92.83741750000263;0.0000;0.0000;0.2753 
92.88576110000213;0.2237;0.0000;0.1377 
92.93353620000198;0.0000;0.0000;0.1377 
92.98144700000194;0.0000;0.0000;0.1410 
93.02971990000151;0.0000;0.0000;0.0000 
93.07751819999976;0.4474;0.0000;0.1377 
93.12555390000125;0.2237;0.0000;0.0034 
93.17388850000134;-0.2237;0.0000;0.0000 
93.23724109999966;0.2237;0.0000;0.2787 
93.28522960000191;0.0000;0.0000;0.1377 
93.33316689999992;0.2237;0.0000;0.1410 
93.38126990000092;0.0000;0.0000;0.0000 
93.42913160000171;0.2237;0.0000;0.1377 
93.47711800000252;0.0000;0.0000;0.1377 
93.52513630000249;0.4474;0.0000;0.1410 
93.57316980000178;0.4474;0.0000;0.2753 
93.621221100002;0.0000;0.0000;0.0000 
93.6696961000016;0.2237;0.0000;0.1377 
93.71724879999965;0.2237;0.0000;-0.1377 
93.7655087000021;-0.2237;0.0000;0.1410 
93.81338619999951;0.2237;0.0000;0.0000 
93.86126800000056;0.0000;0.0000;0.0000 
93.90940509999928;0.4474;0.0000;0.0000 
93.95721780000167;0.2237;0.0000;0.2753 
94.00523750000139;0.2237;0.0000;-0.1377 
94.0532729000006;0.2237;0.0000;0.0000 
94.1013262000015;0.4474;0.0000;0.1377 
94.1493154000018;0.2237;0.0000;0.0000 
94.1973880000005;0.4474;0.0000;0.1377 
94.24552810000023;0.0000;0.0000;0.1377 
94.2933961000017;0.2237;0.0000;0.2753 
94.34143160000167;0.0000;0.0000;0.0000 
94.38938460000281;0.2237;0.0000;0.0000 
94.43757390000246;-0.2237;0.0000;-0.1377 
94.48548510000182;0.2237;0.0000;0.0000 
94.5334619000023;0.0000;0.0000;0.1410 
94.58154810000269;0.0000;0.0000;0.1377 
94.62952820000282;0.0000;0.0000;0.0000 
94.67778680000265;0.4474;0.0000;0.1377 
94.72552540000106;0.0000;0.0000;0.0034 
94.77352249999967;0.2237;0.0000;0.1377 
94.82190919999994;0.2237;0.0000;0.0000 
94.88510970000061;-0.2237;0.0000;0.1377 
94.93344079999952;0.0000;0.0000;-0.1377 
94.9812333000009;0.0000;0.0000;0.0000 
95.02932250000231;0.0000;0.0000;0.1377 
95.07731480000075;0.2237;0.0000;0.1377 
95.12535760000173;0.2237;0.0000;-0.4130 
95.17327930000101;0.0000;0.0000;0.1377 
95.22127720000208;0.0000;0.0000;0.0000 
95.26959360000183;0.2237;0.0000;0.0000 
95.31733829999939;0.2237;0.0000;0.1377 
95.36522379999951;0.0000;0.0000;0.0000 
95.41339019999941;0.2237;0.0000;0.0000 
95.46137010000166;0.0000;0.0000;0.1377 
95.50937110000086;0.2237;0.0000;0.1410 
95.55734339999981;0.4474;0.0000;0.1377 
95.6053181999996;-0.2237;0.0000;0.0000 
95.65325250000024;0.0000;0.0000;0.0000 
95.70214850000048;0.0000;0.0000;0.2787 
95.74959780000063;0.0000;0.0000;0.1377 
95.79739820000032;0.0000;0.0000;0.0000 
95.84536020000087;0.2237;0.0000;0.0000 
95.8935093;-0.2237;0.0000;0.1377 
95.94139940000241;0.0000;0.0000;0.1410 
95.98932749999949;0.0000;0.0000;0.0000 
96.03762579999966;0.2237;0.0000;0.0000 
96.08551960000113;0.4474;0.0000;0.0000 
96.1336364000017;0.0000;0.0000;0.1377 
96.18127970000205;0.4474;0.0000;0.2787 
96.22959080000146;0.0000;0.0000;-0.1377 
96.27758969999923;0.4474;0.0000;0.2753 
96.3254608999996;0.0000;0.0000;0.2753 
96.3736159;0.0000;0.0000;0.2787 
96.42158420000123;0.4474;0.0000;0.1377 
96.46971069999927;0.4474;0.0000;0.0000 
96.53325700000278;0.0000;0.0000;-0.1377 
96.58118509999986;0.2237;0.0000;0.1377 
96.62910760000159;0.2237;0.0000;0.0000 
96.67736340000192;0.2237;0.0000;0.0000 
96.72527400000035;-0.4474;0.0000;0.1377 
96.77323629999955;0.2237;0.0000;0.1377 
96.82142150000072;0.2237;0.0000;0.1377 
96.86922799999957;0.2237;0.0000;0.1377 
96.91755800000101;0.2237;0.0000;0.0000 
96.9651698000016;0.2237;0.0000;0.1377 
97.0132752999998;0.0000;0.0000;0.1410 
97.06122550000146;0.0000;0.0000;0.0000 
97.10966170000029;0.2237;0.0000;-0.1377 
97.15734580000208;0.4474;0.0000;0.0000 
97.20525629999975;-0.2237;0.0000;0.2787 
97.25347759999931;0.2237;0.0000;0.0000 
97.30146000000241;-0.2237;0.0000;0.1377 
97.34936440000092;0.2237;0.0000;0.1377 
97.3973674000008;0.2237;0.0000;0.0000 
97.44571659999929;0.2237;0.0000;0.0000 
97.49346770000193;0.0000;0.0000;0.1377 
97.5413589000018;0.2237;0.0000;0.0000 
97.58929120000175;0.0000;0.0000;0.0000 
97.63754320000226;0.2237;0.0000;0.1377 
97.68554050000239;0.0000;0.0000;0.1377 
97.73392460000105;0.0000;0.0000;0.1377 
97.78141280000273;0.0000;0.0000;-0.1377 
97.82959029999984;0.0000;0.0000;0.0000 
97.87738779999927;-0.4474;0.0000;0.1377 
97.94153690000167;0.4474;0.0000;0.1377 
97.98919220000244;0.2237;0.0000;0.2753 
98.03722570000173;0.0000;0.0000;0.0000 
98.0852655000017;0.0000;0.0000;0.0000 
98.13340980000066;0.0000;0.0000;0.1377 
98.18166349999956;0.0000;0.0000;0.1377 
98.22919700000057;0.0000;0.0000;0.2787 
98.27726650000113;0.2237;0.0000;0.1410 
98.32519130000219;0.2237;0.0000;0.1410 
98.37329150000005;0.0000;0.0000;0.0000 
98.42123510000238;0.0000;0.0000;0.1377 
98.46928970000226;0.0000;0.0000;0.0000 
98.51723649999985;0.2237;0.0000;0.2753 
98.56540959999984;0.0000;0.0000;0.1377 
98.6135233999994;0.0000;0.0000;0.0000 
98.6612255;0.2237;0.0000;0.0000 
98.70929410000099;0.2237;0.0000;0.0000 
98.75734840000223;0.0000;0.0000;0.2753 
98.80536460000076;0.0000;0.0000;0.0000 
98.853440400002;0.2237;0.0000;0.1377 
98.90133480000077;-0.2237;0.0000;-0.1377 
98.9496128000028;0.0000;0.0000;0.0000 
98.99736400000256;0.4474;0.0000;0.0000 
99.04662490000192;0.0000;0.0000;0.2753 
99.09346540000115;0.4474;0.0000;-0.1377 
99.1414963999996;0.2237;0.0000;0.0000 
99.18927930000063;-0.4474;0.0000;0.0000 
99.23744720000104;0.2237;0.0000;0.1410 
99.28555450000204;0.0000;0.0000;0.1377 
99.33351860000039;0.4474;0.0000;0.2787 
99.38156670000171;0.2237;0.0000;0.0000 
99.42971100000068;0.2237;0.0000;0.1410 
99.47791730000245;0.2237;0.0000;0.0000 
99.52549290000024;0.0000;0.0000;0.2787 
99.57369110000218;0.2237;0.0000;0.2787 
99.62139440000101;0.2237;0.0000;0.2753 
99.6696929000027;-0.2237;0.0000;0.2753 
99.73330260000148;0.0000;0.0000;0.0000 
99.78129679999984;0.2237;0.0000;-0.1377 
99.82930420000048;-0.2237;0.0000;0.1377 
99.87726509999993;0.0000;0.0000;0.0000 
99.92522670000108;0.4474;0.0000;0.0000 
99.97336480000013;0.4474;0.0000;0.0000 
100.0212391999994;0.0000;0.0000;0.1377 
100.06929780000064;0.2237;0.0000;0.1377 
100.11730340000213;0.2237;0.0000;0.0000 
100.16520450000098;-0.2237;0.0000;0.1377 
100.21336590000283;0.2237;0.0000;0.1377 
100.2615332000023;0.2237;0.0000;0.0000 
100.30952460000117;0.2237;0.0000;0.1377 
100.3573765000001;0.0000;0.0000;0.1377 
100.4052088999997;0.0000;0.0000;0.0000 
100.45365500000116;0.0000;0.0000;0.4130 
100.50146850000237;0.0000;0.0000;0.0000 
100.5493447000008;0.4474;0.0000;0.0000 
100.59747760000027;0.0000;0.0000;0.1377 
100.64533189999929;0.0000;0.0000;0.1377 
100.69345100000282;0.0000;0.0000;0.0000 
100.74154090000229;0.0000;0.0000;0.0000 
100.78930319999927;0.4474;0.0000;0.1377 
100.83746360000077;0.0000;0.0000;0.0000 
100.88547140000082;0.2237;0.0000;0.1377 
100.93338100000256;0.0000;0.0000;-0.1377 
100.98149170000033;0.2237;0.0000;-0.1377 
101.04522260000158;-0.2237;0.0000;0.2753 
101.09347940000225;0.0000;0.0000;-0.2753 
101.14120670000193;0.2237;0.0000;-0.1377 
101.18936559999929;-0.2237;0.0000;0.1410 
101.23738220000087;0.0000;0.0000;0.0000 
101.28546959999949;0.0000;0.0000;0.2753 
101.33339640000122;0.2237;0.0000;0.2753 
101.38141090000136;0.2237;0.0000;0.0000 
101.42942680000124;0.2237;0.0000;0.0034 
101.47751840000274;0.0000;0.0000;0.0000 
101.52635460000238;0.2237;0.0000;0.4130 
101.57336570000189;0.0000;0.0000;0.1377 
101.62143490000017;0.2237;0.0000;0.1377 
101.66937139999936;0.0000;0.0000;0.1377 
101.71734270000161;0.2237;0.0000;0.1377 
101.76550620000125;0.0000;0.0000;-0.1377 
101.81360810000115;-0.2237;0.0000;0.0000 
101.86145709999983;-1.3422;0.0000;0.2787 
101.92524220000269;-2.2374;0.0000;0.4130 
101.97326109999995;-0.2237;0.0000;0.0000 
102.02149030000146;0.2237;0.0000;0.2753 
102.06930850000208;0.0000;0.0000;0.1377 
102.11725450000085;0.2237;0.0000;0.1410 
102.16520350000064;0.0000;0.0000;0.1377 
102.21328540000104;0.0000;0.0000;0.0000 
102.26136760000009;-0.2237;0.0000;0.0000 
102.30940689999989;0.2237;0.0000;-0.1377 
102.3574434000002;0.2237;0.0000;0.1410 
102.4060352000015;0.4474;0.0000;-0.1377 
102.4536485000026;0.2237;0.0000;0.2787 
102.50146360000144;0.2237;0.0000;0.2753 
102.54943230000208;-0.2237;0.0000;0.1410 
102.59747920000154;0.2237;0.0000;0.2753 
102.64546619999965;0.2237;0.0000;0.1377 
102.70909120000215;-0.2237;0.0000;0.1377 
102.75723300000027;0.0000;0.0000;0.0000 
102.8051572000004;0.0000;0.0000;0.0000 
102.85332710000148;0.0000;0.0000;0.0000 
102.90111439999964;0.2237;0.0000;0.4163 
102.94922940000106;0.0000;0.0000;0.0000 
102.99728870000035;0.0000;0.0000;0.2753 
103.045238900002;-0.2237;0.0000;0.0000 
103.09337249999953;0.2237;0.0000;0.1377 
103.14221929999985;0.0000;0.0000;0.2787 
103.18931540000267;0.0000;0.0000;0.0000 
103.23746920000121;0.2237;0.0000;0.1377 
103.28534320000108;-0.2237;0.0000;0.1377 
103.33338419999927;0.0000;0.0000;-0.1377 
103.38135270000203;-0.6711;0.0000;0.1377 
103.42965470000127;0.4474;0.0000;0.1377 
103.4774995000007;0.2237;0.0000;0.0000 
103.52537500000108;0.6711;0.0000;0.1377 
103.5733653999996;0.0000;0.0000;0.2753 
103.62131950000185;0.0000;0.0000;0.1377 
103.66947660000005;0.0000;0.0000;0.0000 
103.71763060000012;0.6711;0.0000;0.2753 
103.76526490000106;2.0136;0.0000;0.0000 
103.81385199999932;0.2237;0.0000;0.2753 
103.87712020000254;-0.4474;0.0000;-0.8260 
103.92520520000107;0.0000;0.0000;0.0000 
103.97323300000062;0.4474;0.0000;0.1377 
104.0213610000028;0.0000;0.0000;0.0000 
104.06916579999961;0.2237;0.0000;0.2753 
104.11741610000172;0.4474;0.0000;0.0000 
104.16523990000132;0.0000;0.0000;0.1377 
104.21312270000271;0.4474;0.0000;0.1377 
104.26115890000074;-0.2237;0.0000;-0.1377 
104.30933619999996;-0.2237;0.0000;0.0000 
104.35742980000214;0.0000;0.0000;0.2787 
104.40579090000028;0.0000;0.0000;0.0000 
104.45317100000102;-3.3572;0.0000;0.2753 
104.50178389999928;-5.1516;0.0000;-2.7558 
104.56548710000061;2.2374;0.0000;-2.6178 
104.61316070000248;4.2539;0.0000;-0.1377 
104.66129050000018;4.7026;0.0000;-2.3418 
104.7095240000017;0.8948;0.0000;-0.8227 
104.75768320000134;-2.6852;0.0000;-1.3769 
104.8212233000013;-2.4613;0.0000;-0.4130 
104.86929670000245;-2.4613;0.0000;-1.2391 
104.91744680000193;6.5007;0.0000;-1.3769 
104.9653939000018;1.7898;0.0000;1.7902 
105.01341580000008;4.2539;0.0000;4.9719 
105.0617338000011;0.8948;0.0000;2.6178 
105.10942640000212;-0.2237;0.0000;0.0000 
105.15744819999964;-0.4474;0.0000;-0.1377 
105.22116319999986;0.6711;0.0000;-0.1377 
105.26920910000263;0.2237;0.0000;1.1014 
105.3173268999999;0.6711;0.0000;-0.8260 
105.36533390000113;0.4474;0.0000;1.2391 
105.4132387000027;0.0000;0.0000;0.1377 
105.46141210000133;0.0000;0.0000;0.0000 
105.50922100000025;0.0000;0.0000;0.0000 
105.55779560000155;-0.2237;0.0000;0.0034 
105.60538670000096;0.0000;0.0000;0.1410 
105.65343100000246;0.0000;0.0000;-0.2753 
105.70142320000014;0.0000;0.0000;0.1377 
105.74935399999958;0.0000;0.0000;0.0000 
105.79760449999958;-0.2237;0.0000;0.0000 
105.84549410000182;-0.2237;0.0000;0.1377 
105.90927800000281;-0.4474;0.0000;-0.1377 
105.95715010000276;0.2237;0.0000;0.1410 
106.0052856000002;0.2237;0.0000;-0.1377 
106.05363120000038;-0.2237;0.0000;-0.2753 
106.10147610000058;0.6711;0.0000;0.0000 
106.14939030000096;0.0000;0.0000;0.0000 
106.19749000000229;0.0000;0.0000;0.0000 
106.24536920000173;0.2237;0.0000;0.1377 
106.29337880000094;0.0000;0.0000;0.1410 
106.3415743000005;-0.4474;0.0000;-0.2753 
106.40589330000148;-0.2237;0.0000;-0.1377 
106.45327050000196;0.2237;0.0000;0.2787 
106.50131420000253;0.2237;0.0000;-0.2753 
106.54925619999995;0.2237;0.0000;0.1377 
106.59725900000194;0.2237;0.0000;0.0000 
106.64531680000073;0.0000;0.0000;-0.1377 
106.69346610000139;0.2237;0.0000;0.1377 
106.74142770000253;0.0000;0.0000;0.0000 
106.78928550000273;0.0000;0.0000;0.1377 
106.83747320000111;-0.2237;0.0000;0.0000 
106.88539579999997;0.2237;0.0000;0.2787 
106.93363580000005;-0.2237;0.0000;-0.1377 
106.99719750000077;0.0000;0.0000;-0.1377 
107.0452366999998;0.0000;0.0000;0.1410 
107.09322850000171;0.2237;0.0000;0.0034 
107.14131180000186;0.0000;0.0000;0.1377 
107.18929190000199;0.0000;0.0000;0.0000 
107.23726490000263;-0.2237;0.0000;0.0000 
107.28561819999959;0.2237;0.0000;-0.1377 
107.33332710000104;0.2237;0.0000;0.0000 
107.38137930000084;0.0000;0.0000;0.0000 
107.42952770000193;0.2237;0.0000;-0.2753 
107.47733739999967;0.4474;0.0000;0.1377 
107.525424200001;-0.4474;0.0000;0.0034 
107.57322460000069;0.2237;0.0000;0.1377 
107.6212615000004;-0.2237;0.0000;0.0000 
107.66950360000192;0.0000;0.0000;0.0000 
107.71746949999942;0.0000;0.0000;0.0000 
107.78127289999975;0.0000;0.0000;0.0000 
107.8291105999997;0.0000;0.0000;0.1377 
107.87751969999954;-0.2237;0.0000;-0.1377 
107.92534910000177;0.2237;0.0000;-0.1377 
107.97324010000011;0.0000;0.0000;0.2787 
108.02119930000117;-0.2237;0.0000;0.0000 
108.06938790000277;0.0000;0.0000;-0.1377 
108.1172925000028;0.0000;0.0000;0.2787 
108.16538740000033;-0.2237;0.0000;0.1377 
108.21337270000004;0.0000;0.0000;0.1377 
108.26153260000137;0.2237;0.0000;0.0000 
108.30940310000005;0.0000;0.0000;0.0000 
108.3731125000013;0.2237;0.0000;-0.1377 
108.42118560000017;0.2237;0.0000;0.4163 
108.46909580000283;0.0000;0.0000;0.1410 
108.51712849999967;0.0000;0.0000;0.0034 
108.56528160000016;0.0000;0.0000;0.0000 
108.61313390000214;0.4474;0.0000;0.0000 
108.66118640000059;0.0000;0.0000;0.0000 
108.70918330000131;0.0000;0.0000;0.0000 
108.75720469999942;0.0000;0.0000;0.1410 
108.8052389000004;0.0000;0.0000;0.0000 
108.85345570000209;0.2237;0.0000;0.1377 
108.90117950000058;0.2237;0.0000;0.1377 
108.94918329999928;0.0000;0.0000;0.0000 
108.99737430000096;0.2237;0.0000;-0.1377 
109.04549550000229;0.0000;0.0000;-0.1377 
109.09351349999997;0.0000;0.0000;-0.1377 
109.14141970000128;0.0000;0.0000;0.0000 
109.18935860000056;0.0000;0.0000;0.0034 
109.23751489999995;0.0000;0.0000;0.0000 
109.28552910000144;-0.2237;0.0000;-0.1377 
109.34929890000058;-0.2237;0.0000;-0.1377 
109.39744110000174;0.4474;0.0000;0.1377 
109.44538010000178;0.2237;0.0000;-0.1377 
109.49340470000243;-0.2237;0.0000;0.0034 
109.54151600000114;0.0000;0.0000;0.1377 
109.58926160000192;0.2237;0.0000;-0.4130 
109.63745290000224;-0.2237;0.0000;0.0000 
109.68569290000232;0.2237;0.0000;0.2753 
109.74909500000285;-0.4474;0.0000;-0.1377 
109.7972370000025;0.0000;0.0000;0.0000 
109.8451739000011;0.2237;0.0000;0.1410 
109.89335410000058;0.0000;0.0000;-0.1377 
109.94131850000122;-0.2237;0.0000;0.1410 
109.98931730000186;0.2237;0.0000;0.0000 
110.03729960000055;0.0000;0.0000;0.2753 
110.08546000000206;0.0000;0.0000;0.2787 
110.13323170000149;0.2237;0.0000;0.0000 
110.18156190000082;0.0000;0.0000;0.1410 
110.22937770000135;-0.2237;0.0000;0.0000 
110.27742290000242;0.0000;0.0000;0.2787 
110.3253375000022;0.0000;0.0000;0.1410 
110.37340050000057;-0.2237;0.0000;0.1377 
110.42146860000139;0.0000;0.0000;0.0000 
110.46995770000285;0.2237;0.0000;0.0000 
110.51728440000079;-0.2237;0.0000;0.1377 
110.58109180000247;-0.2237;0.0000;0.2787 
110.62923500000034;-0.2237;0.0000;0.0000 
110.6773162999998;-0.2237;0.0000;0.0000 
110.72521849999976;0.2237;0.0000;-0.5506 
110.77318000000014;0.2237;0.0000;0.0000 
110.82118489999993;0.0000;0.0000;-0.1377 
110.8693583000022;0.2237;0.0000;0.1410 
110.91741910000201;0.2237;0.0000;-0.1377 
110.96545239999978;0.0000;0.0000;0.0000 
111.01339430000007;0.0000;0.0000;-0.1377 
111.07755060000272;0.2237;0.0000;-0.1377 
111.1254227999998;0.0000;0.0000;0.1410 
111.17311110000082;0.2237;0.0000;0.0000 
111.22107590000087;0.0000;0.0000;0.0000 
111.26919819999966;0.0000;0.0000;0.1377 
111.31722730000183;0.2237;0.0000;-0.1377 
111.36522859999968;-0.2237;0.0000;0.0000 
111.41339449999941;0.2237;0.0000;0.0000 
111.46128650000173;0.0000;0.0000;0.0000 
111.50915000000168;0.0000;0.0000;0.0000 
111.55724040000132;0.0000;0.0000;0.0000 
111.60538380000071;0.2237;0.0000;0.0000 
111.65334300000177;0.0000;0.0000;-0.1377 
111.70144730000175;0.0000;0.0000;0.1377 
111.74944130000222;-0.2237;0.0000;0.1377 
111.79750310000236;0.2237;0.0000;0.0000 
111.84536810000282;0.2237;0.0000;0.2753 
111.90910390000136;-0.2237;0.0000;-0.1377 
111.95710510000208;-0.2237;0.0000;0.0000 
112.00521520000257;0.2237;0.0000;0.1410 
112.05334249999942;-0.2237;0.0000;0.0000 
112.1013961000026;0.0000;0.0000;-0.2753 
112.14932210000188;0.0000;0.0000;0.2753 
112.19763650000095;-0.2237;0.0000;0.1377 
112.24545220000073;-0.4474;0.0000;-0.1377 
112.29342650000035;0.0000;0.0000;-0.1377 
112.35713010000109;0.0000;0.0000;0.0000 
112.4050281000018;-0.2237;0.0000;0.0000 
112.4532489000012;0.2237;0.0000;0.0000 
112.50125110000226;0.2237;0.0000;0.0000 
112.54914690000078;0.0000;0.0000;0.1377 
112.59719760000007;0.2237;0.0000;0.0000 
112.64534650000132;0.0000;0.0000;0.0000 
112.69322699999975;0.0000;0.0000;0.0000 
112.74160240000128;0.0000;0.0000;-0.1377 
112.78919680000035;0.0000;0.0000;0.0000 
112.83724870000151;0.4474;0.0000;0.1377 
112.88526550000097;0.0000;0.0000;0.1377 
112.93351950000215;0.0000;0.0000;0.1377 
112.98124950000056;0.0000;0.0000;0.1377 
113.02927590000036;0.0000;0.0000;0.0000 
113.07744789999924;0.0000;0.0000;-0.1377 
113.12535710000157;0.2237;0.0000;0.1377 
113.17343389999951;-0.2237;0.0000;0.0000 
113.2213726000009;0.4474;0.0000;0.1377 
113.26953760000106;0.2237;0.0000;0.2787 
113.31719019999946;0.2237;0.0000;0.0000 
113.36546989999988;0.0000;0.0000;0.1377 
113.41356870000163;0.2237;0.0000;0.0000 
113.46133220000047;0.0000;0.0000;0.1377 
113.5093889000018;0.0000;0.0000;0.0000 
113.55745170000228;0.2237;0.0000;0.1377 
113.60525319999942;0.0000;0.0000;0.0000 
113.65378500000224;0.2237;0.0000;0.0000 
113.70145110000158;0.2237;0.0000;0.0000 
113.74972940000225;0.2237;0.0000;-0.1377 
113.79731420000098;0.0000;0.0000;0.0000 
113.84537590000036;-0.2237;0.0000;0.2787 
113.9090795000011;0.2237;0.0000;0.0000 
113.95717100000184;-0.4474;0.0000;0.1377 
114.00513180000053;0.0000;0.0000;0.0000 
114.05322259999957;0.0000;0.0000;0.1377 
114.10134319999997;0.0000;0.0000;0.0000 
114.14919320000263;0.2237;0.0000;0.0034 
114.19733370000176;0.0000;0.0000;0.1377 
114.24517290000222;0.0000;0.0000;0.0000 
114.29338339999958;0.0000;0.0000;-0.1377 
114.34145310000167;0.0000;0.0000;0.0000 
114.38979549999931;0.0000;0.0000;0.0000 
114.4375265000017;-0.6711;0.0000;-0.1377 
114.48563060000015;0.2237;0.0000;0.0000 
114.53334860000177;0.0000;0.0000;0.1377 
114.58159570000134;0.0000;0.0000;0.1377 
114.6293665000012;0.0000;0.0000;0.0000 
114.67730270000175;0.2237;0.0000;0.1377 
114.72546610000063;0.2237;0.0000;0.2753 
114.7734218000005;-0.2237;0.0000;0.0000 
114.82132670000283;0.0000;0.0000;0.0000 
114.86951620000036;0.2237;0.0000;0.1377 
114.9332123000022;0.0000;0.0000;0.0034 
114.98111640000207;0.0000;0.0000;0.1410 
115.02917910000178;0.0000;0.0000;0.1377 
115.07718380000006;0.2237;0.0000;0.1410 
115.12514020000162;0.2237;0.0000;0.0000 
115.17307280000023;0.0000;0.0000;0.0000 
115.22109830000045;0.0000;0.0000;0.1377 
115.26914190000025;-0.2237;0.0000;0.0000 
115.31719290000183;0.2237;0.0000;0.0000 
115.36516739999934;-0.2237;0.0000;-0.2753 
115.41319310000108;0.0000;0.0000;0.1410 
115.46127830000114;-0.2237;0.0000;0.1377 
115.50935360000221;0.2237;0.0000;0.1377 
115.5576930999996;-0.2237;0.0000;0.0000 
115.60548250000284;0.0000;0.0000;0.2753 
115.65352960000018;0.2237;0.0000;0.1377 
115.70127850000063;0.0000;0.0000;0.0000 
115.74929770000017;0.0000;0.0000;-0.1377 
115.81305010000142;-0.2237;0.0000;0.2787 
115.86112940000021;0.0000;0.0000;0.2787 
115.90921750000052;0.2237;0.0000;-0.1377 
115.95752880000146;0.0000;0.0000;0.0000 
116.00510550000035;0.0000;0.0000;0.0000 
116.05334180000136;0.0000;0.0000;0.0000 
116.101340600002;0.0000;0.0000;0.2753 
116.14919999999984;0.0000;0.0000;0.1377 
116.19725169999947;0.0000;0.0000;0.0000 
116.24527579999994;0.0000;0.0000;0.0000 
116.29327890000059;0.0000;0.0000;0.2753 
116.34139060000234;0.0000;0.0000;-0.1377 
116.38927909999984;0.0000;0.0000;0.0000 
116.43744660000084;0.0000;0.0000;0.0034 
116.48526169999968;0.0000;0.0000;0.0000 
116.53345199999967;0.0000;0.0000;0.1377 
116.58144490000268;-0.2237;0.0000;0.0034 
116.62928690000263;-0.2237;0.0000;0.0000 
116.6774714000021;0.2237;0.0000;0.0000 
116.72548110000207;-0.2237;0.0000;0.1377 
116.78926499999943;-0.2237;0.0000;-0.1377 
116.83738780000203;0.0000;0.0000;0.0000 
116.88544410000031;-0.2237;0.0000;0.1410 
116.93330849999984;-0.2237;0.0000;0.1377 
116.98163580000255;0.2237;0.0000;0.0000 
117.0292972999996;0.0000;0.0000;0.0000 
117.07754230000137;0.0000;0.0000;0.1377 
117.12550740000006;0.0000;0.0000;-0.1377 
117.17343040000196;0.0000;0.0000;0.0034 
117.2212197000008;0.2237;0.0000;0.0000 
117.26944189999995;0.4474;0.0000;0.0000 
117.33333700000003;-0.2237;0.0000;-0.1377 
117.38126660000125;0.0000;0.0000;0.1377 
117.42916830000104;0.0000;0.0000;0.1377 
117.47740540000086;0.2237;0.0000;0.1377 
117.52517310000258;0.2237;0.0000;0.1377 
117.57307030000084;0.0000;0.0000;0.2753 
117.62126379999972;-0.4474;0.0000;0.0000 
117.66953220000141;0.2237;0.0000;0.0000 
117.71734280000237;0.4474;0.0000;0.1377 
117.76526010000089;0.0000;0.0000;0.0000 
117.81348939999953;-0.2237;0.0000;0.0000 
117.86126599999989;0.0000;0.0000;0.0000 
117.90922370000044;0.0000;0.0000;0.0000 
117.95729399999982;0.0000;0.0000;0.0000 
118.00512589999926;0.2237;0.0000;0.1377 
118.05339540000205;0.0000;0.0000;0.1377 
118.10152999999991;0.0000;0.0000;0.0034 
118.1492842000007;0.2237;0.0000;0.0000 
118.19758150000052;0.0000;0.0000;0.1377 
118.24541289999979;0.2237;0.0000;0.0034 
118.29348270000264;0.2237;0.0000;-0.1377 
118.34161750000203;0.0000;0.0000;0.1410 
118.38943180000206;0.0000;0.0000;0.0000 
118.43740500000058;-0.2237;0.0000;0.0000 
118.50127040000007;0.0000;0.0000;0.0000 
118.54903510000076;0.0000;0.0000;0.0000 
118.59701490000225;0.2237;0.0000;0.1377 
118.64506990000154;0.2237;0.0000;0.0000 
118.69338840000273;0.2237;0.0000;0.0000 
118.74117520000073;0.2237;0.0000;0.1377 
118.78989800000272;0.0000;0.0000;0.1377 
118.83725530000083;0.0000;0.0000;0.1377 
118.88518860000113;0.2237;0.0000;0.1377 
118.93342050000138;-0.2237;0.0000;0.1377 
118.9812574000025;0.0000;0.0000;0.1377 
119.02924450000137;0.0000;0.0000;0.0000 
119.07741280000118;-0.2237;0.0000;0.0000 
119.12527939999927;0.0000;0.0000;0.1377 
119.17343520000213;-0.2237;0.0000;-0.1377 
119.22139080000125;0.2237;0.0000;0.2787 
119.26942500000223;0.2237;0.0000;0.2787 
119.31722110000192;0.2237;0.0000;0.0000 
119.36545350000233;0.0000;0.0000;0.0000 
119.41366480000215;0.0000;0.0000;-0.1377 
119.46142510000209;0.2237;0.0000;0.0000 
119.50952170000164;0.0000;0.0000;0.1377 
119.55739620000168;0.0000;0.0000;0.0000 
119.60542780000105;0.4474;0.0000;0.0000 
119.65327360000083;0.0000;0.0000;0.2787 
119.7173901999995;-0.2237;0.0000;-0.1377 
119.7658678000007;0.2237;0.0000;0.1377 
119.81318140000076;0.0000;0.0000;-0.1377 
119.8613175999999;-0.2237;0.0000;-0.1377 
119.90913240000009;0.2237;0.0000;0.1377 
119.95733500000279;0.2237;0.0000;0.1377 
120.00518809999994;0.0000;0.0000;0.0000 
120.05364449999979;0.0000;0.0000;0.1377 
120.10136540000167;0.0000;0.0000;-0.1377 
120.14938860000257;0.4474;0.0000;0.1377 
120.19857700000284;-0.2237;0.0000;0.0034 
120.24554600000192;0.0000;0.0000;0.0000 
120.30907250000018;0.2237;0.0000;0.0000 
120.35706779999964;0.2237;0.0000;0.1377 
120.40515869999945;0.0000;0.0000;0.1377 
120.45316710000043;0.0000;0.0000;0.0000 
120.50111900000047;0.0000;0.0000;0.0000 
120.5489376000005;0.2237;0.0000;0.0000 
120.59710450000057;-0.2237;0.0000;0.1377 
120.64535470000192;0.0000;0.0000;0.0000 
120.69316640000034;0.2237;0.0000;0.1410 
120.74125040000217;-0.2237;0.0000;0.0034 
120.78927260000273;0.0000;0.0000;-0.2753 
120.83754650000265;0.4474;0.0000;-0.1377 
120.8853560000025;0.0000;0.0000;0.0000 
120.93334340000001;-0.2237;0.0000;0.0000 
120.98140150000108;0.2237;0.0000;0.1377 
121.02930689999994;-0.2237;0.0000;-0.1377 
121.07738080000127;0.0000;0.0000;0.0000 
121.1411216000015;-0.2237;0.0000;-0.2753 
121.18906600000264;0.0000;0.0000;0.1410 
121.23748709999927;0.0000;0.0000;-0.1377 
121.28525889999946;0.2237;0.0000;0.0000 
121.33347570000115;0.0000;0.0000;0.0000 
121.38134440000067;0.2237;0.0000;-0.1377 
121.42910699999993;-0.2237;0.0000;0.0000 
121.4771873000027;-0.2237;0.0000;0.0000 
121.52534670000023;0.0000;0.0000;0.0000 
121.57329540000137;0.0000;0.0000;0.1377 
121.62141970000084;0.0000;0.0000;0.0000 
121.66943910000191;0.0000;0.0000;0.0000 
121.71767860000182;0.0000;0.0000;0.0000 
121.76537090000056;0.0000;0.0000;0.4163 
121.81354360000114;0.0000;0.0000;0.1410 
121.86184069999945;0.2237;0.0000;-0.1377 
121.92591940000057;-0.2237;0.0000;0.1377 
121.97318649999943;-0.2237;0.0000;0.1377 
122.02111250000235;0.0000;0.0000;0.0000 
122.06925899999987;0.0000;0.0000;0.2787 
122.11723800000254;0.0000;0.0000;0.1377 
122.16519020000123;0.0000;0.0000;0.1377 
122.21318900000188;0.2237;0.0000;0.1377 
122.26134470000034;0.0000;0.0000;0.1377 
122.30918700000257;0.0000;0.0000;0.1410 
122.3586987000017;0.0000;0.0000;0.1377 
122.40575689999969;0.4474;0.0000;0.1410 
122.45330640000248;0.4474;0.0000;-0.1377 
122.50141380000059;0.0000;0.0000;0.1377 
122.54954519999956;0.0000;0.0000;0.1410 
122.5973081000011;0.0000;0.0000;-0.1377 
122.64544190000015;0.0000;0.0000;0.1377 
122.69327780000094;0.2237;0.0000;0.0000 
122.74137470000278;0.0000;0.0000;-0.1377 
122.78961590000108;0.2237;0.0000;0.0000 
122.8371982000026;0.2237;0.0000;0.0000 
122.88533570000072;0.0000;0.0000;0.0000 
122.93314580000151;0.2237;0.0000;0.0000 
122.98143360000176;0.2237;0.0000;0.1377 
123.02972240000236;0.0000;0.0000;0.1377 
123.07750900000246;-0.2237;0.0000;0.0000 
123.14130900000237;-0.2237;0.0000;0.0034 
123.18931599999996;0.0000;0.0000;0.0000 
123.23715230000016;-0.2237;0.0000;0.2753 
123.2851327999997;0.2237;0.0000;0.0000 
123.33319350000238;0.0000;0.0000;0.0000 
123.38122909999947;-0.2237;0.0000;0.1377 
123.42926870000156;0.4474;0.0000;0.0000 
123.47732639999958;0.0000;0.0000;0.0000 
123.52522239999962;-0.2237;0.0000;0.1377 
123.57314360000237;0.0000;0.0000;0.0000 
123.62123150000116;-0.2237;0.0000;0.1377 
123.66938070000106;0.0000;0.0000;0.1377 
123.71744820000094;-0.2237;0.0000;-0.2753 
123.7811658999999;0.2237;0.0000;0.0000 
123.82913829999961;0.2237;0.0000;0.1377 
123.8772839000012;0.0000;0.0000;0.0000 
123.92509950000021;0.2237;0.0000;0.1377 
123.9731810000012;0.0000;0.0000;-0.1377 
124.0211240000026;0.0000;0.0000;0.2753 
124.06941430000006;0.0000;0.0000;0.1377 
124.11721960000068;-0.2237;0.0000;0.2787 
124.16529989999981;0.2237;0.0000;0.0000 
124.21322160000273;-0.2237;0.0000;0.0000 
124.2612752999994;0.2237;0.0000;0.0000 
124.30962080000245;-0.2237;0.0000;0.0000 
124.35741670000061;-0.4474;0.0000;-0.1377 
124.42120280000017;-0.2237;0.0000;0.1377 
124.46901600000274;0.0000;0.0000;0.1377 
124.51707979999992;0.0000;0.0000;0.0000 
124.565128000002;-0.2237;0.0000;-0.1377 
124.61318179999944;-0.2237;0.0000;0.0000 
124.66124739999941;0.0000;0.0000;-0.1377 
124.7092902000004;-0.2237;0.0000;0.0000 
124.7573661000024;0.0000;0.0000;-0.1377 
124.80549439999959;0.2237;0.0000;0.1377 
124.85424530000091;0.0000;0.0000;0.1410 
124.90148350000163;0.2237;0.0000;0.0000 
124.94936690000031;-0.2237;0.0000;0.1377 
125.01301280000189;0.4474;0.0000;0.1377 
125.06103830000211;0.0000;0.0000;0.0000 
125.10917370000243;-0.2237;0.0000;0.0034 
125.15712390000044;0.0000;0.0000;0.0000 
125.20521270000245;0.0000;0.0000;0.0000 
125.25327000000107;0.0000;0.0000;0.1377 
125.30141519999961;0.0000;0.0000;0.1377 
125.34916789999988;0.0000;0.0000;0.1410 
125.39721700000155;0.0000;0.0000;0.0000 
125.4452870999994;-0.2237;0.0000;0.0000 
125.49328340000284;0.2237;0.0000;0.0000 
125.5412963000017;0.0000;0.0000;0.2753 
125.58931880000091;0.0000;0.0000;-0.1377 
125.63729460000104;0.2237;0.0000;0.1377 
125.68568940000114;0.2237;0.0000;0.1377 
125.73335589999988;-0.2237;0.0000;0.1377 
125.78131220000068;-0.2237;0.0000;0.0000 
125.82948899999974;0.4474;0.0000;0.1410 
125.89304710000215;0.0000;0.0000;-0.2753 
125.94107989999975;0.0000;0.0000;0.1377 
125.98906970000098;0.4474;0.0000;0.0000 
126.03711250000197;-0.2237;0.0000;0.1410 
126.0852040000027;0.2237;0.0000;0.1410 
126.13330780000251;0.2237;0.0000;0.0000 
126.18114559999958;0.0000;0.0000;-0.1377 
126.2295649000007;-0.2237;0.0000;-0.1377 
126.2774399000009;0.0000;0.0000;0.0000 
126.325713000002;0.0000;0.0000;0.0000 
126.37417300000016;-0.2237;0.0000;0.0000 
126.4214447000013;0.2237;0.0000;0.1377 
126.46946700000262;0.4474;0.0000;0.0000 
126.5174846000009;0.0000;0.0000;0.0000 
126.56542629999967;-0.2237;0.0000;0.2787 
126.62910069999998;0.0000;0.0000;-0.1377 
126.67717330000232;0.0000;0.0000;0.0000 
126.72527600000103;-0.2237;0.0000;0.1377 
126.77329710000049;0.2237;0.0000;-0.1377 
126.82108670000162;0.0000;0.0000;0.0000 
126.86936980000246;0.2237;0.0000;0.0000 
126.91827940000076;0.2237;0.0000;0.0000 
126.96532880000086;-0.2237;0.0000;-0.1377 
127.01331220000066;0.0000;0.0000;0.0000 
127.06145770000148;0.0000;0.0000;0.1410 
127.10945820000052;0.0000;0.0000;0.0000 
127.1571597000002;-0.2237;0.0000;0.0000 
127.20532210000238;0.4474;0.0000;0.1377 
127.25327190000098;-0.2237;0.0000;0.1410 
127.30136380000113;0.0000;0.0000;0.1377 
127.35058800000115;0.2237;0.0000;0.0000 
127.39745120000225;0.0000;0.0000;0.0000 
127.46113999999943;0.0000;0.0000;0.0000 
127.50915850000092;-0.2237;0.0000;-0.1377 
127.55723580000267;0.0000;0.0000;0.1377 
127.60511870000119;0.0000;0.0000;0.0000 
127.65338850000262;0.2237;0.0000;0.0000 
127.70128200000181;0.0000;0.0000;0.1377 
127.74914100000024;-0.2237;0.0000;-0.1377 
127.79731130000073;0.0000;0.0000;0.2753 
127.84517150000102;0.0000;0.0000;-0.1377 
127.89338350000253;-0.2237;0.0000;0.2753 
127.94143210000038;0.2237;0.0000;0.0000 
127.9894693999995;0.2237;0.0000;0.0000 
128.0530897000026;-0.2237;0.0000;-0.1377 
128.10112990000198;0.2237;0.0000;0.0000 
128.14929050000137;-0.2237;0.0000;0.1377 
128.19725889999972;0.2237;0.0000;0.0000 
128.24545170000056;-0.2237;0.0000;0.1410 
128.29326690000016;0.0000;0.0000;0.0000 
128.3413330000003;-0.2237;0.0000;0.0000 
128.38917260000017;0.4474;0.0000;0.0000 
128.4374678000022;-0.2237;0.0000;0.0000 
128.48574120000194;0.2237;0.0000;-0.1377 
128.5334709000017;0.0000;0.0000;0.1377 
128.5814199000015;0.0000;0.0000;-0.1377 
128.62933420000263;0.0000;0.0000;0.0000 
128.69308230000024;-0.2237;0.0000;0.1377 
128.74122650000209;0.0000;0.0000;-0.1377 
128.78920769999968;0.2237;0.0000;0.0000 
128.83717400000023;0.0000;0.0000;0.1377 
128.88527030000114;0.0000;0.0000;0.1410 
128.93323760000203;0.0000;0.0000;-0.2753 
128.9812204000009;0.2237;0.0000;0.0000 
129.0291842000006;0.0000;0.0000;0.0000 
129.0772266999993;0.2237;0.0000;0.0000 
129.12527799999953;0.0000;0.0000;0.2753 
129.17368250000072;0.2237;0.0000;-0.2753 
129.22128430000157;-0.2237;0.0000;0.2753 
129.26933850000205;0.0000;0.0000;0.0000 
129.31731209999998;-0.2237;0.0000;0.0000 
129.36533899999995;0.0000;0.0000;0.1410 
129.41332780000084;0.0000;0.0000;0.0000 
129.46141250000073;0.0000;0.0000;0.1377 
129.50931970000238;-0.2237;0.0000;0.0000 
129.57314060000135;0.2237;0.0000;0.0000 
129.62104330000147;0.0000;0.0000;-0.1377 
129.66937999999936;0.0000;0.0000;0.0000 
129.71720769999956;0.0000;0.0000;0.0000 
129.76513630000045;-0.2237;0.0000;0.1410 
129.81321190000017;0.0000;0.0000;0.1377 
129.86119360000157;-0.4474;0.0000;0.0000 
129.9092038000017;0.0000;0.0000;-0.1377 
129.95729539999957;0.0000;0.0000;0.1377 
130.00515540000197;0.0000;0.0000;-0.1377 
130.05320080000092;0.0000;0.0000;0.0000 
130.10118780000266;0.0000;0.0000;0.0000 
130.14943739999944;0.0000;0.0000;-0.1377 
130.2129883000016;0.0000;0.0000;-0.1377 
130.261305;0.0000;0.0000;-0.1377 
130.30911320000087;0.0000;0.0000;0.1377 
130.35721860000194;0.2237;0.0000;0.1377 
130.40524619999997;-0.4474;0.0000;0.2787 
130.45319430000018;0.0000;0.0000;0.1377 
130.5012695000005;0.2237;0.0000;0.0034 
130.54919190000146;0.0000;0.0000;0.0000 
130.5973907000007;0.2237;0.0000;-0.2753 
130.64525400000275;-0.4474;0.0000;0.1377 
130.6933437000007;0.0000;0.0000;0.1377 
130.74142310000025;0.2237;0.0000;0.0000 
130.7892967000007;0.0000;0.0000;0.1410 
130.83744170000136;-0.2237;0.0000;0.0000 
130.88544750000074;0.2237;0.0000;0.0000 
130.93343559999994;0.0000;0.0000;0.2787 
130.9813658000021;0.2237;0.0000;0.0000 
131.0302421000015;0.2237;0.0000;0.1377 
131.07798560000083;0.2237;0.0000;0.2753 
131.1253660000002;0.0000;0.0000;0.0000 
131.17331900000136;0.2237;0.0000;0.0000 
131.22121710000283;0.0000;0.0000;0.0000 
131.26926740000272;0.2237;0.0000;0.1410 
131.33303680000245;-0.2237;0.0000;0.2787 
131.38139310000042;-0.6711;0.0000;0.0000 
131.4292542000003;0.2237;0.0000;0.0000 
131.47720900000058;0.2237;0.0000;0.2753 
131.5251344999997;-0.2237;0.0000;0.0000 
131.57308580000245;0.0000;0.0000;0.0000 
131.62132860000202;0.0000;0.0000;-0.1377 
131.66936870000063;-0.2237;0.0000;-0.1377 
131.71780779999972;0.0000;0.0000;-0.1377 
131.78118320000067;-0.2237;0.0000;0.1377 
131.82905390000087;-0.2237;0.0000;0.0000 
131.8774278000019;0.0000;0.0000;0.1377 
131.9251710000026;0.0000;0.0000;0.2753 
131.97328240000206;0.0000;0.0000;0.0000 
132.02130390000093;0.0000;0.0000;-0.1377 
132.06929880000098;0.0000;0.0000;0.0000 
132.1172886000022;-0.2237;0.0000;-0.1377 
132.16516260000208;0.0000;0.0000;-0.1377 
132.22900930000105;-0.2237;0.0000;-0.1377 
132.2776709000027;0.0000;0.0000;0.1410 
132.32506300000023;0.0000;0.0000;0.0000 
132.37312179999935;0.0000;0.0000;0.0000 
132.42111510000177;-0.2237;0.0000;-0.1377 
132.4692697999999;-0.2237;0.0000;0.0000 
132.51728580000054;-0.2237;0.0000;0.0000 
132.56523120000202;0.0000;0.0000;0.1377 
132.61346520000006;0.2237;0.0000;0.2753 
132.66154480000114;0.2237;0.0000;0.0000 
132.7092986000025;0.2237;0.0000;0.2787 
132.75727950000146;0.2237;0.0000;0.1377 
132.80529650000244;0.6711;0.0000;0.1377 
132.85336530000131;0.0000;0.0000;0.0034 
132.90141180000137;0.0000;0.0000;0.0000 
132.96507539999948;-0.2237;0.0000;-0.2753 
133.01313030000165;0.0000;0.0000;0.0000 
133.06115789999967;0.2237;0.0000;-0.1377 
133.10925110000244;0.0000;0.0000;-0.2753 
133.15727700000207;0.0000;0.0000;0.0000 
133.20523110000067;0.0000;0.0000;0.1377 
133.25333820000014;0.0000;0.0000;-0.1377 
133.30140550000215;0.2237;0.0000;-0.1377 
133.34932350000236;-0.2237;0.0000;0.0000 
133.39732560000266;-0.2237;0.0000;0.0000 
133.4453613000005;0.0000;0.0000;0.0000 
133.50908960000015;0.0000;0.0000;-0.1377 
133.55714670000089;-0.2237;0.0000;-0.1377 
133.60518930000035;0.0000;0.0000;0.0000 
133.6531371000019;0.0000;0.0000;0.0000 
133.70114070000272;-0.2237;0.0000;0.0000 
133.7492646000028;-0.4474;0.0000;0.2753 
133.79739300000074;0.0000;0.0000;0.1410 
133.84530090000044;0.0000;0.0000;0.0000 
133.89322390000234;0.2237;0.0000;0.0000 
133.94119069999942;0.2237;0.0000;0.0000 
133.98938380000254;0.0000;0.0000;0.0034 
134.03722820000257;0.0000;0.0000;0.0000 
134.08542020000095;-0.2237;0.0000;0.0000 
134.13330169999972;-0.2237;0.0000;0.0000 
134.18136190000223;0.0000;0.0000;0.1377 
134.22952090000035;0.0000;0.0000;0.2753 
134.29292300000088;0.0000;0.0000;-0.1377 
134.3411737000024;0.2237;0.0000;0.0000 
134.3890840999993;-0.2237;0.0000;-0.1377 
134.4370697000013;0.0000;0.0000;0.0000 
134.4854073000024;0.2237;0.0000;0.1377 
134.53320670000176;-0.4474;0.0000;-0.1377 
134.58132990000013;-0.2237;0.0000;-0.1377 
134.62935500000094;-0.2237;0.0000;0.0000 
134.69321910000144;0.0000;0.0000;0.0000 
134.74101190000147;0.2237;0.0000;0.0000 
134.7890737000016;0.2237;0.0000;0.1410 
134.83713999999964;-0.2237;0.0000;0.1377 
134.88519120000274;-0.2237;0.0000;0.0000 
134.93313430000126;0.0000;0.0000;0.0000 
134.98111970000173;0.2237;0.0000;0.0000 
135.02926710000247;0.0000;0.0000;0.0000 
135.07713140000124;0.2237;0.0000;0.1377 
135.12558360000185;0.0000;0.0000;-0.1377 
135.17313640000066;0.4474;0.0000;0.0000 
135.22113580000223;0.0000;0.0000;0.0000 
135.26924259999942;0.0000;0.0000;0.2787 
135.31733069999973;-0.2237;0.0000;0.0000 
135.36543080000047;0.0000;0.0000;-0.1377 
135.41324259999965;0.0000;0.0000;0.1377 
135.46132390000275;0.2237;0.0000;-0.2753 
135.5250648000001;-0.6711;0.0000;0.1377 
135.57313470000008;0.0000;0.0000;0.1377 
135.62109200000123;0.0000;0.0000;0.0000 
135.66924070000096;-0.2237;0.0000;0.1377 
135.7172395000016;-0.2237;0.0000;0.0000 
135.76518450000003;0.0000;0.0000;0.0000 
135.8135070999997;0.0000;0.0000;0.1377 
135.8612286000025;-0.2237;0.0000;0.0000 
135.90924400000222;0.0000;0.0000;0.0000 
135.95721720000074;0.0000;0.0000;0.0000 
136.0053263000009;0.0000;0.0000;0.0000 
136.0531059999994;0.0000;0.0000;0.1377 
136.10150500000236;0.4474;0.0000;0.1377 
136.14940910000223;0.0000;0.0000;0.1377 
136.19737030000033;0.2237;0.0000;0.1377 
136.2452708000019;0.2237;0.0000;0.0000 
136.29325410000092;-0.2237;0.0000;0.1410 
136.34146740000142;0.2237;0.0000;0.1410 
136.3896992000009;0.0000;0.0000;0.0000 
136.4374984999995;0.0000;0.0000;0.1377 
136.4851622999995;0.0000;0.0000;-0.2753 
136.53343950000271;0.2237;0.0000;0.1377 
136.59731699999975;0.2237;0.0000;-0.1377 
136.6450509000024;0.0000;0.0000;-0.1377 
136.6937039000004;0.4474;0.0000;0.1377 
136.74117119999937;0.0000;0.0000;0.1410 
136.78938140000173;0.2237;0.0000;-0.2753 
136.83709340000132;-0.2237;0.0000;0.1377 
136.88526629999978;0.2237;0.0000;-0.1377 
136.93348280000282;0.0000;0.0000;0.0000 
136.98247679999986;0.0000;0.0000;0.1377 
137.02923659999942;0.0000;0.0000;0.1377 
137.07737940000152;-0.2237;0.0000;0.0000 
137.1254140000019;0.0000;0.0000;-0.1377 
137.1891652000013;0.0000;0.0000;-0.1377 
137.2371196999993;0.0000;0.0000;0.1410 
137.28526730000158;0.2237;0.0000;0.0000 
137.33339930000147;-0.2237;0.0000;-0.1377 
137.3811650000025;0.0000;0.0000;0.0000 
137.42924440000206;0.0000;0.0000;0.1377 
137.4771581999994;0.2237;0.0000;0.0000 
137.5253956000015;0.2237;0.0000;0.0000 
137.57325540000238;0.0000;0.0000;0.0000 
137.6212723000026;0.0000;0.0000;-0.1377 
137.66936580000038;0.0000;0.0000;0.0034 
137.71789850000278;0.0000;0.0000;0.0000 
137.76536970000234;0.4474;0.0000;0.1377 
137.8132824000022;0.0000;0.0000;0.0000 
137.8614278999994;0.2237;0.0000;0.1377 
137.9093247000019;0.4474;0.0000;0.0000 
137.95763920000172;0.2237;0.0000;0.1410 
138.00531039999987;0.2237;0.0000;0.1377 
138.05366660000072;0.2237;0.0000;-0.1377 
138.10137369999939;0.0000;0.0000;0.1377 
138.16509840000072;-0.2237;0.0000;-0.1377 
138.21323450000273;0.4474;0.0000;-0.1377 
138.26114100000268;0.2237;0.0000;0.1377 
138.30917220000265;0.2237;0.0000;0.2753 
138.35729920000085;0.0000;0.0000;0.2753 
138.40524990000267;0.2237;0.0000;0.1377 
138.453489800002;0.0000;0.0000;0.0000 
138.50120720000268;-0.2237;0.0000;0.1377 
138.54918850000104;0.6711;0.0000;0.1377 
138.59727980000025;-0.2237;0.0000;0.1377 
138.6451358000013;-0.2237;0.0000;0.0000 
138.69322720000127;0.0000;0.0000;0.2753 
138.74132810000083;-0.2237;0.0000;0.0000 
138.78923860000214;0.2237;0.0000;0.1377 
138.8529516000017;-0.2237;0.0000;0.1410 
138.90122890000202;0.0000;0.0000;0.0000 
138.9492449999998;0.0000;0.0000;0.0000 
138.9971140000016;0.0000;0.0000;0.2787 
139.0451068000002;0.0000;0.0000;0.0000 
139.09314770000128;0.2237;0.0000;-0.1377 
139.14115760000277;0.0000;0.0000;0.0000 
139.18918459999986;-0.2237;0.0000;0.1410 
139.2373398000018;0.0000;0.0000;0.0000 
139.28524000000107;0.2237;0.0000;0.0000 
139.33348240000123;0.2237;0.0000;-0.1377 
139.3812137999994;0.0000;0.0000;0.0000 
139.42919099999926;0.0000;0.0000;0.1377 
139.47716070000024;0.0000;0.0000;0.0000 
139.52524040000208;0.0000;0.0000;0.0000 
139.5734263000013;0.4474;0.0000;0.1377 
139.62130330000218;0.4474;0.0000;0.0000 
139.66954199999964;0.2237;0.0000;0.0000 
139.71745700000247;0.2237;0.0000;0.0000 
139.76528010000038;0.0000;0.0000;0.1377 
139.81347370000003;-0.2237;0.0000;-0.1377 
139.861477800001;0.0000;0.0000;0.0000 
139.90932109999994;0.2237;0.0000;0.0000 
139.95738510000228;0.0000;0.0000;0.1377 
140.0053265000024;0.0000;0.0000;0.0034 
140.0531274999994;0.2237;0.0000;0.1377 
140.10139400000116;0.0000;0.0000;0.0000 
140.16507719999936;-0.2237;0.0000;-0.1377 
140.21376729999974;-0.2237;0.0000;0.0000 
140.26112909999938;0.2237;0.0000;0.2787 
140.3092695000014;0.2237;0.0000;0.0000 
140.35735230000137;0.2237;0.0000;-0.2753 
140.405316700002;0.2237;0.0000;0.2787 
140.45332640000197;-0.2237;0.0000;0.0000 
140.50172980000207;0.0000;0.0000;-0.2753 
140.5495327000026;0.0000;0.0000;0.1410 
140.59732609999992;0.2237;0.0000;0.1377 
140.66144279999935;-0.2237;0.0000;-0.1377 
140.70908630000122;0.2237;0.0000;-0.1377 
140.75723579999976;0.2237;0.0000;0.1410 
140.8051484000025;0.0000;0.0000;0.1377 
140.85305499999959;0.0000;0.0000;0.1377 
140.90123830000084;0.0000;0.0000;-0.1377 
140.9490826000001;-0.4474;0.0000;0.1377 
140.99722630000178;0.0000;0.0000;-0.1377 
141.04526890000125;-0.2237;0.0000;0.0000 
141.09341010000207;0.0000;0.0000;0.0000 
141.14240410000275;0.4474;0.0000;-0.1377 
141.2051261000015;-0.2237;0.0000;0.0000 
141.25303770000028;0.4474;0.0000;0.4163 
141.30103990000134;-0.4474;0.0000;0.0000 
141.34919609999997;0.2237;0.0000;0.2787 
141.39712839999993;0.2237;0.0000;0.1377 
141.44529610000245;0.2237;0.0000;0.1377 
141.49331080000047;0.0000;0.0000;0.0000 
141.54158250000182;-0.2237;0.0000;0.0000 
141.58926470000006;0.0000;0.0000;0.0000 
141.6371113000023;0.0000;0.0000;0.0000 
141.68540890000077;0.0000;0.0000;0.0000 
141.73317510000197;0.0000;0.0000;0.2753 
141.78114750000168;0.0000;0.0000;0.0000 
141.8291519000013;0.0000;0.0000;0.1377 
141.8772723000002;0.0000;0.0000;0.1377 
141.92522280000048;-0.2237;0.0000;0.0000 
141.97346459999972;0.2237;0.0000;0.0000 
142.02139570000145;-0.2237;0.0000;0.0000 
142.0693112000008;-0.2237;0.0000;0.0000 
142.11731770000188;0.0000;0.0000;0.0000 
142.18139540000266;0.2237;0.0000;-0.1377 
142.22912550000183;0.0000;0.0000;0.1377 
142.27709759999925;-0.2237;0.0000;-0.1377 
142.32540019999942;-0.2237;0.0000;-0.1377 
142.3734433000027;0.0000;0.0000;0.0000 
142.42129050000221;-0.2237;0.0000;0.0000 
142.46916550000242;0.0000;0.0000;0.2787 
142.51729949999935;-0.2237;0.0000;0.1377 
142.56547400000272;0.2237;0.0000;0.0000 
142.6133403999993;0.0000;0.0000;0.2787 
142.66135059999942;0.2237;0.0000;0.2787 
142.71009640000193;0.2237;0.0000;0.2787 
142.75753059999988;0.0000;0.0000;0.0000 
142.8209738000005;0.2237;0.0000;0.0000 
142.86909469999955;0.0000;0.0000;0.0000 
142.91700180000043;-0.2237;0.0000;0.0000 
142.96510670000134;0.2237;0.0000;0.1377 
143.0131446000014;0.0000;0.0000;-0.1377 
143.0612469000007;0.2237;0.0000;0.0000 
143.10915500000192;0.0000;0.0000;0.1377 
143.15723799999978;-0.2237;0.0000;-0.1377 
143.20545119999952;0.2237;0.0000;-0.1377 
143.2536409000022;0.2237;0.0000;0.0000 
143.30135090000113;-0.4474;0.0000;0.0000 
143.3650388999995;-0.2237;0.0000;0.0034 
143.41307880000022;0.0000;0.0000;-0.1377 
143.46110319999934;0.0000;0.0000;0.1377 
143.5091874000027;0.0000;0.0000;-0.1377 
143.55739449999965;0.0000;0.0000;0.0000 
143.6051421000011;-0.2237;0.0000;0.0000 
143.65326540000024;0.0000;0.0000;0.2753 
143.70123700000113;-0.2237;0.0000;0.1377 
143.74928890000228;0.0000;0.0000;0.0000 
143.7971299000019;0.2237;0.0000;0.0000 
143.84519060000093;0.0000;0.0000;0.0000 
143.89322490000268;0.2237;0.0000;0.1377 
143.94142710000233;-0.2237;0.0000;0.1377 
143.98931070000253;-0.2237;0.0000;0.1377 
144.0374398999993;0.0000;0.0000;0.0000 
144.08557660000224;0.0000;0.0000;0.1377 
144.13323189999937;0.0000;0.0000;0.1377 
144.1969248000023;-0.2237;0.0000;0.0000 
144.24520610000036;0.0000;0.0000;0.0000 
144.29292010000063;0.0000;0.0000;0.0000 
144.34129270000267;0.0000;0.0000;-0.1377 
144.3891954000028;-0.2237;0.0000;-0.1377 
144.43746920000194;0.2237;0.0000;-0.1377 
144.48522290000255;-0.2237;0.0000;0.0000 
144.5334877000023;0.4474;0.0000;0.0000 
144.5812834999997;0.0000;0.0000;-0.1377 
144.62944799999968;0.2237;0.0000;0.4163 
144.6930229999998;1.5660;0.0000;-0.4130 
144.74108490000071;-0.2237;0.0000;-0.1377 
144.78922380000222;0.2237;0.0000;0.0000 
144.83715200000006;0.0000;0.0000;0.1377 
144.8855567999999;0.2237;0.0000;-0.1377 
144.93318;-0.2237;0.0000;0.1377 
144.9813436000004;0.0000;0.0000;0.0000 
145.02919090000069;0.2237;0.0000;0.0000 
145.07736900000236;0.0000;0.0000;-0.1377 
145.12526580000122;-0.2237;0.0000;0.0000 
145.18914420000146;0.2237;0.0000;-0.1377 
145.2370637999993;0.2237;0.0000;-0.1377 
145.28530710000268;-0.2237;0.0000;0.1377 
145.33317200000238;0.2237;0.0000;0.1377 
145.3811851999999;0.0000;0.0000;0.1377 
145.42919370000163;0.0000;0.0000;-0.1377 
145.4772112999999;0.0000;0.0000;-0.2753 
145.52521100000013;-0.2237;0.0000;0.0000 
145.57328540000162;0.2237;0.0000;0.1377 
145.62126210000133;0.2237;0.0000;0.2787 
145.66945739999937;0.0000;0.0000;0.1377 
145.73299450000195;-0.2237;0.0000;-0.1377 
145.7814099999996;0.0000;0.0000;0.0000 
145.8290589999997;0.2237;0.0000;-0.1377 
145.87704680000024;-0.2237;0.0000;0.1410 
145.92521320000014;-0.2237;0.0000;-0.1377 
145.97336780000114;0.0000;0.0000;0.1377 
146.02139630000238;-0.2237;0.0000;0.0000 
146.06927050000013;0.0000;0.0000;0.0000 
146.11732020000272;0.0000;0.0000;0.0000 
146.1653069999993;-0.4474;0.0000;-0.4130 
146.22970980000173;0.2237;0.0000;-0.1377 
146.27811250000013;0.0000;0.0000;0.1377 
146.3256027000025;0.2237;0.0000;0.1377 
146.37322800000038;0.2237;0.0000;-0.1377 
146.4211959000022;-0.2237;0.0000;0.4130 
146.46933680000075;0.0000;0.0000;0.0000 
146.51730289999978;0.2237;0.0000;0.2787 
146.56587919999947;-0.2237;0.0000;0.2753 
146.61368190000212;-0.6711;0.0000;-0.1377 
146.66206969999985;-0.4474;0.0000;0.0000 
146.72543390000283;0.0000;0.0000;0.0000 
146.77295550000053;0.2237;0.0000;0.0000 
146.82161909999922;0.0000;0.0000;-0.1377 
146.86987829999998;0.2237;0.0000;0.1410 
146.91770739999993;0.0000;0.0000;0.0000 
146.96571210000184;0.0000;0.0000;0.1377 
147.01433689999976;0.0000;0.0000;0.0000 
147.06249920000118;-0.2237;0.0000;-0.1377 
147.1090882000026;-0.2237;0.0000;0.0034 
147.15873980000106;0.0000;0.0000;0.0000 
147.2054390000012;-0.2237;0.0000;0.1377 
147.25318530000004;-0.4474;0.0000;0.1377 
147.30118779999975;0.0000;0.0000;0.1377 
147.3493595;0.8948;0.0000;0.0000 
147.41293980000046;1.1185;0.0000;-1.9281 
147.46126890000232;-0.4474;0.0000;0.5506 
147.5091484000004;0.6711;0.0000;0.2753 
147.55716160000156;-0.4474;0.0000;-0.1377 
147.6050432000011;1.3422;0.0000;0.4130 
147.653087900002;-0.2237;0.0000;0.4130 
147.7017272000012;-0.8948;0.0000;-0.5506 
147.74988750000193;0.0000;0.0000;0.1377 
147.81397030000153;-0.2237;0.0000;-0.1377 
147.86184499999945;0.2237;0.0000;0.0000 
147.9095085000008;0.0000;0.0000;0.1377 
147.95744320000085;0.2237;0.0000;0.0034 
148.00508009999976;-0.2237;0.0000;0.1377 
148.05296100000123;0.0000;0.0000;0.0000 
148.10110510000231;-0.2237;0.0000;0.0000 
148.14960900000005;0.2237;0.0000;-0.1377 
148.19724400000268;0.0000;0.0000;0.1377 
148.24542810000275;0.2237;0.0000;0.0000 
148.2938931000026;0.2237;0.0000;0.0000 
148.34181720000197;-0.2237;0.0000;0.0000 
148.39010269999926;-0.2237;0.0000;0.0034 
148.45390680000128;0.0000;0.0000;0.0000 
148.50187130000268;0.2237;0.0000;0.0000 
148.54993359999935;0.0000;0.0000;-0.2753 
148.59707770000023;0.4474;0.0000;0.0000 
148.6460287000009;-0.2237;0.0000;0.1377 
148.69355820000055;0.2237;0.0000;0.0000 
148.7414936999994;0.2237;0.0000;0.2753 
148.78959540000142;0.2237;0.0000;0.0000 
148.83783910000056;0.0000;0.0000;-0.1377 
148.88611450000099;0.0000;0.0000;0.1410 
148.9334791000001;-0.2237;0.0000;0.0000 
148.98184890000266;0.2237;0.0000;-0.1377 
149.03050870000152;0.2237;0.0000;0.0000 
149.0772539999998;0.0000;0.0000;0.2753 
149.1253300999997;0.2237;0.0000;-0.1377 
149.18988750000062;-0.2237;0.0000;0.1377 
149.23742230000062;0.0000;0.0000;0.1377 
149.2850232000019;0.0000;0.0000;0.0000 
149.3330801000011;0.2237;0.0000;0.2787 
149.38105370000267;0.0000;0.0000;-0.1377 
149.4290230000006;0.2237;0.0000;0.0000 
149.47706470000048;-0.2237;0.0000;0.1410 
149.52516560000004;0.0000;0.0000;0.0000 
149.5731495;0.2237;0.0000;0.1377 
149.62117020000005;0.0000;0.0000;0.1377 
149.67020500000217;-0.2237;0.0000;0.0000 
149.71714260000226;0.2237;0.0000;0.0000 
149.76517830000012;0.0000;0.0000;0.0000 
149.8132347000028;0.2237;0.0000;0.0034 
149.8620441000021;0.2237;0.0000;0.0000 
149.90988490000018;0.0000;0.0000;-0.1377 
149.95725440000024;0.2237;0.0000;-0.1377 
150.0056347000027;0.0000;0.0000;0.1377 
150.0531456000026;0.4474;0.0000;0.1410 
150.10154990000228;0.0000;0.0000;0.0000 
150.14942560000054;0.2237;0.0000;0.0000 
150.21306929999992;0.0000;0.0000;-0.1377 
150.26106300000174;-0.2237;0.0000;0.1377 
150.30909520000205;0.2237;0.0000;0.0000 
150.3572148000021;0.0000;0.0000;-0.1377 
150.40641230000256;0.2237;0.0000;0.1377 
150.4530988000006;0.2237;0.0000;0.1377 
150.50132479999957;-0.2237;0.0000;0.1377 
150.54927600000156;0.2237;0.0000;0.1377 
150.59740890000103;-0.2237;0.0000;-0.1377 
150.64530030000242;0.2237;0.0000;0.2787 
150.69327619999967;0.0000;0.0000;0.0000 
150.74159879999934;-0.2237;0.0000;0.0000 
150.80488289999994;0.0000;0.0000;0.0000 
150.8530525999995;-0.2237;0.0000;-0.1377 
150.9013785999996;0.0000;0.0000;0.0000 
150.9491846000019;0.0000;0.0000;0.0000 
150.9973882000013;0.0000;0.0000;0.1377 
151.04513840000072;0.2237;0.0000;0.0000 
151.09341789999962;0.2237;0.0000;-0.1377 
151.14117230000193;0.0000;0.0000;0.1377 
151.18917069999952;0.0000;0.0000;0.0034 
151.23734139999942;0.0000;0.0000;0.1377 
151.2852485000003;0.2237;0.0000;0.0000 
151.33309430000008;0.2237;0.0000;0.1410 
151.38134550000177;0.0000;0.0000;-0.1377 
151.42935820000275;0.0000;0.0000;0.2753 
151.47722790000262;0.0000;0.0000;0.0000 
151.52508859999944;0.2237;0.0000;-0.1377 
151.5731737999995;0.0000;0.0000;0.0000 
151.62115880000056;0.0000;0.0000;0.1377 
151.66920680000112;-0.4474;0.0000;0.1410 
151.73302650000187;0.2237;0.0000;0.0000 
151.7816426999998;0.0000;0.0000;-0.1377 
151.82894920000035;0.0000;0.0000;0.0000 
151.87717390000034;-0.2237;0.0000;0.0000 
151.9252168000021;0.0000;0.0000;0.1377 
151.9731391000023;0.0000;0.0000;0.1410 
152.0212152000022;-0.2237;0.0000;0.1377 
152.06919539999944;-0.2237;0.0000;0.1377 
152.1171386999995;0.2237;0.0000;0.0000 
152.16526650000014;0.2237;0.0000;0.0000 
152.2131193999994;0.0000;0.0000;0.1377 
152.26115690000006;0.0000;0.0000;0.1410 
152.30921429999944;0.2237;0.0000;0.1377 
152.35720779999974;0.4474;0.0000;0.1377 
152.40518430000157;0.0000;0.0000;0.2753 
152.45314940000026;0.2237;0.0000;-0.1377 
152.501331200001;0.2237;0.0000;-0.1377 
152.54942690000098;0.2237;0.0000;0.1410 
152.61296840000068;0.0000;0.0000;-0.1377 
152.66093460000047;0.0000;0.0000;0.1377 
152.7090730000018;0.2237;0.0000;-0.1377 
152.75698230000125;0.0000;0.0000;0.0000 
152.8050906000026;0.2237;0.0000;0.0000 
152.85300980000102;0.0000;0.0000;0.0000 
152.90110600000116;0.0000;0.0000;-0.1377 
152.9490966000012;0.0000;0.0000;0.0034 
152.9970730999994;0.0000;0.0000;0.0000 
153.04529900000125;0.4474;0.0000;0.0000 
153.09317179999925;0.2237;0.0000;0.1377 
153.14125889999923;0.0000;0.0000;0.0000 
153.18936060000124;-0.2237;0.0000;-0.1377 
153.23719680000067;0.0000;0.0000;0.0000 
153.28513899999962;0.0000;0.0000;0.0000 
153.3332104000001;0.0000;0.0000;0.0000 
153.38124450000032;0.0000;0.0000;0.1377 
153.42910350000238;-0.2237;0.0000;0.0000 
153.47726189999958;0.2237;0.0000;0.0000 
153.54096740000023;0.2237;0.0000;-0.1377 
153.58900899999935;0.2237;0.0000;0.0000 
153.63699629999974;-0.2237;0.0000;0.0034 
153.68516269999964;0.0000;0.0000;0.1377 
153.73313250000137;0.4474;0.0000;0.0000 
153.78105140000116;0.2237;0.0000;-0.1377 
153.82911050000257;0.0000;0.0000;-0.1377 
153.87729160000163;0.2237;0.0000;0.1377 
153.92510380000022;0.0000;0.0000;0.0000 
153.97315170000002;-0.2237;0.0000;0.0034 
154.02121140000236;0.0000;0.0000;-0.1377 
154.08493550000276;-0.2237;0.0000;0.1410 
154.1330581000002;0.2237;0.0000;0.4163 
154.18096380000134;0.0000;0.0000;0.1377 
154.2291170999997;0.0000;0.0000;0.0000 
154.27700040000127;0.0000;0.0000;0.1377 
154.32495539999945;-0.2237;0.0000;0.0000 
154.37307630000214;0.0000;0.0000;0.1377 
154.4209867999998;0.2237;0.0000;0.0000 
154.46899450000274;0.2237;0.0000;0.1377 
154.5172566000001;0.0000;0.0000;0.1377 
154.56503440000233;0.0000;0.0000;0.2787 
154.61299380000128;0.2237;0.0000;0.1377 
154.66115450000143;-0.2237;0.0000;0.2787 
154.70903050000197;0.0000;0.0000;0.2753 
154.75701010000193;0.2237;0.0000;0.1377 
154.80537109999932;0.0000;0.0000;0.2787 
154.85322980000274;0.2237;0.0000;0.0000 
154.90103730000192;0.0000;0.0000;0.0000 
154.9491209000007;0.2237;0.0000;-0.2753 
154.99715350000042;-0.2237;0.0000;0.0034 
155.04560050000146;0.2237;0.0000;0.0000 
155.09335310000097;0.0000;0.0000;-0.1377 
155.14127400000143;0.0000;0.0000;0.0000 
155.18926130000182;0.0000;0.0000;0.0000 
155.23730799999976;0.0000;0.0000;0.0000 
155.28506990000096;0.2237;0.0000;0.0000 
155.33326640000087;0.0000;0.0000;0.1377 
155.38129260000278;0.4474;0.0000;0.0000 
155.44509820000167;-0.2237;0.0000;-0.1377 
155.49325030000182;-0.2237;0.0000;0.1377 
155.54193990000203;0.2237;0.0000;-0.1377 
155.59031959999993;0.0000;0.0000;-0.1377 
155.63725300000078;0.2237;0.0000;0.1377 
155.6853341999995;0.4474;0.0000;0.0000 
155.73309359999985;0.2237;0.0000;0.1377 
155.78118320000067;0.0000;0.0000;0.0000 
155.82939389999956;0.0000;0.0000;0.0000 
155.8778596000011;0.2237;0.0000;0.0000 
155.92571490000046;-0.2237;0.0000;0.1377 
155.9738176000028;0.0000;0.0000;0.0000 
156.0216806999997;-0.2237;0.0000;0.1377 
156.0853171000017;-0.2237;0.0000;-0.1377 
156.13325350000014;0.2237;0.0000;0.0000 
156.1809847000004;0.0000;0.0000;0.0000 
156.22908240000106;-0.2237;0.0000;0.2787 
156.27715360000002;0.4474;0.0000;-0.1377 
156.32514780000201;0.0000;0.0000;-0.1377 
156.37323480000123;0.2237;0.0000;0.0000 
156.42126869999993;0.0000;0.0000;-0.1377 
156.4692154000004;0.0000;0.0000;-0.1377 
156.51760900000227;0.0000;0.0000;0.1377 
156.58108540000103;0.0000;0.0000;-0.1343 
156.6290055999998;-0.2237;0.0000;0.2753 
156.67809520000083;0.2237;0.0000;-0.1377 
156.72594480000043;-0.2237;0.0000;-0.1377 
156.77385730000242;-0.2237;0.0000;0.4163 
156.82223599999998;0.6711;0.0000;0.1377 
156.8694510000023;-0.2237;0.0000;0.0000 
156.91813280000133;0.0000;0.0000;0.1410 
156.9658909000027;-0.2237;0.0000;0.1410 
157.0289092000021;-0.2237;0.0000;0.0000 
157.07831530000112;0.0000;0.0000;0.0000 
157.12714039999992;0.2237;0.0000;0.2787 
157.17386180000176;0.2237;0.0000;0.0000 
157.22215890000007;0.2237;0.0000;0.1377 
157.2695093000002;0.0000;0.0000;0.0000 
157.31763670000146;0.0000;0.0000;0.2753 
157.36562290000074;0.2237;0.0000;-0.1377 
157.41411069999958;-0.2237;0.0000;0.0034 
157.46199930000148;0.0000;0.0000;0.1377 
157.51027560000148;-0.2237;0.0000;0.0000 
157.5587278000021;0.0000;0.0000;0.1377 
157.60589710000204;0.2237;0.0000;0.0000 
157.6535780000013;0.2237;0.0000;0.0000 
157.70120640000096;0.2237;0.0000;0.0000 
157.7494938000018;-0.2237;0.0000;0.0000 
157.79798719999962;0.0000;0.0000;0.1377 
157.84564600000158;0.0000;0.0000;0.2753 
157.89340889999949;0.2237;0.0000;-0.1377 
157.9581012000017;-0.2237;0.0000;0.0000 
158.00559110000177;0.0000;0.0000;0.0000 
158.05300949999946;-0.2237;0.0000;0.2753 
158.10187170000063;0.2237;0.0000;0.1410 
158.1490847999994;-0.2237;0.0000;0.1410 
158.19736600000033;0.0000;0.0000;0.0000 
158.2451222000018;0.0000;0.0000;-0.1377 
158.29367149999962;0.0000;0.0000;0.0000 
158.34117470000274;0.2237;0.0000;0.0000 
158.38933140000154;0.0000;0.0000;0.0000 
158.43718310000258;0.2237;0.0000;0.1410 
158.4852357000018;0.2237;0.0000;0.1377 
158.53352369999993;0.2237;0.0000;0.1377 
158.58128489999945;-0.2237;0.0000;0.0000 
158.62918189999982;0.0000;0.0000;0.0000 
158.67751520000093;0.0000;0.0000;0.0034 
158.72524740000154;0.4474;0.0000;0.0000 
158.77333640000143;0.0000;0.0000;0.0000 
158.8212476000008;-0.2237;0.0000;0.0000 
158.8691171999999;0.2237;0.0000;0.0000 
158.91728830000284;0.0000;0.0000;0.0000 
158.96548760000223;0.0000;0.0000;0.1377 
159.02896300000066;0.4474;0.0000;0.0000 
159.07820970000103;0.0000;0.0000;-0.2753 
159.1251083999996;0.0000;0.0000;0.0000 
159.17304810000132;0.2237;0.0000;0.1377 
159.22108479999952;0.2237;0.0000;0.0000 
159.26903429999948;0.0000;0.0000;0.0000 
159.3169909999997;0.4474;0.0000;-0.1377 
159.36526360000062;0.2237;0.0000;0.0000 
159.4139025000004;0.2237;0.0000;-0.1377 
159.462039500002;0.0000;0.0000;0.0000 
159.5099590000027;0.2237;0.0000;-0.1377 
159.55788480000047;0.0000;0.0000;0.0000 
159.60608110000248;0.0000;0.0000;0.0000 
159.65389210000285;0.2237;0.0000;-0.1377 
159.7017261000001;-0.2237;0.0000;0.0000 
159.76629830000093;0.0000;0.0000;-0.1377 
159.8129962000021;0.0000;0.0000;0.0000 
159.86101500000223;-0.4474;0.0000;0.2787 
159.90888370000175;0.0000;0.0000;0.0000 
159.9571704000009;-0.2237;0.0000;0.0000 
160.00508919999993;0.0000;0.0000;0.1377 
160.05365789999996;-0.2237;0.0000;0.2753 
160.10153010000067;0.2237;0.0000;0.1410 
160.14958300000217;0.0000;0.0000;0.0000 
160.19756110000162;0.0000;0.0000;0.0034 
160.24524030000248;0.0000;0.0000;0.0000 
160.29418330000044;0.2237;0.0000;0.1377 
160.34212200000184;0.2237;0.0000;0.4130 
160.3899300000012;0.0000;0.0000;0.2787 
160.43758359999993;0.2237;0.0000;0.1377 
160.4857871000022;0.2237;0.0000;0.1377 
160.53314090000276;0.0000;0.0000;0.1377 
160.5812705999997;-0.2237;0.0000;-0.1377 
160.6294396000012;0.0000;0.0000;0.0000 
160.67723910000132;0.2237;0.0000;0.0000 
160.7255124000003;0.2237;0.0000;0.0000 
160.77338120000059;0.2237;0.0000;0.0000 
160.82124390000172;0.0000;0.0000;0.0000 
160.8694015000001;0.0000;0.0000;0.1377 
160.93302949999998;0.0000;0.0000;-0.1377 
160.9810064000012;0.0000;0.0000;0.1377 
161.029007000001;0.4474;0.0000;-0.5506 
161.07873950000067;0.2237;0.0000;0.2787 
161.12617930000124;0.0000;0.0000;0.0000 
161.17362599999979;-0.2237;0.0000;0.0034 
161.22129940000013;0.0000;0.0000;0.0034 
161.26910710000084;0.0000;0.0000;0.1377 
161.31721670000115;-0.2237;0.0000;0.0000 
161.36519250000129;0.2237;0.0000;0.0000 
161.41321750000134;0.0000;0.0000;0.2753 
161.46129810000275;0.2237;0.0000;0.1377 
161.50998099999924;-0.2237;0.0000;0.0000 
161.55783639999936;-0.2237;0.0000;0.0000 
161.62221630000204;0.2237;0.0000;0.2753 
161.66891920000126;0.0000;0.0000;0.4163 
161.71705790000124;-0.2237;0.0000;0.0000 
161.76503950000188;0.2237;0.0000;0.0000 
161.81318620000093;0.0000;0.0000;0.0000 
161.86156610000035;-0.2237;0.0000;0.0000 
161.90955329999997;0.4474;0.0000;-0.1377 
161.95767100000012;0.2237;0.0000;0.1377 
162.00520139999935;0.2237;0.0000;0.1377 
162.05313860000024;-0.2237;0.0000;0.0000 
162.10132390000217;0.0000;0.0000;0.1377 
162.14920260000144;0.0000;0.0000;0.0000 
162.19719130000158;0.0000;0.0000;-0.1377 
162.24535350000224;0.2237;0.0000;0.1377 
162.29352389999985;0.0000;0.0000;0.1377 
162.34114890000274;0.4474;0.0000;0.0000 
162.3892670000023;0.0000;0.0000;-0.1377 
162.45338620000257;-0.2237;0.0000;0.2787 
162.5016663000024;0.2237;0.0000;0.0000 
162.54890870000236;0.2237;0.0000;0.2787 
162.59728870000254;-0.2237;0.0000;0.1377 
162.64630070000203;0.2237;0.0000;0.0000 
162.69435860000158;-0.2237;0.0000;0.1377 
162.74111080000148;0.4474;0.0000;0.0000 
162.78914609999993;0.2237;0.0000;0.1410 
162.83715099999972;0.0000;0.0000;0.0000 
162.88588510000045;0.0000;0.0000;0.0000 
162.93332980000196;0.2237;0.0000;0.0000 
162.98228700000254;-0.2237;0.0000;-0.1377 
163.0292816000001;0.2237;0.0000;-0.1377 
163.07748070000162;0.0000;0.0000;0.1377 
163.1253327000013;0.0000;0.0000;0.1377 
163.17327260000093;0.2237;0.0000;0.0000 
163.2213131000026;0.0000;0.0000;0.0000 
163.26914110000143;-0.2237;0.0000;0.0000 
163.33302470000126;0.0000;0.0000;-0.1377 
163.38112570000158;0.0000;0.0000;-0.1377 
163.42914030000247;-0.2237;0.0000;0.0000 
163.4774862000013;-0.2237;0.0000;-0.1377 
163.5255380000017;0.0000;0.0000;0.1377 
163.57326390000162;0.0000;0.0000;0.0000 
163.62130290000277;0.2237;0.0000;-0.1377 
163.66908740000144;0.0000;0.0000;0.1377 
163.71736570000212;0.0000;0.0000;0.0034 
163.78119380000135;0.0000;0.0000;-0.1377 
163.8290932000018;-0.2237;0.0000;-0.1377 
163.87710570000127;0.0000;0.0000;0.2753 
163.92511500000182;0.2237;0.0000;0.4163 
163.9731838000007;0.0000;0.0000;-0.1377 
164.0211374999999;0.0000;0.0000;0.0000 
164.07068330000038;0.2237;0.0000;0.1377 
164.11735630000112;0.0000;0.0000;0.0000 
164.1652959000021;0.0000;0.0000;0.0000 
164.2131857000022;0.0000;0.0000;0.0000 
164.2612975000011;0.0000;0.0000;0.1377 
164.30920030000198;0.6711;0.0000;0.1410 
164.35737670000162;0.0000;0.0000;0.1377 
164.4052128000003;0.2237;0.0000;-0.1377 
164.45332710000002;0.2237;0.0000;-0.1377 
164.5012491000016;0.0000;0.0000;0.1377 
164.54922980000265;0.0000;0.0000;0.1377 
164.59704520000014;0.0000;0.0000;0.1377 
164.64539530000184;0.2237;0.0000;0.1410 
164.70905590000257;0.0000;0.0000;-0.1377 
164.75712990000102;-0.2237;0.0000;0.1377 
164.80508440000267;0.0000;0.0000;0.1410 
164.8534557000021;0.4474;0.0000;0.1377 
164.90167810000275;0.0000;0.0000;0.1377 
164.94914410000274;0.0000;0.0000;-0.1377 
164.99793480000153;0.2237;0.0000;0.1410 
165.04620780000187;0.0000;0.0000;0.0000 
165.0944464000022;-0.2237;0.0000;0.0000 
165.14127630000075;0.0000;0.0000;0.0000 
165.1893321000025;-0.2237;0.0000;0.0000 
165.23731390000103;0.2237;0.0000;0.0000 
165.28532990000167;0.0000;0.0000;0.2753 
165.33322939999925;0.0000;0.0000;0.0000 
165.3813478000011;-0.6711;0.0000;0.0000 
165.42911930000264;0.0000;0.0000;0.1377 
165.47703890000048;0.2237;0.0000;0.1410 
165.52528639999946;0.2237;0.0000;0.1377 
165.57323180000094;0.0000;0.0000;0.0000 
165.62109260000216;0.2237;0.0000;-0.1377 
165.66908940000212;0.2237;0.0000;0.1377 
165.7344438;0.2237;0.0000;0.0000 
165.78093649999937;0.0000;0.0000;0.2753 
165.82892640000136;0.0000;0.0000;0.1410 
165.87690199999997;0.0000;0.0000;0.0000 
165.92501110000012;0.2237;0.0000;0.1377 
165.97295740000118;0.2237;0.0000;0.1377 
166.02148719999968;-0.2237;0.0000;0.1377 
166.0691450000013;0.6711;0.0000;-0.1377 
166.1170818999999;0.2237;0.0000;0.0000 
166.16504039999927;0.0000;0.0000;-0.1377 
166.21325960000104;0.2237;0.0000;-0.1377 
166.26134900000034;0.0000;0.0000;-0.2753 
166.30920210000113;0.2237;0.0000;0.0000 
166.35811420000027;0.0000;0.0000;0.0000 
166.40510469999936;0.2237;0.0000;0.1377 
166.45314000000144;-0.2237;0.0000;0.1377 
166.51687010000023;-0.2237;0.0000;0.0000 
166.56507390000115;0.0000;0.0000;0.2753 
166.61292329999924;0.0000;0.0000;0.1377 
166.6608866000024;0.4474;0.0000;0.1377 
166.71021090000067;-0.2237;0.0000;0.4163 
166.75818010000148;-0.2237;0.0000;0.1410 
166.80584780000208;0.0000;0.0000;0.1377 
166.85343529999955;0.0000;0.0000;0.1377 
166.90218370000002;0.0000;0.0000;-0.2753 
166.95010670000192;-0.2237;0.0000;0.0000 
166.99792760000128;-0.2237;0.0000;0.1377 
167.0461780000005;-0.4474;0.0000;0.0000 
167.09396560000096;0.4474;0.0000;0.1377 
167.1421033000006;0.0000;0.0000;0.0000 
167.1898022000023;0.2237;0.0000;0.0000 
167.23779170000125;-0.2237;0.0000;0.1377 
167.30165979999947;-0.2237;0.0000;0.0000 
167.34969640000054;0.2237;0.0000;0.0000 
167.39789569999994;0.0000;0.0000;0.1377 
167.44612620000044;0.2237;0.0000;0.1377 
167.49343370000133;0.2237;0.0000;0.0000 
167.54143110000223;0.2237;0.0000;-0.1377 
167.58913460000258;0.2237;0.0000;-0.1377 
167.6381102000014;0.2237;0.0000;0.1377 
167.68581500000073;0.2237;0.0000;0.2753 
167.73445410000204;0.0000;0.0000;0.2753 
167.78225450000173;-0.2237;0.0000;0.1377 
167.82996980000098;-0.2237;0.0000;0.0000 
167.87706990000152;0.2237;0.0000;0.1410 
167.92522500000268;0.2237;0.0000;0.0000 
167.97327610000139;0.0000;0.0000;0.0000 
168.02127130000008;-0.4474;0.0000;0.0000 
168.06941469999947;0.0000;0.0000;0.1377 
168.13289570000052;0.2237;0.0000;0.0000 
168.18155780000234;-0.2237;0.0000;0.1377 
168.2289677000008;0.2237;0.0000;0.2753 
168.27716160000273;0.0000;0.0000;0.1377 
168.32588229999965;0.2237;0.0000;0.0000 
168.3737015000006;0.2237;0.0000;0.1410 
168.4386338000004;-0.2237;0.0000;-0.2753 
168.4835101000026;0.0000;0.0000;0.0034 
168.52142640000238;0.4474;0.0000;0.0000 
168.5652751000016;0.2237;0.0000;0.0000 
168.6129854000028;0.2237;0.0000;-0.2753 
168.6611789000017;0.2237;0.0000;0.1377 
168.70911830000114;-0.2237;0.0000;-0.1377 
168.75971520000166;0.2237;0.0000;0.1377 
168.8178568000003;0.0000;0.0000;0.0000 
168.86017859999993;0.2237;0.0000;0.1377 
168.90958270000192;0.0000;0.0000;0.1377 
168.95591369999966;0.0000;0.0000;0.1377 
168.9972665000023;0.0000;0.0000;0.0000 
169.04560610000044;0.2237;0.0000;0.2753 
169.09336199999962;0.2237;0.0000;0.1377 
169.15754430000015;-0.2237;0.0000;-0.1377 
169.2052244000006;0.0000;0.0000;0.1377 
169.2529839000017;0.0000;0.0000;0.1377 
169.30121119999967;0.2237;0.0000;0.0000 
169.34901380000156;-0.4474;0.0000;0.1377 
169.39711259999967;0.0000;0.0000;0.1377 
169.4451575000021;-0.2237;0.0000;-0.1377 
169.49302220000027;-0.2237;0.0000;0.1377 
169.54118440000093;0.4474;0.0000;0.0000 
169.58899010000096;0.0000;0.0000;0.0000 
169.63726840000163;0.2237;0.0000;0.2753 
169.68520870000066;0.2237;0.0000;0.2753 
169.73364550000042;0.0000;0.0000;0.1377 
169.7812311000016;0.0000;0.0000;-0.1377 
169.82945780000227;0.0000;0.0000;0.0000 
169.8776080000025;0.2237;0.0000;0.0000 
169.94102600000042;0.2237;0.0000;0.0034 
169.98900069999945;0.0000;0.0000;0.0034 
170.0370475000018;0.0000;0.0000;0.2753 
170.0848670000014;0.0000;0.0000;0.0000 
3.9252997000003234;-4.9271;0.0000;0.0000 
3.9730736000019533;-1.1185;0.0000;-1.5245 
4.0211347000004025;-2.6852;0.0000;-2.7807 
4.069366400002764;-5.6010;0.0000;-2.7839 
4.133063299999776;-4.0296;0.0000;-4.9955 
4.181092200000421;-5.6010;0.0000;-5.1625 
4.229236900002434;-4.4782;0.0000;-8.3529 
4.2773292000019865;-6.2757;0.0000;-4.0312 
4.341096600001038;-6.9512;0.0000;-4.5551 
4.389219400000002;-6.5007;0.0000;-1.0819 
4.437515500001609;-6.9512;0.0000;-3.9956 
4.485375600001134;-6.7259;0.0000;-4.5574 
4.549349500000972;-6.5007;0.0000;-4.7008 
4.597210899999482;-9.6641;0.0000;-6.7948 
4.645278200001485;-4.7026;0.0000;-4.2903 
4.709299199999805;-7.8535;0.0000;-5.2649 
4.757229400001961;-8.7577;0.0000;-6.3766 
4.805234700001165;-9.6641;0.0000;-6.5213 
4.853700400002708;-11.2564;0.0000;-8.7742 
4.917384399999719;-12.3991;0.0000;-12.0028 
4.9812491000011505;-14.0074;0.0000;-11.7214 
5.029469900000549;-14.0074;0.0000;-10.8785 
5.0929744000022765;-14.7001;0.0000;-10.1733 
5.141186600001674;-16.0922;0.0000;-8.7602 
5.205094100001588;-15.3950;0.0000;-11.3133 
5.253184000001056;-17.7288;0.0000;-12.1478 
5.317266800000652;-17.4941;0.0000;-12.4518 
5.365251100000023;-19.6178;0.0000;-11.7412 
5.429467400001158;-19.8554;0.0000;-12.1760 
5.477394699999422;-20.0934;0.0000;-13.6141 
5.541425100000197;-19.1435;0.0000;-14.2043 
5.589538800002629;-20.5705;0.0000;-14.7804 
5.65310959999988;-20.8096;0.0000;-14.0633 
5.7012506000028225;-22.4943;0.0000;-15.3941 
5.765204300001642;-22.2524;0.0000;-14.5325 
5.813515800000459;-23.7103;0.0000;-14.8638 
5.8772941999995965;-22.2524;0.0000;-14.7228 
5.925797200001398;-20.8096;0.0000;-15.7384 
5.989057800001319;-24.4453;0.0000;-16.4536 
6.037295100002666;-26.6770;0.0000;-16.4244 
6.101450100002694;-25.9284;0.0000;-16.4244 
6.164979900000617;-25.4320;0.0000;-17.8675 
6.214016400001128;-25.4320;0.0000;-16.9807 
6.277027399999497;-26.9276;0.0000;-18.2087 
6.325268600001436;-25.6800;0.0000;-16.2380 
6.3890847000002395;-27.1787;0.0000;-17.1485 
6.437572300001193;-26.9276;0.0000;-17.1624 
6.501261800000066;-26.1774;0.0000;-17.1766 
6.549385000002076;-27.6828;0.0000;-16.7119 
6.6132816999997885;-27.4305;0.0000;-16.8803 
6.661265700000513;-28.6979;0.0000;-17.4882 
6.72534430000087;-27.4305;0.0000;-17.3322 
6.773549300000013;-27.9357;0.0000;-17.3472 
6.837125500002003;-27.6828;0.0000;-17.5035 
6.8853315000014845;-27.6828;0.0000;-17.1766 
6.949140500000794;-28.6979;0.0000;-17.3322 
6.997432100000879;-28.4432;0.0000;-17.7703 
7.061169900000095;-28.9533;0.0000;-17.4587 
7.125172300002305;-29.2092;0.0000;-18.0677 
7.173414900000353;-29.2092;0.0000;-18.2570 
7.237038700000994;-29.4658;0.0000;-18.1328 
7.2857354000007035;-29.2092;0.0000;-17.7856 
7.349077099999704;-29.9809;0.0000;-18.1934 
7.39748800000234;-29.7230;0.0000;-18.6636 
7.461084800001117;-30.7587;0.0000;-19.4194 
7.509153099999821;-30.2395;0.0000;-20.1603 
7.573062200001004;-31.8057;0.0000;-20.1603 
7.621349200002442;-33.1313;0.0000;-20.4798 
7.6853637999993225;-33.3988;0.0000;-22.0809 
7.733278200001223;-32.8646;0.0000;-21.0706 
7.797074800000701;-34.2064;0.0000;-21.0706 
7.845410100002482;-33.9364;0.0000;-21.9482 
7.909262000001036;-34.7491;0.0000;-21.7055 
7.972950600000331;-35.0218;0.0000;-22.8212 
8.02120190000278;-36.1218;0.0000;-23.0175 
8.085024399999384;-36.3992;0.0000;-23.1870 
8.133212400000048;-36.9570;0.0000;-22.7075 
8.197061900002154;-36.3992;0.0000;-22.9637 
8.245592400002351;-36.3992;0.0000;-23.1350 
8.30928330000097;-36.3992;0.0000;-22.9939 
8.357298900002206;-37.2375;0.0000;-22.9154 
8.421019600002182;-37.8015;0.0000;-23.5445 
8.469268900000316;-38.3699;0.0000;-23.6856 
8.533130800002255;-37.8015;0.0000;-23.8601 
8.582087000002502;-36.6776;0.0000;-23.7191 
8.645347600002424;-38.0852;0.0000;-24.2113 
8.693470400001388;-38.6558;0.0000;-24.0702 
8.757403300001897;-38.6558;0.0000;-24.0353 
8.80511160000242;-39.2310;0.0000;-24.4242 
8.869186500000069;-38.3699;0.0000;-24.0702 
8.93296200000259;-38.9428;0.0000;-25.5248 
8.981641200000013;-38.6558;0.0000;-23.7533 
9.044973500000197;-39.2310;0.0000;-24.4612 
9.093199599999934;-39.2310;0.0000;-23.9292 
9.157280400002492;-40.9858;0.0000;-24.0011 
9.205311699999584;-40.3958;0.0000;-25.9139 
9.269323700002133;-38.9428;0.0000;-25.1811 
9.31735850000041;-38.0852;0.0000;-24.0759 
9.381115500000305;-39.5203;0.0000;-24.0759 
9.429244000002655;-39.5203;0.0000;-24.1792 
9.493115900000703;-38.6558;0.0000;-25.0401 
9.541407299999264;-38.6558;0.0000;-24.7580 
9.60518779999984;-39.2310;0.0000;-22.8394 
9.653522700002213;-38.9428;0.0000;-23.7561 
9.7172610000016;-37.8015;0.0000;-23.4740 
9.7653100000025;-37.8015;0.0000;-24.3580 
9.82914250000249;-38.6558;0.0000;-22.5573 
9.892972600002395;-38.3699;0.0000;-22.3512 
9.941158199999336;-38.6558;0.0000;-21.4735 
10.005136899999343;-38.0852;0.0000;-19.4081 
10.053443900000275;-31.0194;0.0000;-18.5117 
10.117060799999308;-27.9357;0.0000;-13.1085 
10.165249000001495;-26.6770;0.0000;-12.7907 
10.229083599999285;-26.6770;0.0000;-13.2138 
10.277383399999962;-26.4269;0.0000;-12.3960 
10.341160100000707;-24.1998;0.0000;-7.8307 
10.38932250000289;-21.5292;0.0000;-9.2109 
10.453042200002528;-17.9638;0.0000;-1.8617 
10.501110100001824;-14.7001;0.0000;0.1058 
10.549572500000068;-10.1182;0.0000;4.0618 
10.597449900000356;-5.6010;0.0000;7.6923 
10.645168200000626;-2.2374;0.0000;7.7839 
10.693377999999939;-3.1331;0.0000;7.2030 
10.75704400000177;-0.6711;0.0000;5.4121 
10.80512710000039;4.0296;0.0000;7.0118 
10.853122500000609;5.6010;0.0000;8.1182 
10.901018000000477;7.1766;0.0000;8.1009 
10.949121400000877;7.1766;0.0000;10.0492 
10.997196399999666;11.2564;0.0000;10.7470 
11.04517290000149;12.3991;0.0000;12.7076 
11.093329999999696;13.0871;0.0000;14.8264 
11.157116200000019;15.8595;0.0000;15.2581 
11.205235500001436;18.1991;0.0000;14.7056 
11.253543800001353;16.7919;0.0000;16.1482 
11.301376700001128;20.8096;0.0000;15.0245 
11.365057900002284;19.8554;0.0000;17.1296 
11.413298999999824;20.5705;0.0000;15.3509 
11.461375200000475;22.2524;0.0000;15.5876 
11.525043300000107;21.2890;0.0000;14.9556 
11.57346730000063;23.2226;0.0000;15.0235 
11.621332800001255;24.4453;0.0000;13.9683 
11.669358200000715;22.0110;0.0000;14.8730 
11.732968000000255;24.4453;0.0000;13.6789 
11.78124519999983;22.2524;0.0000;16.5323 
11.829565200001525;24.1998;0.0000;14.5643 
11.877412000001641;23.7103;0.0000;15.4982 
11.941655800001172;24.6912;0.0000;14.5818 
11.989141500002006;23.9548;0.0000;15.6283 
12.037354800002504;23.7103;0.0000;15.6505 
12.101945800000976;31.0194;0.0000;15.6505 
12.14933270000256;21.5292;0.0000;13.6585 
12.19740350000211;24.6912;0.0000;12.7308 
12.245244400000956;18.9069;0.0000;12.8985 
12.293664100001479;20.5705;0.0000;6.9750 
12.35720450000008;20.5705;0.0000;2.7266 
12.405056999999942;14.9315;0.0000;4.0387 
12.453286899999512;15.1631;0.0000;2.4136 
12.501178599999548;8.7577;0.0000;2.6951 
12.54924469999969;11.2564;0.0000;2.0028 
12.597840599999472;8.3053;0.0000;1.5765 
12.645104499999434;7.4021;0.0000;1.3208 
12.693654500002594;6.0507;0.0000;0.0566 
12.741386300000158;4.4782;0.0000;0.6288 
12.78941119999945;3.8054;0.0000;-1.3251 
12.837124000001495;0.0000;0.0000;-1.6250 
12.885294200001226;0.2237;0.0000;-3.2607 
12.948986600000353;0.0000;0.0000;-4.9261 
12.997288500002469;-1.7898;0.0000;-5.7622 
13.045272200000909;-6.7259;0.0000;-5.8471 
13.093268200002058;-4.2539;0.0000;-8.6735 
13.157279499999277;-8.5314;0.0000;-10.4666 
13.205248900001607;-11.9414;0.0000;-11.7283 
13.269308700000693;-11.0284;0.0000;-17.3826 
13.31726350000099;-13.0871;0.0000;-10.8741 
13.381045400001312;-14.9315;0.0000;-11.7247 
13.429223499999352;-14.7001;0.0000;-14.8391 
13.493136000000959;-18.9069;0.0000;-13.7551 
13.541308899999422;-17.4941;0.0000;-11.0755 
13.605098300002282;-19.8554;0.0000;-9.3346 
13.653078800001822;-16.3252;0.0000;-11.7438 
13.717022400000133;-17.4941;0.0000;-11.1921 
13.76547059999939;-17.9638;0.0000;-11.7562 
13.828989600002387;-17.9638;0.0000;-13.0454 
13.87741730000198;-19.1435;0.0000;-15.0505 
13.941058700002031;-19.3805;0.0000;-12.7883 
14.00493710000228;-21.5292;0.0000;-11.6350 
14.053079500001331;-18.9069;0.0000;-4.2689 
14.101458700002695;-17.0257;0.0000;-4.7118 
14.16493679999985;-12.6282;0.0000;-0.5820 
14.213038400001096;-10.5730;0.0000;2.6643 
14.26132510000025;-6.9512;0.0000;-0.3139 
14.310589799999434;-3.5813;0.0000;7.6527 
14.373086800002056;-1.5660;0.0000;4.8744 
14.420959499999299;2.2374;0.0000;9.3905 
14.469046000001981;4.0296;0.0000;8.3009 
14.5170446000011;6.9512;0.0000;9.2239 
14.565298800000164;6.2757;0.0000;4.3014 
14.61309650000112;0.4474;0.0000;-4.1489 
14.661212200000591;1.1185;0.0000;-10.2010 
14.709346900002856;-3.1331;0.0000;-6.3466 
14.77300440000181;-3.8054;0.0000;-13.2972 
14.82104370000161;-9.4373;0.0000;-12.6114 
14.869347700001526;-12.8576;0.0000;-12.0163 
14.932955700001912;-14.4690;0.0000;-12.8485 
14.981289400002424;-15.8595;0.0000;-12.9913 
15.0454565;-17.4941;0.0000;-13.4266 
15.109094200000982;-18.9069;0.0000;-12.6025 
15.157367800002248;-17.2597;0.0000;-15.0199 
15.221259400001145;-21.0491;0.0000;-13.5111 
15.269383500002732;-19.6178;0.0000;-14.3104 
15.333129599999666;-19.1435;0.0000;-10.6434 
15.38120660000277;-14.4690;0.0000;-0.0199 
15.42979870000272;-14.7001;0.0000;2.7994 
15.493031800000608;-5.8258;0.0000;1.5277 
15.541350900002726;-6.9512;0.0000;6.8808 
15.589038199999777;0.8948;0.0000;7.9149 
15.637389800001984;0.6711;0.0000;9.9866 
15.685123999999632;6.5007;0.0000;9.5472 
15.733136300001206;6.9512;0.0000;14.2729 
15.781366700000945;10.1182;0.0000;14.5567 
15.829319000000396;13.7770;0.0000;14.8233 
15.893104500002664;15.6271;0.0000;11.4393 
15.941457400000218;16.0922;0.0000;9.3233 
15.989265300002444;14.4690;0.0000;-0.4061 
16.03727600000275;8.5314;0.0000;-2.1004 
16.100927900002716;2.4613;0.0000;-10.5709 
16.149059999999736;0.0000;0.0000;-7.2197 
16.197552600002382;-3.3572;0.0000;-12.4044 
16.24535090000063;-5.1516;0.0000;-12.2269 
16.309181200002058;-12.6282;0.0000;-12.7330 
16.357358000001113;-13.3169;0.0000;-14.6847 
16.421195400002034;-16.3252;0.0000;-14.5412 
16.485075500000676;-15.3950;0.0000;-12.8749 
16.533392299999832;-16.7919;0.0000;-13.5897 
16.597087100002682;-17.7288;0.0000;-12.4688 
16.645249299999705;-16.5584;0.0000;-10.1924 
16.709023800001887;-14.7001;0.0000;-4.6894 
16.75738690000071;-11.9414;0.0000;-2.8356 
16.80523240000184;-12.6282;0.0000;8.7280 
16.853526000002603;-0.6711;0.0000;2.7997 
16.917312800000218;-1.7898;0.0000;10.0404 
16.965123300000414;3.1331;0.0000;10.5912 
17.013069799999357;6.2757;0.0000;9.7934 
17.061178600000858;8.7577;0.0000;12.8719 
17.109169700001075;11.0284;0.0000;12.0103 
17.15731190000224;9.8911;0.0000;11.1575 
17.22103060000154;12.8576;0.0000;11.7204 
17.26909330000126;14.0074;0.0000;11.0176 
17.317255300000397;12.8576;0.0000;10.3105 
17.365355000001728;18.4347;0.0000;7.3691 
17.41360480000003;10.3455;0.0000;0.5812 
17.477250500000082;11.9414;0.0000;-2.3834 
17.525130400001217;4.2539;0.0000;-6.6388 
17.573246500000096;1.5660;0.0000;-5.9699 
17.621189200002846;-0.2237;0.0000;-3.8147 
17.68496199999936;-3.8054;0.0000;-6.3230 
17.733096600000863;-2.0136;0.0000;-13.5192 
17.781422899999598;-9.2106;0.0000;-14.8680 
17.84535280000273;-12.6282;0.0000;-15.9540 
17.893588999999338;-18.6707;0.0000;-15.1085 
17.95705799999996;-18.6707;0.0000;-16.4348 
18.0051667000007;-18.6707;0.0000;-14.3193 
18.06931540000005;-22.2524;0.0000;-15.0625 
18.117557000001398;-19.3805;0.0000;-14.0283 
18.181165600002714;-20.3318;0.0000;-13.5050 
18.244958100000076;-16.3252;0.0000;-10.9494 
18.293157600000995;-19.8554;0.0000;-0.0616 
18.34128480000072;-10.1182;0.0000;4.0722 
18.389277599999332;-5.3763;0.0000;7.1692 
18.452967700002773;0.0000;0.0000;14.1436 
18.50107520000165;6.5007;0.0000;12.7878 
18.549366200000804;6.7259;0.0000;14.9941 
18.59748330000002;11.9414;0.0000;14.0045 
18.64530260000174;14.7001;0.0000;17.9260 
18.709108700000797;18.9069;0.0000;18.6471 
18.757201300002635;20.0934;0.0000;19.3920 
18.805060200000298;19.8554;0.0000;17.5835 
18.854667999999947;22.2524;0.0000;15.3446 
18.917090999999346;28.1892;0.0000;13.6131 
18.965154500001518;21.0491;0.0000;4.8112 
19.013051000001724;17.9638;0.0000;5.0619 
19.061120300000766;13.7770;0.0000;-2.6640 
19.10944120000204;12.1702;0.0000;-5.9065 
19.1732402000016;5.8258;0.0000;-2.4944 
19.221213500000886;4.0296;0.0000;-8.5542 
19.269385200001125;0.0000;0.0000;-6.7899 
19.317043499999272;-1.1185;0.0000;-9.1404 
19.381034199999704;-7.1766;0.0000;-16.2953 
19.429219199999352;-10.8006;0.0000;-12.1668 
19.493013999999675;-13.7770;0.0000;-12.5664 
19.54146799999944;-16.5584;0.0000;-15.6854 
19.605013000000326;-16.5584;0.0000;-15.1345 
19.653225800000655;-18.6707;0.0000;-15.4268 
19.717193899999984;-18.9069;0.0000;-16.7319 
19.76521370000046;-21.0491;0.0000;-15.6683 
19.829010900000867;-21.2890;0.0000;-13.9342 
19.877450300002238;-21.5292;0.0000;-14.3914 
19.941320500001893;-18.4347;0.0000;-12.3892 
19.98918709999998;-20.5705;0.0000;-10.5988 
20.053084400002263;-20.8096;0.0000;-12.6990 
20.10129550000056;-21.0491;0.0000;-12.6649 
20.16526850000082;-18.6707;0.0000;-13.9222 
20.213373099999444;-17.2597;0.0000;-12.2187 
20.277148700002726;-24.1998;0.0000;-11.7806 
20.325464900000952;-21.0491;0.0000;-13.2354 
20.389151200000924;-20.8096;0.0000;-12.3652 
20.452973200000997;-21.2890;0.0000;-12.9350 
20.501479099999415;-20.0934;0.0000;-13.0943 
20.565080600001238;-20.8096;0.0000;-12.9599 
20.61324330000207;-20.8096;0.0000;-12.9533 
20.677061599999433;-20.5705;0.0000;-12.7883 
20.725237300001027;-20.0934;0.0000;-13.1221 
20.789017900002364;-21.2890;0.0000;-12.6588 
20.837304700002278;-21.7699;0.0000;-12.5119 
20.901359300001786;-20.5705;0.0000;-13.1148 
20.949285599999712;-20.5705;0.0000;-12.6588 
21.01311010000063;-20.8096;0.0000;-12.5119 
21.061618700001418;-20.5705;0.0000;-13.1009 
21.125486200002342;-21.5292;0.0000;-12.8123 
21.17339990000255;-21.2890;0.0000;-12.3652 
21.23732519999976;-21.0491;0.0000;-12.6649 
21.285250100001576;-20.8096;0.0000;-12.6649 
21.349233600001753;-20.5705;0.0000;-12.5119 
21.412938100002066;-21.2890;0.0000;-12.9470 
21.461025500000687;-20.3318;0.0000;-12.6529 
21.525137300002825;-21.2890;0.0000;-12.7998 
21.57333540000036;-20.8096;0.0000;-12.5008 
21.636932100002014;-20.8096;0.0000;-12.8059 
21.68554750000112;-20.8096;0.0000;-12.6649 
21.749145400000998;-22.0110;0.0000;-12.3828 
21.797298699999374;-21.0491;0.0000;-13.8129 
21.861060800001724;-20.8096;0.0000;-12.9738 
21.909256599999935;-20.8096;0.0000;-13.5452 
21.973070500000176;-22.2524;0.0000;-13.2488 
22.021401000001788;-21.2890;0.0000;-12.5177 
22.085313400002633;-21.2890;0.0000;-13.0943 
22.13342449999982;-21.7699;0.0000;-13.1009 
22.197179900002084;-20.0934;0.0000;-12.9533 
22.261127800000395;-20.8096;0.0000;-13.5687 
22.309165599999687;-21.2890;0.0000;-13.2419 
22.373003000000608;-20.0934;0.0000;-13.3898 
22.421179299999494;-20.5705;0.0000;-12.3892 
22.48516010000094;-20.3318;0.0000;-12.6588 
22.533588400001463;-21.0491;0.0000;-12.6588 
22.597107100002177;-21.0491;0.0000;-12.5119 
22.64521070000046;-20.3318;0.0000;-13.2488 
22.70917670000199;-21.2890;0.0000;-12.6846 
22.757316999999603;-19.6178;0.0000;-12.3652 
22.821080900001107;-19.6178;0.0000;-12.1071 
22.869446400000015;-19.6178;0.0000;-9.6749 
22.933173299999908;-19.8554;0.0000;-10.6621 
22.981309800001327;-17.9638;0.0000;-10.3614 
23.04522640000141;-18.1991;0.0000;-9.2249 
23.093552100002853;-16.7919;0.0000;-10.1983 
23.157113799999934;-16.5584;0.0000;-9.9194 
23.205195300000923;-16.7919;0.0000;-8.2105 
23.253195799999958;-15.1631;0.0000;-7.7814 
23.31735320000007;-15.3950;0.0000;-7.7798 
23.365400400001818;-14.9315;0.0000;-6.9307 
23.42911230000027;-13.0871;0.0000;-7.7747 
23.47715590000007;-15.6271;0.0000;-8.9029 
23.525273300001572;-14.4690;0.0000;-9.8902 
23.589185700002417;-14.7001;0.0000;-8.9040 
23.637227999999595;-14.4690;0.0000;-8.7642 
23.701030200001696;-15.3950;0.0000;-8.7687 
23.74911710000015;-13.5468;0.0000;-8.1950 
23.797754300001543;-14.7001;0.0000;-8.7655 
23.861495400000422;-13.7770;0.0000;-7.9140 
23.909414699999616;-14.2381;0.0000;-7.4903 
23.97305680000136;-14.4690;0.0000;-8.1961 
24.021170100000745;-13.7770;0.0000;-7.2088 
24.069370000001072;-12.8576;0.0000;-5.2334 
24.1331938000003;-12.8576;0.0000;-6.3613 
24.181286800001544;-12.3991;0.0000;-5.5160 
24.2451710000023;-10.1182;0.0000;-5.5155 
24.293561500002397;-11.7129;0.0000;-5.0936 
24.341280700002244;-9.4373;0.0000;-5.3792 
24.405046500000026;-8.7577;0.0000;-7.2127 
24.45306790000177;-9.8911;0.0000;-4.6808 
24.502662099999725;-11.0284;0.0000;-5.5203 
24.565072400000645;-10.5730;0.0000;-7.7748 
24.613255399999616;-10.1182;0.0000;-8.3390 
24.661304700002802;-9.4373;0.0000;-8.9135 
24.725103000000672;-15.1631;0.0000;-4.2489 
24.7733659000005;-11.2564;0.0000;-7.6316 
24.837029300000722;-11.2564;0.0000;-7.0661 
24.885378400002082;-6.9512;0.0000;-7.4937 
24.933201499999996;-11.7129;0.0000;2.3753 
24.997077200001513;-7.6277;0.0000;-5.9434 
25.045764800001052;-8.0793;0.0000;-8.2315 
25.093414200000552;-11.2564;0.0000;-5.6593 
25.157018699999753;-7.6277;0.0000;-8.2137 
25.205014200000733;-13.0871;0.0000;-4.6685 
25.25323130000106;-4.2539;0.0000;-6.6553 
25.30125880000196;-12.1702;0.0000;0.0896 
25.36508010000034;-8.3053;0.0000;-3.6832 
25.413105600000563;-5.8258;0.0000;-7.7235 
25.461574400000245;-11.9414;0.0000;-3.2661 
25.5251829000008;-6.5007;0.0000;-13.2950 
25.573084499999823;-12.8576;0.0000;-4.9573 
25.621260600000824;-7.6277;0.0000;-7.7738 
25.685118100002;-12.1702;0.0000;4.1796 
25.733432000000903;-5.8258;0.0000;-2.9771 
25.781225099999574;2.9091;0.0000;-9.2716 
25.844919499999378;-11.7129;0.0000;-0.4468 
25.893216000000393;-4.7026;0.0000;-7.9216 
25.94116760000179;-11.0284;0.0000;-5.4186 
25.989928999999393;-5.3763;0.0000;-5.3761 
26.05324440000186;-4.0296;0.0000;-11.5481 
26.10116890000063;-14.2381;0.0000;-2.2710 
26.165030500000285;-11.0284;0.0000;-11.1561 
26.213136500002292;-9.8911;0.0000;-9.6049 
26.276988500001607;-12.6282;0.0000;-11.0178 
26.325376900000265;-14.4690;0.0000;-14.6837 
26.38905380000142;-18.4347;0.0000;-12.0108 
26.437103000000207;-16.5584;0.0000;-12.4769 
26.501049300000886;-17.7288;0.0000;-11.1855 
26.54943160000039;-12.6282;0.0000;-8.6336 
26.61307890000171;-17.9638;0.0000;1.9276 
26.66111860000092;-5.1516;0.0000;-1.4248 
26.709117200000037;-8.9841;0.0000;1.0817 
26.757267400000273;-5.8258;0.0000;2.0536 
26.80543200000102;-7.4021;0.0000;-0.4906 
26.868996700002754;-5.1516;0.0000;-5.6904 
26.917072899999766;-6.5007;0.0000;-8.5136 
26.965233500002796;-7.6277;0.0000;-13.2910 
27.029188300002716;-12.1702;0.0000;-15.3952 
27.077352399999654;-17.2597;0.0000;-12.1504 
27.14112329999989;-16.7919;0.0000;-12.3108 
27.189112000000023;-14.7001;0.0000;-8.9097 
27.253061600000365;-14.7001;0.0000;-7.3488 
27.30111360000228;-14.7001;0.0000;-6.5139 
27.34954959999959;-11.7129;0.0000;-5.0929 
27.413234999999986;-10.3455;0.0000;-2.1316 
27.46113880000121;-6.7259;0.0000;-3.9726 
27.50939030000154;-7.8535;0.0000;0.9474 
27.573049000002356;-5.8258;0.0000;-2.2832 
27.62098270000206;-5.3763;0.0000;1.3157 
27.669276900000114;-4.0296;0.0000;-1.4593 
27.717000600001484;-2.2374;0.0000;0.2922 
27.765479000001505;-2.4613;0.0000;0.3528 
27.828995700001542;-2.6852;0.0000;0.8698 
27.8769257999993;-0.4474;0.0000;2.4145 
27.92509720000089;1.1185;0.0000;1.8537 
27.97298840000076;0.4474;0.0000;3.0960 
28.021032900000137;2.4613;0.0000;3.7778 
28.069073300001037;2.9091;0.0000;4.0533 
28.11714220000067;2.9091;0.0000;5.7206 
28.165117000000464;5.3763;0.0000;5.5679 
28.213284400000703;5.3763;0.0000;5.1625 
28.26105920000191;6.9512;0.0000;7.3759 
28.30900610000026;7.8535;0.0000;6.1264 
28.35749670000223;8.0793;0.0000;9.0514 
28.405180000001565;9.6641;0.0000;9.4745 
28.453146200001356;11.0284;0.0000;10.3155 
28.50117070000124;13.3169;0.0000;12.1433 
28.565294399999402;14.0074;0.0000;11.8624 
28.613319399999455;14.9315;0.0000;11.1606 
28.661964999999327;15.1631;0.0000;11.5932 
28.709453499999654;16.3252;0.0000;12.1553 
28.773073200001818;16.3252;0.0000;11.4484 
28.821124699999928;14.4690;0.0000;9.8953 
28.86940239999967;16.5584;0.0000;7.5127 
28.917102300001716;14.7001;0.0000;3.9817 
28.965221700000257;11.4846;0.0000;3.9634 
29.013236900002084;10.5730;0.0000;1.4246 
29.06130860000121;6.2757;0.0000;0.8928 
29.125010899999324;11.2564;0.0000;0.1647 
29.173100600000907;5.6010;0.0000;-0.3557 
29.22102090000044;4.2539;0.0000;-0.2306 
29.269059000002017;2.4613;0.0000;-0.7788 
29.317246800001158;1.5660;0.0000;-1.1519 
29.365263499999855;3.1331;0.0000;-6.7933 
29.413348199999746;-1.1185;0.0000;-3.6938 
29.47704920000251;-2.6852;0.0000;-6.5823 
29.525425600000744;-4.7026;0.0000;-7.0086 
29.573184200002288;-6.9512;0.0000;-8.6546 
29.621513400001277;-7.6277;0.0000;-10.1966 
29.685284300001513;-11.7129;0.0000;-11.8658 
29.74888860000283;-12.1702;0.0000;-12.9902 
29.797191000001476;-14.7001;0.0000;-11.4383 
29.861151000000973;-16.0922;0.0000;-11.8698 
29.90911530000085;-16.5584;0.0000;-11.3016 
29.97302359999958;-19.1435;0.0000;-13.2952 
30.021077699999296;-17.9638;0.0000;-13.0190 
30.085039000001416;-15.8595;0.0000;-13.9060 
30.13329530000192;-18.4347;0.0000;-13.5933 
30.197053300002153;-23.9548;0.0000;-14.0816 
30.24528260000079;-20.8096;0.0000;-16.5388 
30.30905370000255;-22.7366;0.0000;-16.1788 
30.357321900002717;-23.7103;0.0000;-15.4280 
30.421088000002783;-24.9377;0.0000;-17.3101 
30.46966280000197;-24.6912;0.0000;-16.7788 
30.53308240000115;-26.4269;0.0000;-17.1797 
30.596930600000633;-25.4320;0.0000;-16.5448 
30.645346100001916;-26.6770;0.0000;-16.8022 
30.70899830000053;-26.1774;0.0000;-15.9806 
30.75736329999927;-27.1787;0.0000;-16.0851 
30.820967600000586;-25.1846;0.0000;-15.6861 
30.869297000001097;-24.4453;0.0000;-13.6432 
30.932965600000898;-23.2226;0.0000;-13.9468 
30.981165100001817;-25.1846;0.0000;-11.1794 
31.04497210000045;-22.2524;0.0000;-11.3763 
31.093190600000526;-20.3318;0.0000;-8.7288 
31.157256400001643;-20.3318;0.0000;-6.7131 
31.205382399999507;-17.4941;0.0000;-7.3996 
31.253084500000114;-14.9315;0.0000;-3.8267 
31.317214000002423;-13.5468;0.0000;-1.5682 
31.365266799999517;-9.4373;0.0000;1.3837 
31.41316740000184;-5.3763;0.0000;0.6829 
31.461368100000982;-3.3572;0.0000;4.2743 
31.509265500000765;-2.9091;0.0000;4.1333 
31.572873299999628;0.4474;0.0000;4.2412 
31.620992000000115;-1.7898;0.0000;5.5240 
31.66903950000051;2.6852;0.0000;6.0578 
31.716986800001905;4.4782;0.0000;6.7201 
31.764989300001616;5.6010;0.0000;8.6678 
31.813043500002095;8.0793;0.0000;10.4764 
31.861279700002342;9.2106;0.0000;9.8948 
31.90948280000157;9.8911;0.0000;7.6477 
31.95735600000262;10.1182;0.0000;7.0674 
32.00533130000258;10.8006;0.0000;2.9954 
32.053188100002444;8.7577;0.0000;-0.1092 
32.10124569999971;4.2539;0.0000;-0.0791 
32.14932950000002;3.8054;0.0000;-2.7504 
32.19728759999998;2.4613;0.0000;-2.8734 
32.26094039999953;1.3422;0.0000;-4.1036 
32.30904390000069;-1.7898;0.0000;-8.0390 
32.35723390000203;-5.1516;0.0000;-5.6112 
32.405219000000216;-6.5007;0.0000;-10.2367 
32.46938610000143;-9.6641;0.0000;-10.6077 
32.51728340000045;-10.8006;0.0000;-13.9770 
32.58105170000272;-12.3991;0.0000;-15.3873 
32.62927910000144;-15.6271;0.0000;-13.7018 
32.69311600000219;-16.5584;0.0000;-13.5622 
32.74127430000226;-18.4347;0.0000;-13.8791 
32.80504540000038;-19.3805;0.0000;-11.9009 
32.853123900000355;-17.7288;0.0000;-14.3397 
32.91738869999972;-20.0934;0.0000;-13.4685 
32.98097350000171;-20.8096;0.0000;-14.3453 
33.02911909999966;-21.5292;0.0000;-14.7684 
33.09296720000202;-22.0110;0.0000;-15.0966 
33.141094200000225;-22.0110;0.0000;-15.1201 
33.20536110000103;-23.9548;0.0000;-16.1332 
33.25315200000114;-24.1998;0.0000;-14.5909 
33.3171336000014;-23.2226;0.0000;-14.1412 
33.365153500002634;-21.0491;0.0000;-12.6259 
33.429134500001965;-23.2226;0.0000;-10.5557 
33.477164800002356;-20.3318;0.0000;-9.7526 
33.541015500002686;-18.4347;0.0000;-7.9483 
33.589448200000334;-16.3252;0.0000;-5.4251 
33.63734060000206;-14.2381;0.0000;-4.2510 
33.701164199999766;-13.7770;0.0000;-0.3034 
33.749262200002704;-7.8535;0.0000;-0.3072 
33.79736380000031;-6.7259;0.0000;5.0283 
33.8454077000024;-2.4613;0.0000;1.3564 
33.908968300002016;-0.4474;0.0000;5.8060 
33.956998400000884;0.0000;0.0000;6.9276 
34.005024300000514;1.5660;0.0000;5.7490 
34.05396549999932;5.3763;0.0000;7.0086 
34.10096479999993;7.1766;0.0000;7.4100 
34.14903670000058;6.7259;0.0000;10.0601 
34.19705050000266;8.9841;0.0000;9.5009 
34.24516200000289;11.0284;0.0000;9.6127 
34.292940200000885;14.0074;0.0000;7.9179 
34.34121140000207;11.2564;0.0000;7.7740 
34.38920780000262;11.0284;0.0000;7.2075 
34.43717359999937;10.8006;0.0000;8.4764 
34.500951600002736;10.8006;0.0000;7.6347 
34.54896030000236;12.1702;0.0000;8.3354 
34.59723120000126;11.4846;0.0000;6.9252 
34.64530720000039;14.9315;0.0000;3.1190 
34.693487300002744;2.4613;0.0000;0.4377 
34.741358700001;6.2757;0.0000;1.4266 
34.78927330000079;1.5660;0.0000;-4.2743 
34.85280590000184;5.1516;0.0000;-4.6942 
34.9011774999999;-4.9271;0.0000;-2.0113 
34.949137400002655;-1.7898;0.0000;-4.0799 
34.997575600002165;-1.5660;0.0000;-6.1921 
35.06102640000245;-3.8054;0.0000;-8.2533 
35.109089600002335;-3.8054;0.0000;-10.0838 
35.15750620000108;-9.6641;0.0000;-12.7352 
35.22111880000011;-13.3169;0.0000;-10.1706 
35.269167400001606;-13.5468;0.0000;-16.2351 
35.33307930000228;-13.5468;0.0000;-12.5667 
35.38139059999958;-17.2597;0.0000;-12.7369 
35.44511710000006;-18.1991;0.0000;-13.3076 
35.493201500001305;-14.7001;0.0000;-8.9156 
35.55717000000004;-16.3252;0.0000;-1.1451 
35.60517710000204;-15.3950;0.0000;-0.8841 
35.653198500000144;-9.2106;0.0000;4.2869 
35.7170025000014;-1.7898;0.0000;1.6714 
35.76499550000153;-2.9091;0.0000;1.8368 
35.81314449999991;-5.6010;0.0000;-1.6188 
35.861358800000744;-4.4782;0.0000;-1.4618 
35.92490120000002;-4.9271;0.0000;-5.6714 
35.973027800002455;-1.1185;0.0000;-2.6208 
36.02109900000141;-3.3572;0.0000;-0.2618 
36.06918470000164;-4.4782;0.0000;-0.2486 
36.13294540000061;-5.1516;0.0000;-1.4987 
36.18119460000162;-3.3572;0.0000;27.3970 
36.22911430000022;-2.0136;0.0000;-1.9281 
36.2772487000002;2.6852;0.0000;0.9670 
36.32524299999932;1.3422;0.0000;4.7885 
36.37337480000133;0.0000;0.0000;-2.8939 
36.42148780000207;1.1185;0.0000;-0.1377 
36.46938090000185;2.0136;0.0000;0.4130 
36.53309260000242;0.2237;0.0000;-0.5506 
36.581027500000346;-0.2237;0.0000;0.2787 
36.629060900002514;0.4474;0.0000;0.1410 
36.676936700001534;0.0000;0.0000;0.4163 
36.72505490000185;0.0000;0.0000;0.0000 
36.77298789999986;0.0000;0.0000;0.0000 
36.82113820000086;-0.2237;0.0000;-0.1377 
36.869095100002596;0.2237;0.0000;0.0000 
36.917040300002554;0.2237;0.0000;0.1377 
36.965353999999934;0.0000;0.0000;0.4163 
37.01307640000232;-0.2237;0.0000;-0.2753 
37.06130739999935;-0.2237;0.0000;0.2753 
37.10938739999983;0.0000;0.0000;0.0000 
37.15749730000243;0.0000;0.0000;0.0000 
37.20524690000093;0.0000;0.0000;0.1410 
37.253339900002175;0.0000;0.0000;0.1377 
37.30139190000045;0.0000;0.0000;0.0000 
37.349188300002425;0.0000;0.0000;0.0000 
37.397490300001664;0.0000;0.0000;0.0000 
37.445382800000516;0.0000;0.0000;0.2753 
37.49324610000258;0.0000;0.0000;0.0000 
37.54115620000084;0.0000;0.0000;0.0000 
37.60497530000066;-0.4474;0.0000;0.0000 
37.653154900002846;0.0000;0.0000;0.0034 
37.70098820000203;0.2237;0.0000;0.1377 
37.74908119999964;0.0000;0.0000;0.0000 
37.797186700001475;0.2237;0.0000;0.4130 
37.845121900001686;0.2237;0.0000;0.1377 
37.893913100000645;-0.2237;0.0000;0.2787 
37.94108380000034;0.2237;0.0000;0.0000 
37.98907460000191;0.2237;0.0000;0.1377 
38.037258800002746;-0.2237;0.0000;0.1377 
38.08506470000066;0.2237;0.0000;0.1377 
38.13306150000062;0.0000;0.0000;0.4130 
38.18101970000134;0.2237;0.0000;0.1377 
38.22902050000266;0.2237;0.0000;0.0000 
38.27718370000002;-0.2237;0.0000;0.0000 
38.32522450000033;0.2237;0.0000;-0.1377 
38.37316210000063;0.0000;0.0000;0.2753 
38.42119559999992;-0.2237;0.0000;0.2753 
38.46920020000107;-0.2237;0.0000;0.0000 
38.517524500002764;0.4474;0.0000;0.0000 
38.565570700000535;0.4474;0.0000;0.0000 
38.61323180000181;0.2237;0.0000;0.0000 
38.66119190000245;0.0000;0.0000;0.2753 
38.72494910000023;0.0000;0.0000;0.0000 
38.77294940000138;0.0000;0.0000;-0.1377 
38.820944099999906;0.2237;0.0000;0.1377 
38.86901040000157;-0.2237;0.0000;0.1377 
38.91700800000035;0.0000;0.0000;0.0000 
38.9650959999999;0.0000;0.0000;0.0000 
39.01306530000147;0.2237;0.0000;-0.1377 
39.061018300002615;0.2237;0.0000;0.1377 
39.10917999999947;0.0000;0.0000;0.1377 
39.1571154000012;0.0000;0.0000;0.0000 
39.20514860000185;0.2237;0.0000;0.1377 
39.25326580000183;0.2237;0.0000;0.0000 
39.301250399999844;0.0000;0.0000;0.1377 
39.34910730000047;0.0000;0.0000;0.2753 
39.397095700001955;-0.2237;0.0000;0.4163 
39.44611150000128;0.0000;0.0000;0.1377 
39.49313339999935;0.0000;0.0000;0.1377 
39.541215200002625;-0.2237;0.0000;0.0000 
39.58910830000241;0.0000;0.0000;0.1410 
39.637149500002124;0.2237;0.0000;0.0000 
39.68514760000107;0.2237;0.0000;0.1377 
39.733145800000784;0.0000;0.0000;0.0000 
39.781185700001515;0.2237;0.0000;0.1377 
39.829220800002076;0.2237;0.0000;0.0000 
39.87750159999996;0.0000;0.0000;-0.1377 
39.92531290000261;0.0000;0.0000;0.1377 
39.989717200001905;0.2237;0.0000;-0.1377 
40.036882100001094;0.0000;0.0000;0.1410 
40.08504470000116;0.2237;0.0000;0.2753 
40.133013099999516;0.4474;0.0000;0.0000 
40.18098680000185;0.0000;0.0000;-0.1377 
40.22911400000157;-0.2237;0.0000;-0.1377 
40.27712770000289;0.0000;0.0000;-0.2753 
40.325358199999755;-0.4474;0.0000;0.2753 
40.37329909999971;0.2237;0.0000;0.2753 
40.42115650000051;0.4474;0.0000;0.0000 
40.469147100000555;0.2237;0.0000;0.1377 
40.517231699999684;0.2237;0.0000;0.0000 
40.56519119999939;0.0000;0.0000;0.0000 
40.61325919999945;0.2237;0.0000;0.2753 
40.66117160000067;0.2237;0.0000;0.0000 
40.72487820000242;-0.2237;0.0000;-0.2753 
40.772905800000444;-0.2237;0.0000;0.2753 
40.82087330000286;0.0000;0.0000;0.0000 
40.868946000002325;0.0000;0.0000;0.1410 
40.91695980000077;0.2237;0.0000;0.2787 
40.965063999999984;0.2237;0.0000;0.0000 
41.01314600000114;-0.2237;0.0000;0.2753 
41.06124060000002;-0.2237;0.0000;0.1377 
41.10908890000064;-0.2237;0.0000;0.1377 
41.15726370000266;0.2237;0.0000;0.1377 
41.20520580000084;0.2237;0.0000;0.1377 
41.25331340000048;0.4474;0.0000;-0.1377 
41.30112780000127;0.0000;0.0000;0.0000 
41.34915710000132;0.4474;0.0000;0.0034 
41.397222300001886;-0.2237;0.0000;0.1377 
41.46107140000095;0.2237;0.0000;-0.1377 
41.509065800000826;0.8948;0.0000;0.1377 
41.55699989999994;-0.2237;0.0000;0.2753 
41.60505710000143;0.0000;0.0000;-0.2753 
41.65309400000115;0.2237;0.0000;0.0000 
41.70110570000179;0.0000;0.0000;0.1377 
41.7492353000016;0.0000;0.0000;0.0000 
41.797384699999384;-0.2237;0.0000;0.1377 
41.84513490000245;0.0000;0.0000;0.0000 
41.89335879999999;0.6711;0.0000;0.0000 
41.941152900002635;0.0000;0.0000;0.0000 
41.98930820000169;0.2237;0.0000;0.0000 
42.0372105000024;0.2237;0.0000;-0.1377 
42.085486500000115;0.2237;0.0000;-0.1377 
42.133089999999356;0.2237;0.0000;0.0034 
42.19694979999986;0.2237;0.0000;0.2753 
42.24494440000126;-0.2237;0.0000;0.1377 
42.29285350000282;0.2237;0.0000;-0.1377 
42.34087709999949;0.0000;0.0000;0.0000 
42.38885140000275;0.2237;0.0000;0.1377 
42.43691960000069;0.2237;0.0000;0.1410 
42.48487130000285;0.2237;0.0000;0.0000 
42.53294140000071;0.2237;0.0000;0.0000 
42.58097450000059;0.4474;0.0000;0.2753 
42.62908310000057;0.0000;0.0000;0.0000 
42.67692050000187;0.0000;0.0000;0.0000 
42.72501570000168;-0.2237;0.0000;0.1410 
42.77318080000259;0.2237;0.0000;0.0000 
42.82107420000102;0.2237;0.0000;0.0000 
42.86910110000099;-0.2237;0.0000;0.0034 
42.91705070000171;0.2237;0.0000;-0.1377 
42.965033200001926;0.0000;0.0000;0.0000 
43.013150900002074;0.0000;0.0000;-0.1377 
43.076859500000865;-0.2237;0.0000;0.2753 
43.12494940000033;0.2237;0.0000;0.0000 
43.172933300000295;0.4474;0.0000;0.2787 
43.22100900000078;0.0000;0.0000;0.0000 
43.26903370000218;0.2237;0.0000;-0.2753 
43.3171304000025;0.0000;0.0000;0.1410 
43.36496850000185;0.2237;0.0000;0.1410 
43.412989300002664;0.2237;0.0000;0.1377 
43.461038200002804;-0.2237;0.0000;0.0000 
43.50921860000017;-0.4474;0.0000;0.2787 
43.55708120000054;0.0000;0.0000;0.0000 
43.605041700000584;0.2237;0.0000;0.0000 
43.65301180000097;-0.2237;0.0000;0.0000 
43.70139250000284;0.0000;0.0000;0.0000 
43.74928590000127;0.4474;0.0000;0.0000 
43.79711280000265;0.2237;0.0000;0.0000 
43.845272000002296;0.0000;0.0000;0.2787 
43.893208600002254;0.6711;0.0000;0.2787 
43.941098900002544;0.0000;0.0000;0.1377 
43.9891755000026;0.0000;0.0000;0.0000 
44.03732030000174;0.0000;0.0000;0.0000 
44.08535309999934;0.2237;0.0000;-0.1377 
44.13328499999989;0.0000;0.0000;0.0000 
44.181134099999326;0.2237;0.0000;0.1410 
44.229306400000496;0.2237;0.0000;0.1377 
44.27714050000213;0.0000;0.0000;0.0000 
44.32544720000078;0.0000;0.0000;0.1377 
44.37350979999974;0.2237;0.0000;0.1377 
44.42145810000147;0.2237;0.0000;0.0000 
44.46912069999962;0.0000;0.0000;0.1377 
44.51719460000095;-0.2237;0.0000;0.1377 
44.58109090000289;-0.2237;0.0000;0.0000 
44.62902160000158;0.2237;0.0000;0.0000 
44.67705539999952;0.0000;0.0000;0.1410 
44.72498240000277;0.2237;0.0000;0.1377 
44.772933000000194;0.0000;0.0000;0.1377 
44.821064800002205;0.2237;0.0000;0.0000 
44.86897780000072;0.0000;0.0000;0.1377 
44.9170535000012;0.0000;0.0000;0.1377 
44.965020300001925;0.6711;0.0000;0.1377 
45.01303870000265;0.4474;0.0000;0.2787 
45.0615527000009;0.0000;0.0000;-0.1377 
45.10949480000272;0.0000;0.0000;0.0000 
45.157241100001556;0.4474;0.0000;0.0000 
45.20510000000286;0.0000;0.0000;0.1377 
45.25299690000247;-0.4474;0.0000;-0.1377 
45.30114010000034;0.0000;0.0000;0.0000 
45.349106000001484;0.2237;0.0000;0.1377 
45.39775030000237;0.2237;0.0000;0.0000 
45.44511480000074;0.0000;0.0000;0.0000 
45.493451000002096;0.2237;0.0000;0.1410 
45.54131530000086;0.0000;0.0000;0.1410 
45.589248600001156;0.0000;0.0000;-0.2753 
45.65303219999987;0.0000;0.0000;-0.1377 
45.70098570000118;0.2237;0.0000;-0.1377 
45.749350800000684;0.4474;0.0000;-0.1377 
45.79718800000046;0.0000;0.0000;0.4163 
45.84507440000016;0.2237;0.0000;0.0000 
45.89318180000191;0.2237;0.0000;0.0000 
45.941281499999604;0.0000;0.0000;0.1410 
45.98923950000244;0.0000;0.0000;0.1377 
46.03700170000229;-0.2237;0.0000;0.2787 
46.08504340000218;0.0000;0.0000;0.1377 
46.13324780000039;0.2237;0.0000;0.1377 
46.181043300002784;0.0000;0.0000;0.2787 
46.22906359999979;0.0000;0.0000;0.0000 
46.27743900000132;0.4474;0.0000;0.0000 
46.32521180000185;0.0000;0.0000;-0.1377 
46.37327530000039;0.2237;0.0000;0.0000 
46.42110510000202;0.0000;0.0000;0.1410 
46.4693800999994;0.2237;0.0000;0.2753 
46.51718790000086;0.2237;0.0000;-0.4130 
46.5653063000027;0.2237;0.0000;0.0000 
46.61324750000131;0.0000;0.0000;0.1377 
46.66131099999984;0.0000;0.0000;0.2787 
46.709271499999886;0.4474;0.0000;0.1377 
46.757157399999414;-0.2237;0.0000;0.1377 
46.82086429999981;0.0000;0.0000;0.0000 
46.868978000002244;0.2237;0.0000;0.0034 
46.91693440000017;-0.2237;0.0000;0.1410 
46.965006900001754;-0.2237;0.0000;0.0000 
47.012996600002225;0.0000;0.0000;0.0034 
47.06134490000113;0.0000;0.0000;0.0000 
47.10909420000098;0.0000;0.0000;0.1377 
47.157490400000825;0.0000;0.0000;0.0000 
47.205059200001415;0.0000;0.0000;0.2787 
47.252908400001616;0.2237;0.0000;0.1410 
47.30112089999966;0.0000;0.0000;0.1377 
47.349149900001066;0.0000;0.0000;-0.1377 
47.39706510000178;0.0000;0.0000;0.0000 
47.44517260000066;-0.2237;0.0000;0.1377 
47.493184900002234;0.2237;0.0000;0.1377 
47.54126499999984;0.0000;0.0000;0.0000 
47.58945880000101;-0.2237;0.0000;0.1410 
47.63723630000095;0.2237;0.0000;0.1377 
47.70094000000245;0.0000;0.0000;-0.4130 
47.74921240000185;0.0000;0.0000;0.0000 
47.797013700001116;-0.2237;0.0000;-0.1377 
47.84507280000253;0.0000;0.0000;0.0000 
47.893048400001135;0.2237;0.0000;0.1410 
47.94122410000273;0.2237;0.0000;0.0034 
47.989227900001424;-0.2237;0.0000;0.1377 
48.037147600000026;0.2237;0.0000;0.0000 
48.08505620000142;0.2237;0.0000;0.2787 
48.13310850000198;0.2237;0.0000;0.1377 
48.18123050000213;0.0000;0.0000;0.0000 
48.2291910999993;-0.2237;0.0000;0.1377 
48.27716110000256;0.2237;0.0000;-0.1377 
48.34092170000076;-0.2237;0.0000;0.0000 
48.38892830000259;0.2237;0.0000;0.0000 
48.43692899999951;0.0000;0.0000;0.1377 
48.48512340000161;-0.2237;0.0000;-0.1377 
48.53321649999998;0.0000;0.0000;0.0000 
48.581267199999274;-0.2237;0.0000;0.1410 
48.62905189999947;-0.2237;0.0000;0.0000 
48.677262600001995;0.0000;0.0000;-0.2753 
48.72531850000087;0.2237;0.0000;0.2787 
48.77335700000185;0.0000;0.0000;0.1377 
48.821163500000694;0.0000;0.0000;0.1377 
48.86925540000084;0.4474;0.0000;0.0000 
48.91720569999961;0.0000;0.0000;0.0000 
48.96519800000169;0.2237;0.0000;0.1377 
49.013174400002754;0.0000;0.0000;0.0000 
49.06118419999984;0.4474;0.0000;-0.1377 
49.10932650000177;0.2237;0.0000;0.1377 
49.15723260000232;0.0000;0.0000;0.0000 
49.20609390000027;0.0000;0.0000;0.1377 
49.26899609999964;0.2237;0.0000;-0.1377 
49.31711010000072;0.2237;0.0000;0.2787 
49.36498630000278;0.0000;0.0000;-0.1377 
49.412997900002665;0.2237;0.0000;0.1377 
49.460994400000345;0.0000;0.0000;0.1377 
49.50902660000065;0.2237;0.0000;-0.1377 
49.55698040000061;0.0000;0.0000;0.0000 
49.605000100000325;0.0000;0.0000;0.0000 
49.65316800000073;0.0000;0.0000;0.1377 
49.701165200000105;-0.2237;0.0000;0.2787 
49.74983129999964;0.0000;0.0000;0.0000 
49.79726180000216;0.2237;0.0000;0.1377 
49.84511030000067;0.4474;0.0000;0.0000 
49.893163799999456;0.0000;0.0000;0.2787 
49.9412321000018;0.0000;0.0000;0.0000 
49.989118500001496;0.2237;0.0000;0.2787 
50.03700110000136;0.0000;0.0000;0.1410 
50.0852967000028;0.0000;0.0000;-0.1377 
50.133250700000644;0.2237;0.0000;0.0000 
50.18163529999947;-0.2237;0.0000;0.2753 
50.22916290000285;0.4474;0.0000;0.1377 
50.27732770000148;0.2237;0.0000;0.1410 
50.34095140000136;0.0000;0.0000;-0.1377 
50.38898980000158;0.0000;0.0000;-0.1377 
50.43695490000027;-0.2237;0.0000;0.0000 
50.48494230000142;0.0000;0.0000;0.0000 
50.533396800001356;0.0000;0.0000;0.0034 
50.58121949999986;0.2237;0.0000;0.1377 
50.629182200002106;0.0000;0.0000;0.2753 
50.67724360000284;0.0000;0.0000;0.0000 
50.725252200001705;0.2237;0.0000;0.1377 
50.77309840000089;0.4474;0.0000;0.1410 
50.82108440000229;-0.2237;0.0000;0.0034 
50.869147299999895;0.2237;0.0000;0.0000 
50.917205800000374;0.0000;0.0000;0.1377 
50.96512200000143;0.0000;0.0000;0.1377 
51.01317480000216;0.2237;0.0000;0.0000 
51.06147410000267;-0.2237;0.0000;0.0000 
51.1092607999999;0.0000;0.0000;0.0000 
51.15728189999936;0.2237;0.0000;0.0000 
51.205432000002475;0.2237;0.0000;0.1377 
51.25332270000217;-0.2237;0.0000;0.0034 
51.31694340000104;0.2237;0.0000;0.0000 
51.36513950000153;0.0000;0.0000;-0.1377 
51.412928900001134;0.0000;0.0000;0.1410 
51.46105920000264;-0.2237;0.0000;-0.2753 
51.509062600001926;0.2237;0.0000;0.0000 
51.55691520000255;-0.4474;0.0000;0.0000 
51.604994799999986;0.2237;0.0000;0.1377 
51.65289780000239;0.2237;0.0000;0.0000 
51.70089530000041;0.0000;0.0000;0.0000 
51.748916100001225;0.2237;0.0000;0.0000 
51.79687080000076;0.0000;0.0000;0.1410 
51.8450264000021;0.0000;0.0000;-0.1377 
51.893060700000206;0.0000;0.0000;0.1377 
51.94093290000092;0.2237;0.0000;0.1410 
51.989019100001315;0.2237;0.0000;0.4130 
52.03705700000137;0.0000;0.0000;-0.1377 
52.10111280000274;-0.2237;0.0000;0.2753 
52.14898639999956;0.2237;0.0000;-0.1377 
52.19697820000147;0.0000;0.0000;0.0000 
52.2449873000005;0.2237;0.0000;0.0000 
52.29304530000081;-0.2237;0.0000;0.0000 
52.34100849999959;0.4474;0.0000;0.0000 
52.38903770000252;0.0000;0.0000;0.1377 
52.43706270000257;0.0000;0.0000;0.2753 
52.48516860000018;0.0000;0.0000;0.0000 
52.53304930000013;-0.2237;0.0000;0.0000 
52.581388000002335;0.0000;0.0000;0.0000 
52.62918720000016;-0.2237;0.0000;0.0000 
52.677195200001734;0.0000;0.0000;0.0000 
52.72509859999991;-0.2237;0.0000;0.1377 
52.78910470000119;0.2237;0.0000;-0.1377 
52.83691440000257;0.0000;0.0000;0.0000 
52.885276500001055;0.2237;0.0000;-0.1377 
52.93306239999947;0.2237;0.0000;0.0000 
52.9809634000012;0.0000;0.0000;0.1410 
53.02896239999973;-0.2237;0.0000;0.1377 
53.07718250000107;-0.2237;0.0000;0.2753 
53.12515320000239;0.0000;0.0000;0.1377 
53.184053299999505;0.0000;0.0000;0.1410 
53.221289900000556;0.0000;0.0000;0.1377 
53.26909620000151;-0.2237;0.0000;0.2787 
53.31719290000183;-0.2237;0.0000;0.0000 
53.364934000001085;0.0000;0.0000;0.1377 
53.41323850000117;0.2237;0.0000;0.0000 
53.461221900000965;0.2237;0.0000;-0.1377 
53.508979199999885;0.4474;0.0000;0.1377 
53.57283830000233;-0.2237;0.0000;0.0000 
53.62084980000145;0.2237;0.0000;0.2753 
53.66888570000083;0.2237;0.0000;0.0000 
53.71692389999953;0.0000;0.0000;0.1377 
53.76502360000086;0.0000;0.0000;0.0000 
53.813002900002175;0.0000;0.0000;0.0000 
53.86096290000205;0.0000;0.0000;0.0000 
53.90929390000019;0.0000;0.0000;0.0000 
53.95690310000282;0.0000;0.0000;0.1377 
54.00512940000044;0.0000;0.0000;0.0000 
54.052934400002414;0.0000;0.0000;0.1377 
54.10097719999976;0.0000;0.0000;-0.1377 
54.148985300002096;0.2237;0.0000;0.1377 
54.19705769999928;-0.2237;0.0000;-0.1377 
54.24505710000085;0.0000;0.0000;0.0034 
54.29320260000168;0.2237;0.0000;-0.1377 
54.34116980000181;-0.2237;0.0000;0.0000 
54.38953980000224;0.0000;0.0000;0.1377 
54.437225699999544;0.0000;0.0000;0.0000 
54.502385499999946;-0.2237;0.0000;0.0000 
54.54897780000101;0.0000;0.0000;0.2753 
54.596915300000546;0.2237;0.0000;0.0000 
54.64524110000275;0.0000;0.0000;0.1377 
54.69328980000137;0.0000;0.0000;0.0034 
54.7411331000003;0.2237;0.0000;0.1410 
54.78901369999949;0.0000;0.0000;0.1377 
54.83708219999971;-0.2237;0.0000;-0.1377 
54.88493440000093;-0.2237;0.0000;0.0000 
54.93365529999937;0.2237;0.0000;0.1377 
54.98130310000124;-0.2237;0.0000;0.1377 
55.029001200000494;0.0000;0.0000;0.1410 
55.077477500002715;0.0000;0.0000;0.0000 
55.12512540000171;0.2237;0.0000;0.2753 
55.17339870000069;0.0000;0.0000;-0.1377 
55.2368232000008;0.2237;0.0000;-0.2753 
55.28490679999959;0.2237;0.0000;0.0000 
55.33303760000126;0.0000;0.0000;0.2787 
55.38088070000231;0.0000;0.0000;0.4163 
55.42915460000222;0.4474;0.0000;0.1377 
55.47716090000176;0.0000;0.0000;-0.1377 
55.52526399999988;0.0000;0.0000;0.1377 
55.573196299999836;0.0000;0.0000;0.0000 
55.62095920000138;0.2237;0.0000;0.1377 
55.66895160000058;0.2237;0.0000;-0.1377 
55.71704270000191;-0.2237;0.0000;0.0000 
55.76505570000154;0.0000;0.0000;0.2753 
55.81316710000101;-0.2237;0.0000;0.1377 
55.86124270000073;0.0000;0.0000;0.2753 
55.909122600001865;0.0000;0.0000;0.1377 
55.957469500001025;0.0000;0.0000;0.0000 
56.005186200000026;0.0000;0.0000;0.0000 
56.05314830000134;0.0000;0.0000;0.1377 
56.10133380000116;-0.2237;0.0000;-0.1377 
56.16496980000011;0.2237;0.0000;-0.1377 
56.21315780000077;0.0000;0.0000;0.0000 
56.26088180000079;0.0000;0.0000;0.0000 
56.309175099999266;0.0000;0.0000;0.1377 
56.35701170000175;-0.2237;0.0000;0.0000 
56.40531650000048;0.0000;0.0000;-0.1377 
56.45290620000014;0.0000;0.0000;0.0000 
56.50122900000133;0.2237;0.0000;0.1377 
56.549108800001704;-0.2237;0.0000;0.1377 
56.59706500000175;0.0000;0.0000;0.0000 
56.64606030000141;0.0000;0.0000;0.1377 
56.69307590000244;0.2237;0.0000;0.1377 
56.7411185000019;-0.2237;0.0000;0.1377 
56.78923880000002;0.0000;0.0000;0.0000 
56.83712580000065;0.0000;0.0000;0.2787 
56.88516140000138;0.0000;0.0000;0.1377 
56.94888830000127;-0.2237;0.0000;-0.1377 
56.99695640000209;-0.2237;0.0000;0.0000 
57.04501520000122;0.2237;0.0000;0.0000 
57.093009000000166;0.0000;0.0000;0.1377 
57.140979400002834;0.0000;0.0000;0.1377 
57.1891899000002;0.0000;0.0000;0.0000 
57.23714330000075;0.0000;0.0000;0.1377 
57.285173700001906;0.2237;0.0000;0.0000 
57.3330343000016;0.0000;0.0000;0.0000 
57.3813126999994;0.0000;0.0000;0.0000 
57.428962000001775;0.0000;0.0000;0.1377 
57.47715320000134;0.0000;0.0000;0.1377 
57.52518860000055;0.0000;0.0000;0.0000 
57.57303569999931;0.0000;0.0000;-0.1377 
57.62103940000088;0.2237;0.0000;0.1377 
57.669006300002366;0.0000;0.0000;-0.2753 
57.717047100002674;0.0000;0.0000;0.0000 
57.76538110000183;-0.2237;0.0000;0.1410 
57.81311410000126;0.2237;0.0000;0.2787 
57.86109260000012;0.2237;0.0000;0.1377 
57.90930880000087;0.0000;0.0000;0.0000 
57.95742880000034;0.0000;0.0000;0.1410 
58.00520780000079;0.0000;0.0000;-0.1377 
58.06886730000042;0.0000;0.0000;-0.5506 
58.116933000001154;0.2237;0.0000;0.2787 
58.16509190000215;0.0000;0.0000;0.1410 
58.21337770000173;0.2237;0.0000;0.1377 
58.261041300000215;0.0000;0.0000;0.1377 
58.30889759999991;0.0000;0.0000;0.2753 
58.35696540000208;0.2237;0.0000;0.0000 
58.40495370000281;0.0000;0.0000;0.0000 
58.452841199999966;-0.2237;0.0000;0.0000 
58.50113780000174;0.4474;0.0000;0.0000 
58.54912090000289;0.0000;0.0000;0.2787 
58.59701820000191;0.0000;0.0000;0.0000 
58.64501250000103;0.2237;0.0000;0.0000 
58.693026299999474;0.2237;0.0000;0.1377 
58.74099019999994;0.0000;0.0000;0.1377 
58.78911380000136;-0.2237;0.0000;-0.4130 
58.837046600001486;0.0000;0.0000;-0.1377 
58.88521980000223;0.2237;0.0000;0.0000 
58.93335510000179;0.0000;0.0000;0.2787 
58.980972200002725;0.0000;0.0000;-0.2753 
59.029204700000264;0.0000;0.0000;0.0000 
59.077013900001475;0.2237;0.0000;0.0000 
59.12540880000233;2.0136;0.0000;1.5146 
59.173184300001594;0.2237;0.0000;0.1377 
59.2210350000023;0.2237;0.0000;0.0000 
59.269079699999565;0.0000;0.0000;0.0000 
59.317371200002526;0.0000;0.0000;0.0000 
59.38110489999963;0.0000;0.0000;-0.2719 
59.429032899999584;0.0000;0.0000;-0.1377 
59.476928600000974;0.6711;0.0000;0.0034 
59.5252524000025;0.2237;0.0000;0.0000 
59.57336320000104;0.0000;0.0000;0.4163 
59.62099570000282;0.2237;0.0000;0.1410 
59.6689643000027;0.2237;0.0000;0.1377 
59.71713240000099;-0.2237;0.0000;-0.1377 
59.76512410000214;0.2237;0.0000;0.1377 
59.8130416999993;0.0000;0.0000;0.0000 
59.86100390000138;-0.2237;0.0000;0.1377 
59.909389100001135;0.2237;0.0000;0.1377 
59.95734269999957;0.0000;0.0000;0.0000 
60.00514930000281;0.2237;0.0000;-0.1377 
60.053196100001514;0.4474;0.0000;0.0000 
60.1170177999993;-0.2237;0.0000;0.0000 
60.16501900000003;-0.2237;0.0000;-0.1377 
60.21298530000058;-0.2237;0.0000;0.0000 
60.260947800001304;0.2237;0.0000;0.0000 
60.30905260000145;0.2237;0.0000;0.0000 
60.357080400000996;0.0000;0.0000;0.0000 
60.40523640000174;0.2237;0.0000;0.1410 
60.45289930000217;0.2237;0.0000;0.0034 
60.50177579999945;0.0000;0.0000;0.0000 
60.549217200001294;0.2237;0.0000;-0.1377 
60.597252200001094;-0.2237;0.0000;0.0000 
60.64513860000079;0.4474;0.0000;0.1377 
60.69319750000068;0.2237;0.0000;0.0000 
60.75691650000226;-0.2237;0.0000;0.2753 
60.80502600000182;0.4474;0.0000;0.0000 
60.85292350000236;0.2237;0.0000;-0.1377 
60.90114090000134;-0.4474;0.0000;0.2753 
60.94904850000239;0.0000;0.0000;0.2787 
60.99700700000176;0.0000;0.0000;0.1377 
61.04501549999986;0.0000;0.0000;0.0034 
61.09298730000228;0.2237;0.0000;0.0000 
61.14110350000192;0.2237;0.0000;0.1377 
61.189102500000445;0.0000;0.0000;0.1377 
61.23708660000193;0.2237;0.0000;0.0000 
61.28498570000011;0.0000;0.0000;0.0000 
61.333194800001365;-0.2237;0.0000;0.5540 
61.381116100001236;-0.2237;0.0000;0.1410 
61.4290860000001;0.0000;0.0000;0.0000 
61.47739410000213;0.0000;0.0000;0.0000 
61.52510190000248;0.0000;0.0000;0.2753 
61.57321880000018;0.2237;0.0000;0.1377 
61.62128270000176;0.0000;0.0000;0.2787 
61.66929979999986;0.0000;0.0000;-0.1377 
61.73287809999965;0.0000;0.0000;-0.1377 
61.7807896000013;0.2237;0.0000;0.0000 
61.828872000001866;0.4474;0.0000;0.1377 
61.876910599999974;0.0000;0.0000;0.0000 
61.92506449999928;-0.2237;0.0000;0.0000 
61.9730825000006;0.2237;0.0000;0.1410 
62.021093100000144;0.2237;0.0000;0.1377 
62.06883250000101;0.2237;0.0000;0.0000 
62.11714270000084;0.0000;0.0000;0.1377 
62.164909400002216;0.2237;0.0000;0.0000 
62.2131326000017;0.4474;0.0000;0.0000 
62.261195600000065;0.0000;0.0000;-0.1377 
62.309180899999774;0.0000;0.0000;0.1377 
62.35701329999938;0.0000;0.0000;0.0000 
62.40509010000096;0.2237;0.0000;0.1377 
62.45285460000014;0.4474;0.0000;0.1377 
62.50116490000073;0.0000;0.0000;0.0000 
62.5491600000023;0.2237;0.0000;0.0000 
62.597191799999564;-0.2237;0.0000;0.1377 
62.64508449999994;0.0000;0.0000;0.1377 
62.69337830000222;0.2237;0.0000;0.0000 
62.74104620000071;0.0000;0.0000;0.0000 
62.78902400000152;0.2237;0.0000;0.1410 
62.837085999999545;0.0000;0.0000;0.1377 
62.88517169999977;0.2237;0.0000;0.1377 
62.93303460000243;0.0000;0.0000;0.0000 
62.981092900001386;0.2237;0.0000;0.1377 
63.02893840000252;0.2237;0.0000;0.0000 
63.07722439999998;0.2237;0.0000;0.0000 
63.12525839999944;-0.4474;0.0000;-0.1377 
63.188770299999305;-0.2237;0.0000;0.0000 
63.23691560000225;0.0000;0.0000;-0.2753 
63.28485850000288;0.2237;0.0000;0.1377 
63.33307030000287;0.2237;0.0000;0.0000 
63.38097390000257;0.0000;0.0000;0.0000 
63.429383300001064;0.2237;0.0000;0.1410 
63.47716489999948;0.0000;0.0000;0.0000 
63.52593709999928;-0.2237;0.0000;0.0000 
63.57309520000126;0.0000;0.0000;0.0034 
63.62107930000275;0.0000;0.0000;-0.1377 
63.66894410000168;0.0000;0.0000;-0.2753 
63.7169896000014;0.4474;0.0000;-0.1377 
63.76514400000087;0.0000;0.0000;0.0000 
63.81314040000143;-0.2237;0.0000;0.0000 
63.87671830000181;0.2237;0.0000;0.0000 
63.92480550000255;0.0000;0.0000;0.0000 
63.974823799999285;-0.2237;0.0000;0.0000 
64.02090230000249;0.0000;0.0000;-0.1377 
64.06881889999931;0.0000;0.0000;0.1377 
64.11723060000077;0.0000;0.0000;0.1377 
64.16503580000062;0.2237;0.0000;0.0000 
64.21295649999956;0.0000;0.0000;0.1410 
64.2609592000008;0.6711;0.0000;0.0000 
64.30898359999992;0.2237;0.0000;0.1377 
64.35707270000057;0.4474;0.0000;0.4163 
64.40502259999994;0.4474;0.0000;0.0000 
64.45292490000065;0.2237;0.0000;0.0000 
64.50101519999953;0.0000;0.0000;0.2753 
64.54914750000171;0.2237;0.0000;0.1377 
64.59698790000039;0.0000;0.0000;0.1410 
64.64513120000265;0.0000;0.0000;0.2753 
64.6929667000004;0.2237;0.0000;0.0000 
64.74102510000012;0.0000;0.0000;0.0000 
64.78939879999962;0.2237;0.0000;0.2787 
64.8369808000025;0.2237;0.0000;0.0000 
64.88511450000078;0.2237;0.0000;0.1377 
64.93307210000057;0.2237;0.0000;0.1377 
64.98107240000172;0.0000;0.0000;0.1377 
65.02904560000025;0.0000;0.0000;0.2787 
65.07704400000148;0.0000;0.0000;0.0000 
65.12538810000115;0.0000;0.0000;-0.1377 
65.17305140000099;0.2237;0.0000;0.1377 
65.22120100000029;-0.2237;0.0000;0.2753 
65.2691874000011;0.2237;0.0000;0.2787 
65.31751020000229;0.2237;0.0000;0.0000 
65.36503559999983;0.0000;0.0000;0.0000 
65.41316070000175;0.0000;0.0000;0.0000 
65.46111659999951;0.0000;0.0000;-0.1377 
65.52491440000085;0.2237;0.0000;0.0000 
65.57305769999948;0.0000;0.0000;-0.1377 
65.62150100000144;0.0000;0.0000;0.1377 
65.66888889999973;0.0000;0.0000;0.0000 
65.71685830000206;0.2237;0.0000;0.1377 
65.76480269999956;0.0000;0.0000;0.0000 
65.81283819999953;0.0000;0.0000;-0.1377 
65.8610144000013;0.4474;0.0000;0.1377 
65.90894670000125;0.0000;0.0000;0.1410 
65.95711819999997;0.0000;0.0000;0.1377 
66.00550850000218;-0.2237;0.0000;0.0000 
66.05310780000218;0.0000;0.0000;0.0000 
66.10093830000187;0.2237;0.0000;0.1377 
66.14897770000243;0.0000;0.0000;0.1377 
66.19722860000184;0.0000;0.0000;-0.1377 
66.24516180000137;0.4474;0.0000;0.0000 
66.29295249999996;0.0000;0.0000;0.1377 
66.34130480000022;0.0000;0.0000;0.1377 
66.38936280000053;0.0000;0.0000;0.1377 
66.43704550000257;0.0000;0.0000;0.0000 
66.48512950000077;0.0000;0.0000;0.1410 
66.53311469999971;0.2237;0.0000;-0.1377 
66.5810498000028;0.6711;0.0000;0.0000 
66.62901010000132;0.0000;0.0000;0.2787 
66.69277130000046;0.0000;0.0000;-0.1377 
66.74073309999949;0.2237;0.0000;0.0000 
66.78890400000091;0.0000;0.0000;0.0000 
66.83671280000272;0.0000;0.0000;0.1377 
66.8847917000021;0.2237;0.0000;0.0000 
66.93284940000012;0.0000;0.0000;0.1377 
66.98093060000247;0.0000;0.0000;0.2753 
67.0290464000027;0.0000;0.0000;0.0000 
67.07690220000222;0.0000;0.0000;0.1377 
67.12505370000144;0.0000;0.0000;0.0000 
67.17300880000039;0.2237;0.0000;-0.1377 
67.2209197000011;0.0000;0.0000;0.1377 
67.26895910000167;0.2237;0.0000;0.1377 
67.31724550000217;0.0000;0.0000;-0.1377 
67.36495080000168;0.2237;0.0000;0.0000 
67.41283730000214;0.0000;0.0000;0.0000 
67.4608466000027;-0.2237;0.0000;0.0000 
67.50883760000215;0.0000;0.0000;0.0000 
67.55711320000046;0.0000;0.0000;0.0000 
67.60499270000219;0.0000;0.0000;0.0000 
67.65323700000226;0.0000;0.0000;0.0000 
67.70116030000281;0.0000;0.0000;0.0000 
67.7496037000019;0.0000;0.0000;0.0000 
67.79729090000183;0.2237;0.0000;-0.1377 
67.84567679999964;0.0000;0.0000;0.2753 
67.89316750000216;0.6711;0.0000;0.1377 
67.94127859999935;-0.2237;0.0000;-0.1377 
68.00473840000268;0.0000;0.0000;0.1410 
68.0528548000002;0.0000;0.0000;0.0000 
68.10128570000234;0.0000;0.0000;0.1377 
68.14886730000217;0.4474;0.0000;0.0000 
68.19725580000159;-0.2237;0.0000;-0.1377 
68.24500480000279;0.0000;0.0000;0.0000 
68.29308230000242;-0.4474;0.0000;-0.1377 
68.3412559999997;0.0000;0.0000;0.4163 
68.38894540000183;0.0000;0.0000;0.1410 
68.43720140000005;0.0000;0.0000;0.0000 
68.48549180000191;-0.2237;0.0000;0.1377 
68.53329090000261;0.0000;0.0000;0.0000 
68.58128190000207;0.2237;0.0000;0.0000 
68.62891130000207;0.0000;0.0000;0.0000 
68.67691630000263;0.0000;0.0000;0.2753 
68.7249174000026;0.2237;0.0000;0.0000 
68.77303550000215;0.2237;0.0000;0.0000 
68.8210465000011;0.0000;0.0000;0.0000 
68.86899389999962;0.2237;0.0000;0.0000 
68.91730150000149;-0.2237;0.0000;0.0000 
68.98078979999991;0.0000;0.0000;0.1377 
69.02873420000105;0.2237;0.0000;0.0000 
69.0767377000011;0.4474;0.0000;0.1377 
69.12530320000224;-0.2237;0.0000;0.0000 
69.17296510000233;-0.2237;0.0000;0.1377 
69.22103870000137;0.0000;0.0000;-0.1377 
69.26902580000024;-0.2237;0.0000;0.1410 
69.31710430000021;0.0000;0.0000;0.0000 
69.36491899999965;0.0000;0.0000;0.0000 
69.41289890000189;0.0000;0.0000;0.1377 
69.46095200000127;0.2237;0.0000;0.1377 
69.50902530000167;0.2237;0.0000;0.0000 
69.5569112000012;0.2237;0.0000;0.0000 
69.60513060000085;0.2237;0.0000;0.1377 
69.65320450000218;0.0000;0.0000;-0.1377 
69.7012304000018;-0.4474;0.0000;0.1377 
69.74911920000159;0.2237;0.0000;0.0000 
69.79714299999978;-0.2237;0.0000;0.1377 
69.86087780000162;-0.6711;0.0000;-0.1377 
69.9090849000022;0.4474;0.0000;0.0000 
69.95685790000061;0.2237;0.0000;0.0000 
70.00480740000057;0.2237;0.0000;0.0000 
70.05281500000274;0.2237;0.0000;0.0000 
70.10090430000128;0.4474;0.0000;0.1377 
70.14889060000132;0.0000;0.0000;0.2753 
70.19684810000035;0.0000;0.0000;0.0000 
70.24487170000066;0.4474;0.0000;0.0000 
70.29315730000235;0.0000;0.0000;-0.1377 
70.34107150000273;0.4474;0.0000;0.2753 
70.38935140000103;0.2237;0.0000;0.0000 
70.43685750000077;0.2237;0.0000;0.0000 
70.48500780000177;-0.2237;0.0000;0.2787 
70.53306820000216;0.2237;0.0000;0.1377 
70.5812079999996;-0.2237;0.0000;0.1377 
70.62897630000225;0.4474;0.0000;0.1377 
70.67720650000047;0.2237;0.0000;-0.1377 
70.72509379999974;0.0000;0.0000;0.1377 
70.7730713000019;0.0000;0.0000;0.2753 
70.82113150000077;0.0000;0.0000;0.1377 
70.8865337999996;-0.4474;0.0000;0.1377 
70.93275560000257;0.2237;0.0000;0.4163 
70.98100840000188;0.0000;0.0000;0.0000 
71.02884110000014;0.0000;0.0000;-0.1377 
71.07690070000172;0.2237;0.0000;0.2753 
71.12488990000202;0.0000;0.0000;0.1377 
71.17305800000031;0.2237;0.0000;-0.1377 
71.22090390000085;-0.2237;0.0000;0.1377 
71.26899540000159;-0.2237;0.0000;0.1377 
71.31711180000275;0.0000;0.0000;0.2753 
71.36504960000093;0.0000;0.0000;0.0000 
71.41352650000044;-0.2237;0.0000;-0.1377 
71.47680860000037;0.0000;0.0000;-0.1377 
71.52493880000111;0.0000;0.0000;0.1377 
71.57286440000098;0.0000;0.0000;0.1377 
71.62088890000086;0.0000;0.0000;0.2753 
71.6688181999998;0.0000;0.0000;0.0000 
71.71690140000283;0.4474;0.0000;0.0000 
71.76486270000169;0.0000;0.0000;-0.1377 
71.81305300000167;0.0000;0.0000;0.0000 
71.86109489999944;0.0000;0.0000;0.1377 
71.90920440000264;-0.2237;0.0000;0.0000 
71.95702090000123;0.2237;0.0000;-0.1377 
72.00503880000178;0.0000;0.0000;-0.1377 
72.05302570000276;0.0000;0.0000;0.0000 
72.10122899999988;0.2237;0.0000;0.1377 
72.14933770000061;0.0000;0.0000;0.2753 
72.19722190000175;0.2237;0.0000;-0.1377 
72.24512820000018;0.4474;0.0000;0.1377 
72.29292880000139;0.0000;0.0000;0.1377 
72.34149339999931;-0.2237;0.0000;0.1377 
72.40497360000154;0.2237;0.0000;0.0000 
72.45279460000165;0.0000;0.0000;0.0000 
72.5009151000013;0.0000;0.0000;0.1377 
72.54885560000184;0.2237;0.0000;0.4130 
72.59695500000089;0.0000;0.0000;0.0000 
72.64514110000164;0.2237;0.0000;0.1377 
72.69286730000022;0.0000;0.0000;0.0000 
72.74086960000204;0.0000;0.0000;0.1377 
72.78886799999964;0.2237;0.0000;-0.1377 
72.83684569999969;0.0000;0.0000;0.0000 
72.88492709999991;0.0000;0.0000;0.0000 
72.93294750000132;0.4474;0.0000;0.0000 
72.98088280000229;0.2237;0.0000;0.1377 
73.02899190000244;-0.2237;0.0000;0.0000 
73.07697940000071;0.0000;0.0000;0.1377 
73.12492969999948;0.0000;0.0000;0.0000 
73.1728929000019;0.2237;0.0000;-0.1377 
73.22097679999933;0.0000;0.0000;0.0000 
73.26912620000076;0.0000;0.0000;0.0000 
73.31713280000258;0.0000;0.0000;0.1377 
73.36488740000277;0.0000;0.0000;-0.2753 
73.4131911000004;0.0000;0.0000;0.4163 
73.46109670000078;0.0000;0.0000;0.1377 
73.50910080000176;0.2237;0.0000;0.0000 
73.55715220000275;0.0000;0.0000;0.0000 
73.6051389000022;0.0000;0.0000;-0.1343 
73.65322880000167;0.0000;0.0000;0.2753 
73.71730640000169;-0.2237;0.0000;0.1410 
73.76501810000264;0.0000;0.0000;0.1377 
73.81297020000056;0.2237;0.0000;0.1377 
73.86109209999995;0.0000;0.0000;0.0000 
73.90905790000033;0.0000;0.0000;0.1377 
73.95704739999928;-0.2237;0.0000;0.2787 
74.00521640000079;0.2237;0.0000;0.0000 
74.05292010000267;0.2237;0.0000;0.1377 
74.10101900000154;-0.2237;0.0000;0.4163 
74.14897960000235;0.0000;0.0000;0.1377 
74.1971052000008;0.0000;0.0000;0.1377 
74.24495270000261;0.2237;0.0000;0.2787 
74.29303140000047;0.2237;0.0000;0.0000 
74.34100270000272;0.2237;0.0000;0.1377 
74.38896810000006;0.0000;0.0000;0.1410 
74.43703860000096;0.0000;0.0000;0.1377 
74.4849467999993;0.0000;0.0000;-0.1377 
74.53291150000223;0.0000;0.0000;0.1377 
74.58123420000265;-0.2237;0.0000;0.0000 
74.62908810000226;0.2237;0.0000;0.1377 
74.67717430000266;0.0000;0.0000;0.1377 
74.72509450000143;0.0000;0.0000;0.1377 
74.77324940000108;-0.2237;0.0000;0.0000 
74.83691490000274;0.0000;0.0000;-0.1377 
74.88485370000126;-0.2237;0.0000;0.1377 
74.9328416999997;0.0000;0.0000;0.0000 
74.98109950000071;0.2237;0.0000;0.1377 
75.02891730000192;0.2237;0.0000;0.0034 
75.07697660000122;0.0000;0.0000;0.1377 
75.1252721000019;0.2237;0.0000;0.0000 
75.17297500000132;0.2237;0.0000;0.0000 
75.2211324000018;0.0000;0.0000;-0.1377 
75.26901200000066;0.2237;0.0000;0.0000 
75.31699420000223;0.2237;0.0000;-0.1377 
75.36515280000094;0.2237;0.0000;0.0000 
75.41389340000023;0.2237;0.0000;0.0000 
75.46095179999975;0.0000;0.0000;0.0000 
75.5090311999993;0.0000;0.0000;0.0034 
75.55706160000045;0.2237;0.0000;0.0000 
75.6050705000016;0.0000;0.0000;0.1377 
75.65289620000112;0.2237;0.0000;0.2753 
75.70097850000093;-0.2237;0.0000;0.0000 
75.74917479999931;-0.2237;0.0000;0.1410 
75.797321500002;0.0000;0.0000;0.0000 
75.8457307000026;0.2237;0.0000;0.1377 
75.89311160000216;0.2237;0.0000;0.0000 
75.9568134000001;0.0000;0.0000;-0.1377 
76.0048726999994;0.0000;0.0000;0.0000 
76.05277070000011;0.0000;0.0000;0.0000 
76.10112990000198;0.0000;0.0000;0.0000 
76.1488618000003;0.0000;0.0000;0.1377 
76.19696710000062;0.4474;0.0000;0.0000 
76.24495160000151;0.2237;0.0000;0.1410 
76.2928920000013;0.2237;0.0000;0.0000 
76.3408703999994;0.2237;0.0000;0.0000 
76.38915070000076;0.0000;0.0000;0.0000 
76.4367940000011;0.2237;0.0000;0.0000 
76.48534500000096;0.2237;0.0000;0.1377 
76.53279310000289;0.0000;0.0000;0.0000 
76.58096880000085;-0.2237;0.0000;0.0000 
76.62882540000282;0.0000;0.0000;0.1377 
76.6768876999995;0.2237;0.0000;-0.1377 
76.72497230000226;-0.2237;0.0000;0.2753 
76.7729442000018;0.2237;0.0000;-0.1377 
76.82096970000202;0.0000;0.0000;0.0000 
76.86910990000251;0.0000;0.0000;0.1377 
76.9171748000008;0.0000;0.0000;0.1377 
76.9651472000005;0.2237;0.0000;0.1377 
77.01326999999947;0.2237;0.0000;0.1377 
77.06106960000034;0.4474;0.0000;-0.1377 
77.10961320000206;0.0000;0.0000;0.1377 
77.15707310000289;0.0000;0.0000;0.1410 
77.2051214000021;0.2237;0.0000;0.0000 
77.25291710000238;0.0000;0.0000;0.0000 
77.30137090000062;0.2237;0.0000;0.4163 
77.36469980000038;-0.2237;0.0000;0.0000 
77.4127969000001;0.2237;0.0000;0.1377 
77.46089260000008;-0.2237;0.0000;0.1410 
77.50882149999961;0.0000;0.0000;0.1377 
77.557302600002;0.2237;0.0000;0.1377 
77.6049626999993;0.0000;0.0000;0.2753 
77.65286290000222;0.2237;0.0000;0.0000 
77.70127430000139;0.0000;0.0000;0.1410 
77.74921340000219;0.2237;0.0000;0.1377 
77.79707070000222;-0.2237;0.0000;0.2787 
77.84505340000032;0.0000;0.0000;0.0034 
77.89303110000037;0.2237;0.0000;0.2787 
77.94103250000262;0.0000;0.0000;0.1377 
77.98888360000274;0.0000;0.0000;0.1377 
78.03681309999956;0.2237;0.0000;0.1377 
78.08480540000164;-0.2237;0.0000;0.0000 
78.13297070000044;0.2237;0.0000;0.1377 
78.18114939999941;0.2237;0.0000;0.0000 
78.22911190000013;0.0000;0.0000;-0.1377 
78.27697420000186;0.0000;0.0000;0.0000 
78.32494729999962;0.2237;0.0000;0.1410 
78.37295400000221;0.0000;0.0000;0.0000 
78.42090910000115;-0.2237;0.0000;0.1377 
78.4690800999997;0.0000;0.0000;0.0000 
78.51707380000153;0.2237;0.0000;0.1377 
78.56563219999953;0.2237;0.0000;0.0000 
78.62870440000188;0.0000;0.0000;0.0034 
78.67675180000151;-0.2237;0.0000;0.1377 
78.7247692000019;0.0000;0.0000;-0.2753 
78.77286420000019;0.0000;0.0000;0.0000 
78.82087049999973;-0.2237;0.0000;0.0000 
78.86892850000004;0.4474;0.0000;0.0000 
78.9168783999994;-0.2237;0.0000;0.1377 
78.96540010000172;0.0000;0.0000;0.1377 
79.01320580000174;-0.2237;0.0000;0.1377 
79.06118830000196;0.0000;0.0000;0.0000 
79.10908480000217;-0.2237;0.0000;0.2787 
79.15709770000103;0.0000;0.0000;0.2753 
79.20514340000227;0.0000;0.0000;0.1377 
79.26877890000105;-0.2237;0.0000;0.1377 
79.31714579999971;0.0000;0.0000;0.1377 
79.36500069999965;0.4474;0.0000;0.1377 
79.41290260000096;0.0000;0.0000;0.1377 
79.46092440000211;0.0000;0.0000;0.0000 
79.50897400000031;0.4474;0.0000;-0.1377 
79.55703250000079;0.2237;0.0000;0.0000 
79.6050017000016;-0.2237;0.0000;0.0000 
79.65292620000037;0.0000;0.0000;0.2753 
79.70099690000279;0.2237;0.0000;0.0000 
79.74945360000129;0.2237;0.0000;0.1377 
79.79706290000104;0.2237;0.0000;-0.1377 
79.84548890000224;0.0000;0.0000;-0.1377 
79.8932504000004;-0.2237;0.0000;-0.1377 
79.95699380000224;0.0000;0.0000;0.0000 
80.00482499999998;0.0000;0.0000;0.1377 
80.05265620000137;0.4474;0.0000;0.0000 
80.10074600000007;0.4474;0.0000;0.0000 
80.14875600000232;0.2237;0.0000;0.0000 
80.19682450000255;0.2237;0.0000;0.2753 
80.24466329999996;0.0000;0.0000;0.1377 
80.29310650000116;-0.4474;0.0000;0.0000 
80.34113350000189;-0.2237;0.0000;0.2787 
80.38921500000288;-0.2237;0.0000;0.0000 
80.43743110000287;-0.4474;0.0000;0.1377 
80.48503120000169;0.0000;0.0000;0.1377 
80.53305370000089;0.0000;0.0000;0.0000 
80.58112360000086;0.2237;0.0000;0.4130 
80.6289835000025;0.2237;0.0000;0.2787 
80.67697419999968;0.0000;0.0000;0.1410 
80.72526570000264;0.2237;0.0000;0.0000 
80.77289220000239;0.2237;0.0000;-0.1377 
80.8212502000024;-0.2237;0.0000;0.0000 
80.86912049999955;0.0000;0.0000;0.0000 
80.91733510000267;0.2237;0.0000;0.2787 
80.98079350000262;0.0000;0.0000;-0.1377 
81.02913570000237;0.0000;0.0000;0.1410 
81.07689690000188;0.0000;0.0000;0.1377 
81.12510150000162;0.0000;0.0000;-0.1377 
81.17304080000031;0.4474;0.0000;0.0000 
81.22139190000235;0.2237;0.0000;-0.1377 
81.2688201000019;0.0000;0.0000;0.0000 
81.31704390000232;-0.2237;0.0000;0.0000 
81.36524289999943;0.2237;0.0000;-0.1377 
81.41306570000233;-0.2237;0.0000;0.0000 
81.46103930000027;0.0000;0.0000;0.0000 
81.50910870000007;0.0000;0.0000;0.0000 
81.55730290000065;0.0000;0.0000;0.1377 
81.62077270000009;0.2237;0.0000;-0.1377 
81.66872390000208;0.0000;0.0000;0.0000 
81.71680800000104;0.2237;0.0000;0.0000 
81.76477090000117;-0.2237;0.0000;0.0000 
81.81314860000202;0.0000;0.0000;-0.1377 
81.86097750000044;0.2237;0.0000;0.1377 
81.90901920000033;0.2237;0.0000;0.1377 
81.95690520000062;0.4474;0.0000;0.1377 
82.00512540000273;-0.2237;0.0000;-0.1377 
82.05314460000227;0.0000;0.0000;0.1377 
82.10202390000268;-0.2237;0.0000;0.1377 
82.14906080000219;0.2237;0.0000;-0.1377 
82.19709430000148;0.2237;0.0000;0.1377 
82.26078400000188;0.0000;0.0000;-0.1377 
82.30881679999948;0.2237;0.0000;0.1410 
82.35680910000156;0.2237;0.0000;0.0000 
82.40487360000043;0.0000;0.0000;-0.1377 
82.45279479999954;-0.2237;0.0000;0.1377 
82.50080890000027;-0.2237;0.0000;0.2753 
82.55029700000159;0.0000;0.0000;0.1377 
82.59707160000107;0.2237;0.0000;0.1377 
82.64530680000098;0.2237;0.0000;0.1377 
82.69332620000205;0.0000;0.0000;-0.1377 
82.74113410000064;0.0000;0.0000;0.0000 
82.78920710000239;-0.2237;0.0000;0.1377 
82.8373199000016;0.0000;0.0000;-0.1377 
82.88489110000228;0.4474;0.0000;0.0000 
82.93321830000059;0.2237;0.0000;0.0000 
82.98115550000148;0.4474;0.0000;0.0000 
83.02913740000076;0.2237;0.0000;0.0000 
83.07745720000094;0.4474;0.0000;0.2787 
83.14075360000061;0.2237;0.0000;0.1377 
83.18907220000256;0.0000;0.0000;0.0000 
83.23677360000147;0.4474;0.0000;0.2787 
83.28479390000211;0.0000;0.0000;0.0000 
83.3327898000025;0.2237;0.0000;0.2753 
83.38087970000197;0.4474;0.0000;0.1377 
83.42881979999947;0.2237;0.0000;0.2787 
83.47686850000173;0.0000;0.0000;0.1377 
83.52482400000008;0.2237;0.0000;0.0000 
83.57298390000142;0.0000;0.0000;0.0000 
83.62081020000187;0.0000;0.0000;0.1410 
83.66884589999972;0.0000;0.0000;0.1377 
83.71687730000122;0.0000;0.0000;0.0034 
83.76504840000052;0.0000;0.0000;-0.1377 
83.81291000000056;0.2237;0.0000;0.0000 
83.86096670000188;0.0000;0.0000;0.1377 
83.90924870000163;0.0000;0.0000;0.0000 
83.95701310000004;0.0000;0.0000;0.1377 
84.00500870000178;0.0000;0.0000;0.0000 
84.05298250000124;-0.2237;0.0000;-0.1377 
84.10104780000256;0.0000;0.0000;0.1377 
84.1490537000027;0.2237;0.0000;0.1377 
84.19703950000257;0.2237;0.0000;0.0000 
84.24508910000077;0.0000;0.0000;0.0000 
84.2930477000009;0.2237;0.0000;0.0000 
84.34102279999934;0.2237;0.0000;0.1377 
84.389080500001;0.0000;0.0000;-0.1377 
84.43730590000268;0.0000;0.0000;0.1410 
84.48508530000254;0.2237;0.0000;-0.1343 
84.54881780000142;0.0000;0.0000;0.0000 
84.59677160000138;0.0000;0.0000;0.1410 
84.64502100000027;0.2237;0.0000;0.0000 
84.69316729999991;0.0000;0.0000;-0.1377 
84.74081980000119;0.2237;0.0000;0.1377 
84.78874870000072;0.0000;0.0000;0.1377 
84.83733810000194;0.2237;0.0000;0.0000 
84.88480870000058;0.2237;0.0000;0.0000 
84.9327680000024;0.2237;0.0000;0.1377 
84.98090740000043;0.4474;0.0000;0.1377 
85.02894540000125;0.0000;0.0000;0.2753 
85.07742670000152;0.0000;0.0000;0.0000 
85.12510210000255;0.0000;0.0000;0.2753 
85.1730048999998;0.2237;0.0000;0.2787 
85.22137719999955;0.0000;0.0000;-0.1377 
85.2690091000004;0.2237;0.0000;0.1377 
85.31686890000128;0.2237;0.0000;-0.2753 
85.36491039999964;0.0000;0.0000;0.0000 
85.41302730000098;0.0000;0.0000;0.0000 
85.4608928000016;-0.2237;0.0000;0.0000 
85.50882210000054;0.0000;0.0000;0.0000 
85.55681950000144;-0.2237;0.0000;0.2787 
85.60515900000246;-0.2237;0.0000;0.0000 
85.65318860000116;0.2237;0.0000;0.0000 
85.70099240000127;0.2237;0.0000;0.0000 
85.76488000000245;0.0000;0.0000;-0.2753 
85.81280790000164;-0.2237;0.0000;0.0000 
85.86080630000288;0.2237;0.0000;0.1377 
85.90896459999931;0.2237;0.0000;0.1377 
85.95693030000257;0.0000;0.0000;0.0034 
86.00484240000151;0.0000;0.0000;0.2753 
86.05281599999944;0.0000;0.0000;0.0000 
86.10084350000034;0.2237;0.0000;0.0000 
86.14886420000039;0.2237;0.0000;0.0000 
86.1968345000023;0.4474;0.0000;0.1377 
86.24569490000067;0.0000;0.0000;0.0000 
86.29377010000098;0.0000;0.0000;0.1377 
86.34231390000059;0.0000;0.0000;0.0000 
86.38890639999954;0.0000;0.0000;0.0000 
86.43705120000232;-0.4474;0.0000;0.1377 
86.48481050000191;0.2237;0.0000;0.0000 
86.53316780000023;0.0000;0.0000;-0.1377 
86.58102549999967;-0.2237;0.0000;0.1377 
86.6294005000018;0.0000;0.0000;0.1377 
86.67707739999969;-0.2237;0.0000;0.0034 
86.74073210000279;0.2237;0.0000;0.0000 
86.78871050000089;0.0000;0.0000;0.0000 
86.83682319999934;0.2237;0.0000;-0.1377 
86.88489180000033;0.4474;0.0000;0.0000 
86.9328131000002;-0.2237;0.0000;0.1377 
86.98092560000077;0.0000;0.0000;0.1377 
87.02900249999948;0.2237;0.0000;0.0000 
87.07717950000006;-0.4474;0.0000;0.0000 
87.12513469999976;-0.2237;0.0000;0.2787 
87.17339350000111;0.4474;0.0000;-0.1377 
87.22101029999976;0.0000;0.0000;0.1410 
87.26924010000221;-0.2237;0.0000;0.1410 
87.33329430000231;-0.2237;0.0000;0.0000 
87.38079740000103;0.2237;0.0000;0.1377 
87.4288512000021;0.2237;0.0000;0.0000 
87.47682189999978;0.2237;0.0000;0.0034 
87.52489980000246;0.6711;0.0000;0.0000 
87.57279680000283;0.2237;0.0000;0.0000 
87.62089900000137;0.0000;0.0000;-0.1377 
87.66877759999988;0.4474;0.0000;0.1377 
87.71763380000266;0.0000;0.0000;0.1377 
87.76490620000186;0.0000;0.0000;0.1377 
87.81286220000038;0.2237;0.0000;0.2753 
87.86102670000037;0.0000;0.0000;0.1377 
87.90945920000013;0.2237;0.0000;0.2753 
87.95705169999928;0.0000;0.0000;0.1410 
88.00492630000008;0.0000;0.0000;0.1410 
88.05300490000081;0.0000;0.0000;0.2787 
88.10100560000137;0.4474;0.0000;0.1377 
88.14897050000218;0.2237;0.0000;-0.1377 
88.19683980000264;0.2237;0.0000;0.0000 
88.24542920000022;0.4474;0.0000;0.1377 
88.2929210000002;-0.2237;0.0000;0.1377 
88.34085350000169;-0.4474;0.0000;0.1410 
88.38902420000159;-0.2237;0.0000;0.1377 
88.45275129999936;0.0000;0.0000;0.0000 
88.50068630000169;0.0000;0.0000;0.0000 
88.548740000002;0.0000;0.0000;0.0000 
88.59678770000028;-0.2237;0.0000;0.0000 
88.64491190000263;0.0000;0.0000;0.1410 
88.69277100000181;0.0000;0.0000;-0.1377 
88.74100440000257;0.2237;0.0000;0.1377 
88.78894240000227;0.0000;0.0000;-0.2753 
88.83696690000215;0.0000;0.0000;0.0000 
88.88510510000197;0.4474;0.0000;0.1377 
88.93284480000148;-0.2237;0.0000;0.0000 
88.9810123999996;0.0000;0.0000;0.2753 
89.02901489999931;0.2237;0.0000;0.2753 
89.07704400000148;0.2237;0.0000;0.1377 
89.12498480000068;0.2237;0.0000;0.1377 
89.17335559999992;-0.2237;0.0000;0.0000 
89.22155660000135;-0.2237;0.0000;0.0000 
89.2848178000022;-0.2237;0.0000;0.0000 
89.33307160000186;-0.2237;0.0000;-0.1377 
89.38107479999962;-0.2237;0.0000;0.0000 
89.42904090000229;0.2237;0.0000;0.0000 
89.47707620000074;0.0000;0.0000;0.0000 
89.52516960000139;0.2237;0.0000;0.1377 
89.57283269999971;0.0000;0.0000;0.0000 
89.62101560000156;0.2237;0.0000;0.0000 
89.66897340000287;0.0000;0.0000;0.0000 
89.71703550000166;0.0000;0.0000;0.1377 
89.76490680000279;0.2237;0.0000;0.0000 
89.81332370000018;0.0000;0.0000;0.2753 
89.86106380000274;0.0000;0.0000;0.0000 
89.90896910000083;0.2237;0.0000;0.0034 
89.95724809999956;0.2237;0.0000;0.0000 
90.0050478000012;0.0000;0.0000;0.0000 
90.05298070000208;-0.2237;0.0000;0.1377 
90.10097859999951;0.0000;0.0000;0.0000 
90.15486860000237;-0.2237;0.0000;0.0000 
90.19705650000105;-0.2237;0.0000;0.2787 
90.26118820000192;0.2237;0.0000;0.1377 
90.30878339999981;0.0000;0.0000;0.1377 
90.35681730000215;-0.2237;0.0000;0.1377 
90.40494419999959;-0.2237;0.0000;0.0000 
90.45301480000126;0.2237;0.0000;0.1377 
90.50085170000239;0.0000;0.0000;0.2753 
90.54900819999966;-0.2237;0.0000;0.0000 
90.59779490000074;0.0000;0.0000;0.0000 
90.64524589999928;0.0000;0.0000;0.0000 
90.69325880000179;0.2237;0.0000;0.1377 
90.74073730000237;0.0000;0.0000;0.0000 
90.78910040000119;0.0000;0.0000;0.0000 
90.8369840000014;0.0000;0.0000;0.2753 
90.88478720000057;0.0000;0.0000;0.0000 
90.93329910000102;0.2237;0.0000;0.0000 
90.98107510000045;-0.2237;0.0000;0.0000 
91.02889050000158;0.0000;0.0000;0.1377 
91.07697610000105;0.0000;0.0000;0.2787 
91.12526770000113;0.0000;0.0000;0.0000 
91.17341020000094;0.0000;0.0000;0.0000 
91.22127940000064;0.0000;0.0000;0.1377 
91.26906670000244;0.0000;0.0000;0.1377 
91.31717840000056;0.0000;0.0000;0.0000 
91.36503590000211;0.2237;0.0000;0.1377 
91.42898509999941;-0.2237;0.0000;-0.1377 
91.47684760000266;-0.2237;0.0000;-0.1377 
91.5251188000002;0.0000;0.0000;-0.1377 
91.57292950000192;0.0000;0.0000;0.1377 
91.62094490000163;0.2237;0.0000;0.1377 
91.66901850000067;0.0000;0.0000;0.1377 
91.71692370000164;0.2237;0.0000;0.1410 
91.76495749999958;0.0000;0.0000;0.1410 
91.81298500000048;0.0000;0.0000;-0.1377 
91.86098780000248;0.0000;0.0000;0.2787 
91.9089430999993;0.2237;0.0000;0.0000 
91.95688530000189;0.2237;0.0000;0.0000 
92.00510950000171;0.2237;0.0000;0.0000 
92.05306689999998;0.2237;0.0000;0.1377 
92.10113740000088;0.2237;0.0000;0.0000 
92.14904229999956;0.0000;0.0000;0.1377 
92.19682710000052;0.4474;0.0000;0.0000 
92.24536950000038;0.2237;0.0000;-0.1377 
92.29295810000258;0.0000;0.0000;0.0000 
92.35662260000026;0.2237;0.0000;-0.1377 
92.4050070000012;-0.2237;0.0000;0.0000 
92.45276510000258;0.0000;0.0000;0.1377 
92.5007938000017;0.0000;0.0000;0.0000 
92.54931100000249;0.0000;0.0000;0.0000 
92.59679210000104;0.2237;0.0000;0.0000 
92.6450048000006;-0.2237;0.0000;-0.1377 
92.692870400002;0.0000;0.0000;0.2753 
92.74117530000149;0.2237;0.0000;0.0034 
92.78950240000268;0.0000;0.0000;0.0000 
92.83692879999944;0.0000;0.0000;0.1377 
92.88480189999973;0.0000;0.0000;0.2787 
92.93333260000145;0.2237;0.0000;-0.1377 
92.9811093999997;-0.2237;0.0000;0.2753 
93.02898629999981;0.0000;0.0000;0.2753 
93.07711570000174;-0.2237;0.0000;0.2753 
93.12502820000009;0.0000;0.0000;0.1377 
93.18880039999931;-0.2237;0.0000;0.1377 
93.23686210000233;0.0000;0.0000;0.0000 
93.28475339999932;-0.2237;0.0000;0.0000 
93.332839900002;0.0000;0.0000;0.1377 
93.38091450000138;0.0000;0.0000;0.0000 
93.42894359999991;0.0000;0.0000;0.1377 
93.47687820000283;-0.2237;0.0000;0.0000 
93.52487549999933;0.2237;0.0000;0.2787 
93.57298440000159;0.2237;0.0000;0.0000 
93.62091929999951;0.2237;0.0000;-0.1377 
93.66916970000239;-0.2237;0.0000;-0.1377 
93.71702229999937;0.0000;0.0000;0.1377 
93.76490420000118;0.2237;0.0000;0.2753 
93.81309170000168;0.2237;0.0000;0.1410 
93.86120370000208;0.6711;0.0000;0.2753 
93.92477960000178;0.4474;0.0000;-0.1377 
93.97278650000226;0.2237;0.0000;-0.1377 
94.02081420000104;0.4474;0.0000;0.1377 
94.06891480000195;0.0000;0.0000;0.1377 
94.11723840000195;0.0000;0.0000;0.1377 
94.16492590000053;0.0000;0.0000;0.0000 
94.21296079999956;0.0000;0.0000;-0.1377 
94.26102940000055;0.2237;0.0000;0.1377 
94.30891170000177;0.0000;0.0000;0.0000 
94.35697540000183;-0.2237;0.0000;-0.1377 
94.40501640000002;0.2237;0.0000;0.0000 
94.45296960000269;0.4474;0.0000;0.0000 
94.50085690000196;0.4474;0.0000;0.2753 
94.55130040000222;0.2237;0.0000;0.1377 
94.59701540000242;0.2237;0.0000;-0.1377 
94.64514840000265;-0.2237;0.0000;-0.1377 
94.70866390000083;0.0000;0.0000;0.0000 
94.75741710000148;0.0000;0.0000;0.1377 
94.80474920000051;0.0000;0.0000;0.1377 
94.85270520000267;0.0000;0.0000;0.1377 
94.90069700000095;0.2237;0.0000;0.0000 
94.94910670000172;0.2237;0.0000;0.1410 
94.99676940000063;0.0000;0.0000;-0.1377 
95.0449660000013;0.0000;0.0000;0.2753 
95.09274430000005;0.2237;0.0000;0.1377 
95.14086619999944;-0.2237;0.0000;0.0000 
95.18906980000247;0.0000;0.0000;-0.1377 
95.23701490000167;0.2237;0.0000;0.1377 
95.28484260000187;0.2237;0.0000;0.0000 
95.3329287000015;0.2237;0.0000;0.0000 
95.38156739999977;0.0000;0.0000;0.0000 
95.42955810000058;0.0000;0.0000;0.1377 
95.47731570000178;0.0000;0.0000;0.2753 
95.52497550000044;0.2237;0.0000;-0.1377 
95.57315450000169;-0.2237;0.0000;0.1410 
95.62106499999936;-0.4474;0.0000;0.0000 
95.66901510000025;0.0000;0.0000;0.1377 
95.73289220000152;-0.2237;0.0000;0.1377 
95.78106789999947;0.4474;0.0000;-0.1377 
95.82882860000245;0.2237;0.0000;0.1377 
95.87690040000234;-0.2237;0.0000;0.4163 
95.92496720000054;0.6711;0.0000;0.0000 
95.97291740000219;0.0000;0.0000;0.2787 
96.0208672000008;0.0000;0.0000;0.0000 
96.06913300000087;0.0000;0.0000;-0.1377 
96.11695370000234;0.4474;0.0000;0.2753 
96.16485699999976;-0.2237;0.0000;0.0000 
96.21298100000058;0.0000;0.0000;-0.1377 
96.26143810000212;0.0000;0.0000;0.1377 
96.30905390000044;0.0000;0.0000;0.2787 
96.35706220000066;0.2237;0.0000;0.0000 
96.40500900000188;0.2237;0.0000;0.5506 
96.4532102000012;0.0000;0.0000;0.2753 
96.51683820000108;-0.2237;0.0000;-0.2753 
96.56513430000268;0.2237;0.0000;0.0000 
96.61272530000133;0.2237;0.0000;0.1377 
96.66084740000224;0.0000;0.0000;0.0000 
96.70883710000271;0.2237;0.0000;0.1377 
96.75680920000013;0.0000;0.0000;0.1377 
96.80494300000282;0.4474;0.0000;-0.1377 
96.8529116000027;0.0000;0.0000;0.2753 
96.90086010000232;0.0000;0.0000;0.1377 
96.94873830000142;0.2237;0.0000;-0.1377 
96.99681509999937;0.2237;0.0000;0.2753 
97.04483740000069;-0.2237;0.0000;0.0000 
97.09297390000211;0.0000;0.0000;0.0000 
97.14103610000166;0.2237;0.0000;-0.1377 
97.18896300000051;0.2237;0.0000;0.1377 
97.23726560000068;-0.8948;0.0000;0.0000 
97.30078929999945;0.0000;0.0000;-0.2753 
97.34929010000269;-0.2237;0.0000;0.0000 
97.39681890000065;0.0000;0.0000;-0.1377 
97.4448940000002;0.0000;0.0000;0.4130 
97.49280540000109;-0.4474;0.0000;0.1377 
97.54280680000011;-0.2237;0.0000;-0.2753 
97.58905360000063;-0.2237;0.0000;0.1377 
97.63710759999958;0.0000;0.0000;-0.1377 
97.68508429999929;-0.4474;0.0000;0.1377 
97.74898120000216;0.0000;0.0000;0.1377 
97.7968581999994;-0.2237;0.0000;-0.1377 
97.84488670000064;0.4474;0.0000;0.0000 
97.89288700000179;-0.2237;0.0000;0.1377 
97.9410984999995;0.2237;0.0000;0.0000 
97.98890750000282;0.2237;0.0000;0.1377 
98.0368664000016;0.4474;0.0000;0.0000 
98.08498569999938;0.0000;0.0000;0.0000 
98.13301860000138;0.0000;0.0000;0.0000 
98.18088700000226;0.2237;0.0000;0.0000 
98.22907380000106;0.0000;0.0000;0.0034 
98.27696420000211;0.2237;0.0000;0.0000 
98.32503039999938;0.2237;0.0000;0.1377 
98.37293890000001;0.2237;0.0000;0.1410 
98.42111750000186;-0.2237;0.0000;0.2787 
98.46909249999953;0.0000;0.0000;0.0000 
98.51693370000066;0.4474;0.0000;0.0000 
98.56510010000056;0.0000;0.0000;0.2787 
98.61280510000142;0.0000;0.0000;0.0000 
98.66107580000244;-0.2237;0.0000;0.0000 
98.70899970000028;0.2237;0.0000;0.1377 
98.7570154999994;0.2237;0.0000;0.1377 
98.80513580000115;0.2237;0.0000;0.2787 
98.85338469999988;0.0000;0.0000;0.0000 
98.90109560000201;0.2237;0.0000;0.0000 
98.94937090000167;0.4474;0.0000;0.0000 
98.99684930000149;0.2237;0.0000;0.1377 
99.04495300000053;0.0000;0.0000;0.2787 
99.09295120000024;0.0000;0.0000;0.0000 
99.15671560000192;0.2237;0.0000;-0.1377 
99.20481389999986;0.2237;0.0000;0.0000 
99.2528882000006;0.2237;0.0000;0.0000 
99.30070049999995;0.0000;0.0000;0.1377 
99.34872750000068;0.0000;0.0000;0.4163 
99.39693000000261;-0.2237;0.0000;-0.1377 
99.44490059999953;0.0000;0.0000;0.0000 
99.49275960000159;0.4474;0.0000;0.1410 
99.54092570000284;-0.2237;0.0000;-0.1377 
99.58919149999929;0.0000;0.0000;-0.1377 
99.63710279999941;0.0000;0.0000;0.1377 
99.70062260000122;0.0000;0.0000;-0.4130 
99.74867720000111;0.2237;0.0000;0.2753 
99.79666800000268;-0.2237;0.0000;0.0000 
99.84478470000249;0.2237;0.0000;0.1410 
99.8930720999997;0.2237;0.0000;0.1377 
99.94079710000005;-0.2237;0.0000;0.1377 
99.98909529999946;-0.2237;0.0000;0.1377 
100.03688909999983;0.2237;0.0000;0.0000 
100.08490170000005;0.2237;0.0000;-0.1377 
100.1329164000017;0.0000;0.0000;-0.1377 
100.18096460000015;0.0000;0.0000;0.1377 
100.22983490000115;0.2237;0.0000;-0.1377 
100.2768587999999;-0.2237;0.0000;0.0000 
100.3408961999994;-0.2237;0.0000;0.1377 
100.38893760000065;0.0000;0.0000;0.0000 
100.43687190000128;0.2237;0.0000;0.0000 
100.48502400000143;0.0000;0.0000;0.1377 
100.53302720000283;0.2237;0.0000;-0.1377 
100.58085770000253;0.2237;0.0000;0.0000 
100.62916910000058;0.2237;0.0000;0.0034 
100.67699770000036;0.0000;0.0000;0.1377 
100.72487929999988;0.0000;0.0000;0.2753 
100.77292440000019;0.0000;0.0000;0.0000 
100.8212581000007;-0.2237;0.0000;0.1377 
100.86898819999988;0.0000;0.0000;0.2753 
100.91686870000194;-0.2237;0.0000;0.2787 
100.96500980000201;-0.2237;0.0000;0.1377 
101.01297800000248;0.2237;0.0000;0.0000 
101.06118690000221;0.2237;0.0000;0.2753 
101.12481889999981;-0.2237;0.0000;-0.1377 
101.17280150000079;0.6711;0.0000;0.1377 
101.22083960000236;-0.6711;0.0000;0.1410 
101.2688670000025;0.0000;0.0000;0.2753 
101.31689040000128;0.0000;0.0000;0.2753 
101.36487359999956;0.2237;0.0000;0.1377 
101.41283789999943;0.0000;0.0000;0.1377 
101.46088260000033;0.2237;0.0000;0.2787 
101.50902730000234;0.0000;0.0000;0.1377 
101.55690120000145;0.0000;0.0000;0.2787 
101.60486970000056;0.0000;0.0000;0.1377 
101.65296220000164;0.0000;0.0000;-0.4130 
101.70079050000277;0.0000;0.0000;0.0000 
101.74900310000157;0.2237;0.0000;0.1377 
101.79691599999933;0.8948;0.0000;0.4163 
101.84617960000105;0.0000;0.0000;0.0000 
101.89306480000232;0.0000;0.0000;0.1377 
101.94106599999941;0.4474;0.0000;0.0000 
101.98920500000168;0.0000;0.0000;0.0000 
102.03700240000035;0.0000;0.0000;0.1377 
102.08494020000217;0.0000;0.0000;0.1377 
102.13303559999986;0.2237;0.0000;0.0000 
102.18104110000058;0.0000;0.0000;0.2753 
102.22909970000183;0.2237;0.0000;0.2753 
102.27739880000081;0.0000;0.0000;0.1377 
102.32513680000193;0.0000;0.0000;0.0000 
102.3731465000019;0.0000;0.0000;0.0000 
102.42096300000048;0.0000;0.0000;0.2753 
102.46909080000114;0.0000;0.0000;0.0000 
102.51705120000042;-0.2237;0.0000;0.0000 
102.5649736000014;0.0000;0.0000;0.1377 
102.61313960000189;0.0000;0.0000;0.2753 
102.66098520000014;-0.2237;0.0000;0.0000 
102.72482550000132;0.2237;0.0000;0.0034 
102.7729571000018;-0.2237;0.0000;0.0000 
102.8209018000016;0.2237;0.0000;0.0000 
102.86889940000037;-0.2237;0.0000;-0.1377 
102.91710160000002;0.2237;0.0000;0.1377 
102.96509499999956;0.2237;0.0000;0.0000 
103.01292820000162;-0.2237;0.0000;-0.1377 
103.06175989999974;0.4474;0.0000;0.0000 
103.10892070000045;-0.4474;0.0000;0.1377 
103.15692560000025;0.2237;0.0000;0.0000 
103.20526610000161;0.2237;0.0000;0.0000 
103.25326789999963;0.2237;0.0000;0.1377 
103.31669260000126;0.2237;0.0000;0.0034 
103.36472330000106;0.2237;0.0000;0.0034 
103.4126698;0.0000;0.0000;0.0000 
103.46099210000102;-0.2237;0.0000;0.0000 
103.50930950000111;0.0000;0.0000;0.0000 
103.55683230000068;0.0000;0.0000;-0.1377 
103.60489520000192;0.2237;0.0000;-0.1377 
103.65298310000071;-0.2237;0.0000;-0.1377 
103.70092590000058;0.2237;0.0000;-0.1377 
103.74896720000106;0.0000;0.0000;0.2753 
103.79715340000257;0.2237;0.0000;0.2753 
103.84500050000133;0.0000;0.0000;0.1377 
103.89334670000244;0.2237;0.0000;0.2787 
103.95663600000262;0.2237;0.0000;-0.1377 
104.00468589999946;0.2237;0.0000;0.0000 
104.05278410000028;0.2237;0.0000;0.0034 
104.10062830000243;0.0000;0.0000;0.4130 
104.14873060000173;0.2237;0.0000;-0.1377 
104.19670730000144;0.2237;0.0000;0.1377 
104.24475910000183;-0.2237;0.0000;0.0000 
104.29272430000128;-0.2237;0.0000;0.0000 
104.34077760000218;0.2237;0.0000;0.0000 
104.38889910000216;0.0000;0.0000;-0.1377 
104.43692379999993;0.0000;0.0000;-0.1377 
104.48484400000234;0.0000;0.0000;0.0000 
104.53288539999994;0.0000;0.0000;0.1410 
104.58106150000094;0.0000;0.0000;0.1377 
104.64477080000142;0.6711;0.0000;-0.1377 
104.69265000000087;0.0000;0.0000;0.2753 
104.74076860000059;0.0000;0.0000;0.0000 
104.78877700000157;0.2237;0.0000;0.1377 
104.83694000000105;0.2237;0.0000;0.0000 
104.88466370000242;0.0000;0.0000;0.0000 
104.93274999999994;-0.2237;0.0000;0.2753 
104.98075969999991;0.0000;0.0000;0.1377 
105.02885190000234;0.6711;0.0000;0.0000 
105.07682670000213;0.4474;0.0000;0.0000 
105.12488339999982;-0.2237;0.0000;-0.1377 
105.17288010000266;0.0000;0.0000;0.0000 
105.22093830000085;0.0000;0.0000;0.0034 
105.26901949999956;0.2237;0.0000;0.0000 
105.31687950000196;0.0000;0.0000;-0.1377 
105.36503640000228;-0.2237;0.0000;0.1377 
105.41277199999968;0.2237;0.0000;0.1377 
105.46100830000069;0.0000;0.0000;0.0000 
105.50889040000038;0.2237;0.0000;0.0000 
105.57270040000003;0.0000;0.0000;0.0034 
105.62061449999965;0.2237;0.0000;0.0000 
105.66871090000132;0.2237;0.0000;0.0000 
105.71661160000076;0.4474;0.0000;0.1377 
105.76476390000244;0.0000;0.0000;-0.1377 
105.8127639000013;0.0000;0.0000;0.1377 
105.86082460000034;0.2237;0.0000;0.0034 
105.90905589999966;-0.2237;0.0000;0.0000 
105.9567784000028;-0.4474;0.0000;0.0000 
106.00510919999942;-0.2237;0.0000;-0.1377 
106.0531555000016;0.0000;0.0000;0.1377 
106.10086380000212;0.6711;0.0000;0.1377 
106.149621200002;0.0000;0.0000;0.0000 
106.19694670000172;-0.2237;0.0000;0.1377 
106.24522810000053;0.2237;0.0000;0.0000 
106.2928501000024;0.0000;0.0000;0.1377 
106.34112980000282;0.2237;0.0000;0.1377 
106.38913339999999;0.2237;0.0000;0.1377 
106.4370299000002;0.2237;0.0000;0.0000 
106.48518780000086;0.0000;0.0000;0.0000 
106.5497847000006;-0.2237;0.0000;0.0000 
106.5968395000018;0.2237;0.0000;0.0000 
106.64488550000169;0.2237;0.0000;0.0034 
106.69293140000082;0.0000;0.0000;0.2753 
106.74102309999944;0.2237;0.0000;-0.4130 
106.788906400001;0.0000;0.0000;0.0000 
106.83678160000272;0.2237;0.0000;-0.1377 
106.8849721000006;0.2237;0.0000;-0.1377 
106.93304910000006;0.2237;0.0000;0.0000 
106.98231640000085;0.0000;0.0000;0.0000 
107.02892650000285;0.0000;0.0000;0.2753 
107.07700660000046;-0.2237;0.0000;0.0000 
107.12500890000229;0.0000;0.0000;0.1377 
107.17291210000258;0.0000;0.0000;0.0000 
107.23681679999936;-0.2237;0.0000;-0.1377 
107.28479700000025;0.2237;0.0000;-0.1377 
107.33305740000287;-0.2237;0.0000;0.2787 
107.3808373000029;-0.2237;0.0000;0.1377 
107.42897340000127;0.0000;0.0000;0.0000 
107.47715270000117;0.0000;0.0000;-0.1377 
107.52508250000028;0.2237;0.0000;0.0000 
107.57299849999981;0.0000;0.0000;0.1377 
107.62090700000044;0.2237;0.0000;0.0000 
107.66884140000184;0.0000;0.0000;0.1377 
107.71677740000086;0.0000;0.0000;-0.1377 
107.7648872000027;0.6711;0.0000;0.0000 
107.81306550000227;-0.2237;0.0000;-0.1377 
107.87684810000064;0.0000;0.0000;-0.1377 
107.92484030000196;-0.2237;0.0000;0.0000 
107.97297560000152;0.0000;0.0000;-0.1377 
108.02085600000282;0.4474;0.0000;0.1377 
108.06889450000017;0.0000;0.0000;0.4130 
108.11697470000217;0.0000;0.0000;0.2787 
108.16497540000273;0.2237;0.0000;0.2753 
108.21298380000007;0.0000;0.0000;0.1377 
108.2611007000014;-0.2237;0.0000;-0.1377 
108.30897790000017;0.0000;0.0000;0.0000 
108.35751770000206;0.0000;0.0000;-0.1377 
108.40499289999934;0.2237;0.0000;0.0000 
108.45284660000107;-0.2237;0.0000;0.0000 
108.5166973000014;0.2237;0.0000;-0.1377 
108.56475850000061;0.6711;0.0000;0.2787 
108.61273730000175;-0.2237;0.0000;0.0000 
108.66115130000253;0.0000;0.0000;0.1377 
108.70896450000146;0.0000;0.0000;-0.1377 
108.75697249999939;0.0000;0.0000;0.2753 
108.80482940000002;0.0000;0.0000;0.0000 
108.85289140000168;0.0000;0.0000;0.0000 
108.9009444000003;0.0000;0.0000;0.0000 
108.94890189999933;0.0000;0.0000;0.0000 
108.99689679999938;-0.2237;0.0000;-0.1377 
109.04501950000122;0.0000;0.0000;0.1377 
109.09305390000009;0.0000;0.0000;0.0000 
109.14111860000048;0.0000;0.0000;0.0000 
109.18900030000077;0.2237;0.0000;0.1377 
109.23722959999941;0.2237;0.0000;-0.1377 
109.28487950000272;0.0000;0.0000;0.0000 
109.33298220000142;0.4474;0.0000;0.0000 
109.3808549000023;0.4474;0.0000;0.1377 
109.42905330000212;0.2237;0.0000;0.0000 
109.49293039999975;-0.2237;0.0000;0.2753 
109.54077569999936;0.0000;0.0000;-0.1377 
109.58882350000204;0.0000;0.0000;0.1377 
109.6368919000015;-0.6711;0.0000;0.1377 
109.68492660000265;0.2237;0.0000;0.0000 
109.73310739999943;0.0000;0.0000;0.0000 
109.78102130000116;0.0000;0.0000;-0.1377 
109.82877600000211;0.0000;0.0000;0.1377 
109.87682720000157;0.0000;0.0000;0.4163 
109.92502980000063;0.2237;0.0000;0.0000 
109.97294490000058;0.0000;0.0000;-0.1377 
110.02101530000073;0.0000;0.0000;0.0000 
110.06906150000214;0.6711;0.0000;-0.1377 
110.11689770000157;-0.2237;0.0000;0.1410 
110.18065690000003;0.2237;0.0000;0.1377 
110.2285938999994;0.0000;0.0000;0.0000 
110.27683040000193;0.0000;0.0000;0.1377 
110.32552260000011;0.0000;0.0000;0.0000 
110.37270999999964;0.0000;0.0000;0.0000 
110.42070260000037;0.0000;0.0000;0.2753 
110.46874279999975;0.0000;0.0000;0.1377 
110.51664580000215;0.0000;0.0000;0.1377 
110.56479129999934;0.0000;0.0000;0.1377 
110.61277999999947;0.0000;0.0000;0.1377 
110.66087909999987;0.0000;0.0000;0.0000 
110.70878470000025;0.4474;0.0000;0.0000 
110.7567968000003;0.2237;0.0000;0.0000 
110.80471920000127;0.0000;0.0000;0.0000 
110.85289630000261;0.0000;0.0000;0.1377 
110.90088590000232;0.2237;0.0000;-0.1377 
110.94897680000213;-0.2237;0.0000;0.0000 
110.9975293000025;0.2237;0.0000;0.0000 
111.04501570000139;0.0000;0.0000;0.0000 
111.09305590000076;0.2237;0.0000;0.0000 
111.14101640000081;0.0000;0.0000;0.1377 
111.1889179000027;-0.2237;0.0000;0.0000 
111.23710770000253;0.2237;0.0000;0.1377 
111.28484000000026;0.0000;0.0000;0.1377 
111.33305010000186;0.2237;0.0000;0.0000 
111.38101480000114;0.0000;0.0000;-0.1377 
111.42896530000144;0.2237;0.0000;0.0000 
111.4769761000025;0.0000;0.0000;0.0000 
111.52492390000043;0.2237;0.0000;0.0000 
111.57324540000263;0.2237;0.0000;0.4130 
111.62099790000138;0.0000;0.0000;-0.1377 
111.66902599999958;-0.4474;0.0000;0.0000 
111.7328617000021;0.2237;0.0000;0.0000 
111.78076370000053;0.2237;0.0000;-0.1377 
111.82876600000236;0.2237;0.0000;0.1410 
111.87684770000124;-0.2237;0.0000;0.1377 
111.92486460000146;0.2237;0.0000;0.1377 
111.97272760000124;0.2237;0.0000;0.1377 
112.0207616000007;0.2237;0.0000;0.1377 
112.06873810000252;0.0000;0.0000;-0.1377 
112.11696330000268;0.0000;0.0000;0.1377 
112.16478270000152;-0.2237;0.0000;0.0000 
112.21305470000152;0.0000;0.0000;0.0000 
112.2609904000019;0.0000;0.0000;-0.1377 
112.30904940000255;0.0000;0.0000;0.2753 
112.35702110000057;0.8948;0.0000;0.0000 
112.40486450000026;-0.2237;0.0000;0.2753 
112.45331500000248;0.2237;0.0000;0.2787 
112.50126889999956;0.2237;0.0000;0.0000 
112.56460960000186;0.0000;0.0000;0.1377 
112.61271739999938;0.0000;0.0000;-0.4130 
112.66078530000232;0.0000;0.0000;0.0034 
112.70877990000008;0.0000;0.0000;0.1377 
112.7567861000025;0.0000;0.0000;0.0000 
112.8047667000028;0.2237;0.0000;0.0000 
112.85291549999965;0.0000;0.0000;0.0000 
112.90076039999985;0.2237;0.0000;0.1377 
112.94892840000102;0.0000;0.0000;-0.1377 
112.99696780000158;0.0000;0.0000;0.1377 
113.04548120000254;-0.2237;0.0000;0.0000 
113.09307670000271;0.2237;0.0000;0.1377 
113.14116180000201;0.0000;0.0000;0.0000 
113.18897020000077;0.0000;0.0000;0.0000 
113.236960000002;0.0000;0.0000;0.1377 
113.28485630000068;-0.2237;0.0000;0.1377 
113.33291090000057;0.0000;0.0000;0.1377 
113.3809465000013;-0.2237;0.0000;0.1377 
113.42932700000165;0.2237;0.0000;0.0000 
113.4772475000027;0.0000;0.0000;0.0000 
113.52690799999982;0.0000;0.0000;0.1377 
113.57312319999983;0.0000;0.0000;0.1377 
113.62104860000181;0.4474;0.0000;0.1377 
113.68468370000119;0.4474;0.0000;-0.2753 
113.73273610000251;0.0000;0.0000;0.2753 
113.78080460000274;0.8948;0.0000;-0.1377 
113.8287444000016;0.2237;0.0000;0.1377 
113.87684040000022;0.2237;0.0000;-0.1377 
113.92473489999975;-0.2237;0.0000;0.1377 
113.97309320000204;0.0000;0.0000;0.0000 
114.02104759999929;0.0000;0.0000;-0.1377 
114.06892770000195;0.0000;0.0000;0.0000 
114.11682110000038;0.2237;0.0000;-0.1377 
114.16490270000213;0.2237;0.0000;-0.1377 
114.21296060000168;0.0000;0.0000;0.1377 
114.26113520000217;0.0000;0.0000;0.0000 
114.32462959999975;0.0000;0.0000;0.0034 
114.37283440000101;0.2237;0.0000;-0.1377 
114.42078089999995;-0.2237;0.0000;0.1377 
114.46898250000231;-0.4474;0.0000;0.0000 
114.51682240000082;0.2237;0.0000;-0.2753 
114.5650091000025;0.2237;0.0000;0.1410 
114.61315420000028;0.2237;0.0000;-0.1377 
114.66096530000141;0.0000;0.0000;-0.1377 
114.70899260000078;0.0000;0.0000;0.0000 
114.75714420000077;0.2237;0.0000;0.0000 
114.80500350000148;-0.2237;0.0000;0.0000 
114.86862509999992;0.4474;0.0000;0.1377 
114.91671390000192;-0.2237;0.0000;-0.2753 
114.96503099999973;0.2237;0.0000;-0.1377 
115.01291390000188;0.0000;0.0000;-0.1377 
115.06094600000142;-0.2237;0.0000;0.0000 
115.10918690000108;0.2237;0.0000;0.0000 
115.15735230000064;0.0000;0.0000;0.0000 
115.20518490000177;0.2237;0.0000;0.0000 
115.25298119999934;0.0000;0.0000;0.0000 
115.3008430000009;0.2237;0.0000;0.0000 
115.34889420000036;0.0000;0.0000;0.0000 
115.39703560000271;-0.4474;0.0000;0.1410 
115.44483300000138;0.6711;0.0000;0.1377 
115.50870829999985;0.2237;0.0000;-0.2753 
115.55672360000244;0.0000;0.0000;0.1377 
115.60486429999946;-0.2237;0.0000;0.0000 
115.65294659999927;0.0000;0.0000;0.1377 
115.7009266999994;0.2237;0.0000;0.0034 
115.7487457999996;-0.4474;0.0000;0.1377 
115.79682150000008;0.4474;0.0000;0.2753 
115.84479860000283;0.2237;0.0000;0.0000 
115.89288180000221;0.0000;0.0000;0.0000 
115.94087639999998;0.4474;0.0000;0.0000 
115.98887090000062;-0.2237;0.0000;0.0000 
116.03685190000033;-0.2237;0.0000;-0.1377 
116.10062820000167;0.0000;0.0000;-0.1377 
116.14879280000241;-0.8948;0.0000;0.2753 
116.19717339999988;0.2237;0.0000;0.2753 
116.24478730000192;-0.4474;0.0000;0.0000 
116.29276089999985;0.4474;0.0000;0.2753 
116.34069790000285;0.2237;0.0000;0.0000 
116.38878670000122;0.0000;0.0000;0.1377 
116.43681920000017;0.0000;0.0000;0.0000 
116.48516050000035;0.0000;0.0000;0.0000 
116.53291829999944;-0.2237;0.0000;0.0000 
116.58086800000092;0.0000;0.0000;-0.1377 
116.6288741999997;-0.2237;0.0000;0.0000 
116.6768699000022;0.2237;0.0000;0.1410 
116.7250380000005;-0.2237;0.0000;0.1377 
116.77300470000046;0.0000;0.0000;0.0000 
116.82109920000221;0.0000;0.0000;0.0000 
116.8688409000024;0.0000;0.0000;0.0000 
116.91675590000159;0.2237;0.0000;0.2787 
116.96494670000175;0.2237;0.0000;0.0000 
117.02868350000062;0.0000;0.0000;0.0000 
117.07665769999949;0.0000;0.0000;0.0000 
117.12457420000283;0.2237;0.0000;0.0000 
117.17254580000008;0.2237;0.0000;0.0000 
117.22069440000269;0.0000;0.0000;0.1377 
117.26874280000266;-0.2237;0.0000;0.2787 
117.31665509999948;0.0000;0.0000;0.2787 
117.36471620000157;0.2237;0.0000;-0.1377 
117.4128770999996;0.2237;0.0000;0.1377 
117.46083700000236;0.0000;0.0000;-0.1377 
117.50881990000198;-0.2237;0.0000;0.1377 
117.55685620000077;0.0000;0.0000;0.0000 
117.6049665999999;-0.2237;0.0000;0.0000 
117.65302760000122;-0.2237;0.0000;0.0000 
117.70110660000137;0.0000;0.0000;0.1410 
117.74899990000267;0.2237;0.0000;0.0000 
117.79691340000136;0.2237;0.0000;0.0000 
117.84480610000173;0.2237;0.0000;0.2753 
117.89324000000124;0.0000;0.0000;0.1377 
117.94092120000278;0.2237;0.0000;0.4130 
117.98895769999945;0.4474;0.0000;0.0000 
118.03709900000104;0.2237;0.0000;0.1377 
118.08486819999962;-0.2237;0.0000;0.1377 
118.1486889000007;0.4474;0.0000;0.0000 
118.19669840000279;0.0000;0.0000;0.0000 
118.24465520000012;0.2237;0.0000;0.1377 
118.29265429999941;0.0000;0.0000;0.0000 
118.34073740000167;-0.2237;0.0000;0.0000 
118.38881590000165;0.0000;0.0000;0.0000 
118.43665950000286;0.0000;0.0000;0.1377 
118.48465700000088;0.0000;0.0000;0.1377 
118.53269850000288;-0.2237;0.0000;0.1410 
118.58098840000093;0.0000;0.0000;0.2787 
118.62877450000087;-0.2237;0.0000;0.0000 
118.67674190000253;0.4474;0.0000;0.0000 
118.72488760000124;-0.2237;0.0000;-0.1377 
118.77290840000205;0.0000;0.0000;0.0000 
118.82093689999965;0.0000;0.0000;0.2753 
118.86895590000131;0.2237;0.0000;0.0000 
118.9168634000016;0.4474;0.0000;0.2753 
118.96493209999971;-0.2237;0.0000;0.0000 
119.0129244000018;0.0000;0.0000;0.0000 
119.06106200000067;0.0000;0.0000;0.0000 
119.10897889999978;0.0000;0.0000;0.1377 
119.15714220000154;0.0000;0.0000;0.1410 
119.20505690000209;0.2237;0.0000;0.0000 
119.26861790000112;0.2237;0.0000;0.0000 
119.3166431000027;0.0000;0.0000;0.1410 
119.36478650000208;-0.2237;0.0000;0.1377 
119.4128982000002;0.2237;0.0000;0.1377 
119.46098569999958;0.2237;0.0000;0.0000 
119.50882850000198;0.2237;0.0000;-0.1377 
119.55675049999991;-0.4474;0.0000;0.0000 
119.60477130000072;0.2237;0.0000;0.1377 
119.65305200000148;-0.4474;0.0000;0.1377 
119.70086020000235;0.0000;0.0000;0.0000 
119.74910490000184;0.0000;0.0000;0.0000 
119.79700670000238;0.0000;0.0000;-0.1377 
119.84495400000014;-0.2237;0.0000;0.0000 
119.89306560000114;0.2237;0.0000;0.1410 
119.9416698999994;0.0000;0.0000;0.0000 
119.98890179999944;0.2237;0.0000;0.1410 
120.03715980000197;0.2237;0.0000;0.1377 
120.08487500000047;0.2237;0.0000;0.1377 
120.13277990000279;0.2237;0.0000;0.1377 
120.18101880000177;0.0000;0.0000;0.1377 
120.22884720000002;0.4474;0.0000;0.1410 
120.27724070000113;0.2237;0.0000;0.2787 
120.3249519000019;0.4474;0.0000;0.2787 
120.38867820000087;-0.2237;0.0000;0.0000 
120.43668059999982;0.0000;0.0000;0.0000 
120.48476750000191;0.2237;0.0000;0.1377 
120.53275130000111;0.0000;0.0000;0.4130 
120.5808563999999;0.0000;0.0000;0.1377 
120.62880539999969;0.0000;0.0000;0.0000 
120.67689489999975;0.0000;0.0000;0.2753 
120.72483149999971;0.0000;0.0000;0.2753 
120.7727115000016;0.2237;0.0000;0.0034 
120.82078589999946;0.0000;0.0000;0.2787 
120.8691209000026;0.2237;0.0000;0.1377 
120.91739850000158;0.0000;0.0000;0.1377 
120.96486089999962;-0.2237;0.0000;0.2787 
121.01289650000035;0.6711;0.0000;0.1377 
121.06087079999998;0.2237;0.0000;-0.1377 
121.10933500000101;0.2237;0.0000;0.0000 
121.15691119999974;0.2237;0.0000;0.0000 
121.20498740000039;-0.2237;0.0000;0.0000 
121.2529248000028;0.2237;0.0000;0.0000 
121.30096240000057;0.2237;0.0000;0.1410 
121.34997210000074;0.0000;0.0000;-0.1377 
121.41262270000152;0.2237;0.0000;-0.1377 
121.46088280000185;0.0000;0.0000;0.1377 
121.50869389999934;0.2237;0.0000;0.0000 
121.55689390000043;0.2237;0.0000;-0.1377 
121.60470820000046;-0.2237;0.0000;0.1377 
121.65286140000171;0.0000;0.0000;0.0000 
121.70083209999939;0.0000;0.0000;0.0000 
121.7487285999996;-0.2237;0.0000;0.2787 
121.7967693999999;0.2237;0.0000;0.1377 
121.84483170000021;0.2237;0.0000;0.0000 
121.89290110000002;0.2237;0.0000;-0.1377 
121.94099560000177;0.0000;0.0000;0.1377 
121.98928090000118;0.0000;0.0000;0.1377 
122.03691190000245;0.2237;0.0000;0.0000 
122.08502380000209;0.0000;0.0000;0.0000 
122.13303780000206;-0.2237;0.0000;0.1410 
122.18105110000033;0.2237;0.0000;0.2753 
122.2291065999998;0.0000;0.0000;-0.1377 
122.2926131000022;0.2237;0.0000;0.1377 
122.34075750000193;0.0000;0.0000;0.0000 
122.38859690000027;0.0000;0.0000;0.0000 
122.436632500001;0.0000;0.0000;0.1410 
122.48506950000228;0.2237;0.0000;-0.1377 
122.53369419999945;0.4474;0.0000;0.1377 
122.58069400000022;0.0000;0.0000;-0.1377 
122.62869670000146;0.0000;0.0000;0.1377 
122.67690880000009;0.0000;0.0000;0.2753 
122.72482049999962;0.0000;0.0000;0.1377 
122.77291669999977;-0.2237;0.0000;0.2787 
122.820945200001;0.2237;0.0000;0.4130 
122.86872399999993;0.0000;0.0000;0.1377 
122.9168705000011;0.0000;0.0000;-0.2753 
122.96508010000252;0.0000;0.0000;0.0000 
123.01302120000037;0.2237;0.0000;0.2787 
123.06093189999956;0.2237;0.0000;0.1377 
123.1088665999996;-0.2237;0.0000;0.2787 
123.156809600001;0.2237;0.0000;0.0000 
123.20506920000116;0.0000;0.0000;0.0000 
123.2532054000003;0.2237;0.0000;0.0000 
123.30075610000131;0.4474;0.0000;0.1410 
123.3487653000011;0.0000;0.0000;0.0000 
123.39719100000002;-0.2237;0.0000;0.1377 
123.4608197000016;0.0000;0.0000;0.2787 
123.50864590000128;0.4474;0.0000;-0.1377 
123.55668990000049;-0.2237;0.0000;-0.2753 
123.6046677000013;0.0000;0.0000;-0.1377 
123.65294949999952;-0.2237;0.0000;-0.1377 
123.70101319999958;0.2237;0.0000;0.1377 
123.74911200000133;-0.2237;0.0000;0.0000 
123.79687259999992;0.0000;0.0000;0.0000 
123.84535730000061;0.0000;0.0000;0.0000 
123.90894010000193;0.0000;0.0000;-0.1377 
123.95689940000011;0.2237;0.0000;-0.1377 
124.00476759999947;0.2237;0.0000;0.2753 
124.05262950000179;0.0000;0.0000;0.0000 
124.10087850000127;0.0000;0.0000;0.0000 
124.14930670000103;0.2237;0.0000;0.0000 
124.19683250000162;0.0000;0.0000;0.0000 
124.24461000000156;0.0000;0.0000;0.1377 
124.29278250000061;-0.2237;0.0000;0.2787 
124.34088610000254;0.2237;0.0000;0.0000 
124.38900170000124;0.2237;0.0000;-0.1377 
124.43693880000137;-0.2237;0.0000;-0.1377 
124.4853660000008;0.2237;0.0000;0.0000 
124.54862210000283;0.2237;0.0000;-0.1377 
124.59708959999989;0.2237;0.0000;0.1377 
124.64467490000243;0.0000;0.0000;0.0000 
124.69269429999986;0.2237;0.0000;-0.1377 
124.74066859999948;0.0000;0.0000;0.0000 
124.78893170000083;0.0000;0.0000;-0.1377 
124.83688370000164;0.2237;0.0000;0.0000 
124.8849494999995;0.2237;0.0000;-0.2753 
124.93293629999971;-0.2237;0.0000;0.2753 
124.98084970000127;-0.2237;0.0000;0.1377 
125.02902000000176;0.2237;0.0000;0.0000 
125.07682090000162;0.2237;0.0000;0.0000 
125.12491779999982;0.2237;0.0000;0.0000 
125.17298320000191;0.0000;0.0000;0.1377 
125.22095529999933;0.4474;0.0000;-0.1377 
125.28456200000073;-0.2237;0.0000;0.0000 
125.33282139999937;0.2237;0.0000;0.1377 
125.38070000000153;0.0000;0.0000;0.0000 
125.42865929999971;-0.2237;0.0000;0.1377 
125.47664850000001;0.0000;0.0000;0.1377 
125.52482670000245;0.0000;0.0000;0.0000 
125.57272190000003;0.0000;0.0000;-0.1377 
125.6208798000007;-0.2237;0.0000;0.0000 
125.66906510000263;-0.2237;0.0000;0.1377 
125.71674089999942;-0.2237;0.0000;0.0000 
125.76488130000143;0.0000;0.0000;-0.1377 
125.8130373999993;0.2237;0.0000;0.2753 
125.86080349999975;0.0000;0.0000;0.0000 
125.90926129999934;0.0000;0.0000;0.0000 
125.95696859999953;0.0000;0.0000;0.1377 
126.02069780000238;-0.2237;0.0000;0.0000 
126.06885010000042;-0.2237;0.0000;0.1377 
126.11686250000275;0.0000;0.0000;0.1377 
126.1647438;0.0000;0.0000;0.0000 
126.21276539999963;-0.2237;0.0000;0.1377 
126.2609435000013;0.2237;0.0000;0.2753 
126.30881090000184;0.0000;0.0000;0.0000 
126.35696010000174;0.2237;0.0000;0.0000 
126.40498800000205;0.2237;0.0000;-0.1377 
126.45303910000075;-0.2237;0.0000;0.1377 
126.50091020000036;0.2237;0.0000;0.0000 
126.54883859999973;0.2237;0.0000;0.1377 
126.59698080000089;0.0000;0.0000;0.0000 
126.64500920000137;0.0000;0.0000;0.0000 
126.69290109999929;-0.2237;0.0000;0.1377 
126.74119880000217;0.2237;0.0000;0.0000 
126.78899610000008;0.2237;0.0000;0.1377 
126.83693250000215;0.0000;0.0000;0.1377 
126.88474950000091;0.0000;0.0000;0.0000 
126.93299470000056;0.0000;0.0000;0.0000 
126.99662050000188;0.0000;0.0000;-0.1377 
127.04460530000142;0.0000;0.0000;0.1377 
127.09264769999936;0.0000;0.0000;0.2753 
127.14065810000102;0.0000;0.0000;0.1377 
127.18892380000034;0.2237;0.0000;0.1377 
127.23664030000145;0.4474;0.0000;0.2787 
127.2847483000005;0.0000;0.0000;0.0034 
127.3328861000009;0.0000;0.0000;-0.2753 
127.38106300000072;0.2237;0.0000;0.0000 
127.42875450000065;0.0000;0.0000;0.0000 
127.47665570000026;0.0000;0.0000;0.0000 
127.52488640000229;0.0000;0.0000;0.0000 
127.57275500000105;0.0000;0.0000;0.0000 
127.62110129999928;-0.2237;0.0000;0.0000 
127.66886860000159;0.4474;0.0000;-0.1377 
127.71704060000047;0.2237;0.0000;0.2753 
127.76512680000087;0.0000;0.0000;-0.1377 
127.81418080000003;0.2237;0.0000;0.0000 
127.86096060000273;0.2237;0.0000;0.0000 
127.9090197000005;-0.2237;0.0000;0.0000 
127.97261470000012;-0.2237;0.0000;0.0000 
128.02068800000052;0.0000;0.0000;0.0000 
128.0687481999994;0.0000;0.0000;0.2753 
128.11670159999994;0.0000;0.0000;0.0000 
128.16528390000167;0.0000;0.0000;0.1377 
128.21283330000006;0.4474;0.0000;-0.1377 
128.2606549000011;0.0000;0.0000;0.1377 
128.30894610000178;0.2237;0.0000;0.0000 
128.35704930000065;-0.2237;0.0000;0.0034 
128.40482820000034;0.0000;0.0000;0.1377 
128.4528229000025;0.0000;0.0000;-0.1377 
128.5010966000009;0.0000;0.0000;0.2753 
128.54877699999997;0.0000;0.0000;0.1377 
128.59704079999938;0.2237;0.0000;0.1377 
128.64493120000043;0.0000;0.0000;-0.1377 
128.69286710000233;0.2237;0.0000;0.2787 
128.7409387000007;-0.2237;0.0000;0.0000 
128.7889811999994;0.0000;0.0000;0.0000 
128.83699660000275;0.2237;0.0000;0.0000 
128.88513840000087;0.0000;0.0000;0.0000 
128.9486773000026;-0.2237;0.0000;0.0034 
128.99709520000033;-0.8948;0.0000;0.0000 
129.0447258000022;0.2237;0.0000;0.0000 
129.09270880000258;0.0000;0.0000;0.1377 
129.14083320000282;0.2237;0.0000;-0.1377 
129.18890550000287;-0.2237;0.0000;0.1377 
129.23694270000124;0.0000;0.0000;0.0000 
129.28500379999969;0.2237;0.0000;0.0000 
129.33282280000276;-0.2237;0.0000;0.1377 
129.3809555000007;0.0000;0.0000;0.0000 
129.4290801999996;-0.2237;0.0000;0.1377 
129.49268400000074;-0.2237;0.0000;-0.1377 
129.54071309999927;0.2237;0.0000;0.0000 
129.5887889000005;0.2237;0.0000;0.1377 
129.63675689999945;0.0000;0.0000;0.0000 
129.6847235000023;0.0000;0.0000;-0.2753 
129.73274420000234;0.2237;0.0000;-0.1377 
129.78097510000225;-0.2237;0.0000;0.1377 
129.82883380000203;0.4474;0.0000;0.0000 
129.87726079999993;-0.2237;0.0000;0.1410 
129.92509620000055;-0.2237;0.0000;0.2787 
129.97294870000042;0.0000;0.0000;0.0000 
130.03670300000158;-0.2237;0.0000;0.0000 
130.08463839999968;-0.2237;0.0000;0.1377 
130.13272230000075;0.0000;0.0000;0.1377 
130.18075339999996;-0.2237;0.0000;0.0000 
130.22881620000044;-0.2237;0.0000;0.1377 
130.2770089000005;-0.2237;0.0000;0.0000 
130.32507880000048;0.0000;0.0000;0.1377 
130.3728250000022;0.2237;0.0000;0.1377 
130.42094550000184;0.0000;0.0000;0.0034 
130.46914900000047;0.0000;0.0000;-0.2753 
130.51692550000007;0.0000;0.0000;0.0000 
130.56487390000257;0.0000;0.0000;0.0000 
130.61283589999948;0.2237;0.0000;0.0000 
130.66118410000126;0.2237;0.0000;0.2787 
130.70881310000186;0.0000;0.0000;0.0000 
130.75706440000067;0.4474;0.0000;0.2753 
130.8207137999998;0.2237;0.0000;-0.1377 
130.86864100000093;0.4474;0.0000;0.0000 
130.91665400000056;0.0000;0.0000;0.0000 
130.96471270000256;0.0000;0.0000;0.0000 
131.01300800000172;0.2237;0.0000;0.0000 
131.06069130000105;-0.2237;0.0000;0.1377 
131.10874310000145;0.2237;0.0000;-0.1377 
131.15693900000042;0.2237;0.0000;0.0000 
131.20482220000122;-0.2237;0.0000;0.0000 
131.25292249999984;0.0000;0.0000;0.0000 
131.30077910000182;0.2237;0.0000;0.1377 
131.34912310000072;0.0000;0.0000;0.1410 
131.3968644000015;0.4474;0.0000;0.2787 
131.4447884000001;0.0000;0.0000;0.0000 
131.4927639000016;0.0000;0.0000;0.0000 
131.54097250000268;0.2237;0.0000;0.1377 
131.58880160000263;0.2237;0.0000;0.0000 
131.63690560000032;0.2237;0.0000;0.0000 
131.68476490000103;-0.4474;0.0000;0.4163 
131.73282810000092;0.2237;0.0000;0.2787 
131.7809156000003;0.2237;0.0000;0.1377 
131.82894980000128;0.0000;0.0000;0.2753 
131.87701270000252;0.0000;0.0000;0.0000 
131.92504080000072;0.0000;0.0000;0.0034 
131.9729726000005;0.0000;0.0000;0.0000 
132.03661719999945;0.0000;0.0000;-0.1377 
132.08461050000187;0.4474;0.0000;0.0000 
132.13280210000084;0.2237;0.0000;-0.2753 
132.1809725000021;0.2237;0.0000;0.1377 
132.22873560000153;0.6711;0.0000;0.0000 
132.27675300000192;0.0000;0.0000;0.1377 
132.32470000000103;-0.2237;0.0000;0.1410 
132.37280300000202;0.2237;0.0000;0.1377 
132.42076749999978;0.0000;0.0000;0.1410 
132.46884290000162;0.2237;0.0000;0.0034 
132.5169741000027;0.0000;0.0000;0.1377 
132.56514199999947;0.2237;0.0000;0.1377 
132.61281980000058;0.2237;0.0000;0.0000 
132.66074540000045;0.4474;0.0000;0.1377 
132.7088700000022;0.2237;0.0000;0.0000 
132.75702319999982;0.0000;0.0000;-0.2753 
132.8048383000023;0.0000;0.0000;0.0000 
132.85298090000288;0.0000;0.0000;0.1377 
132.9009068000014;0.2237;0.0000;0.0034 
132.94880399999965;0.0000;0.0000;0.1377 
132.99670700000206;0.0000;0.0000;0.0000 
133.04490179999993;0.2237;0.0000;0.1377 
133.09289519999948;0.0000;0.0000;0.2753 
133.14087570000265;0.0000;0.0000;0.0000 
133.1886627999993;0.2237;0.0000;0.0000 
133.23705600000176;0.0000;0.0000;0.0000 
133.28485840000212;0.0000;0.0000;-0.1377 
133.33304810000118;0.2237;0.0000;0.0000 
133.38087860000087;0.4474;0.0000;0.1410 
133.42879650000032;0.0000;0.0000;0.1410 
133.47690430000148;0.0000;0.0000;0.0000 
133.52535809999972;0.0000;0.0000;0.0000 
133.58866130000024;0.0000;0.0000;-0.1377 
133.63666139999987;0.2237;0.0000;-0.1377 
133.68466660000195;-0.4474;0.0000;0.1377 
133.73281490000227;0.0000;0.0000;0.0000 
133.78083600000173;0.0000;0.0000;0.1377 
133.82891290000043;-0.2237;0.0000;0.0000 
133.87697190000108;0.0000;0.0000;0.4130 
133.92486690000078;-0.2237;0.0000;0.1377 
133.9729858999999;0.2237;0.0000;0.1377 
134.02069950000077;0.0000;0.0000;0.0000 
134.06868720000057;0.0000;0.0000;0.1377 
134.11687829999937;0.2237;0.0000;0.2753 
134.16489700000238;0.0000;0.0000;0.0000 
134.21279810000124;0.2237;0.0000;0.0000 
134.2608876000013;0.0000;0.0000;0.0000 
134.3092699000008;0.2237;0.0000;0.2753 
134.3568696000002;0.2237;0.0000;0.2787 
134.40480020000177;-0.2237;0.0000;0.0034 
134.46879900000204;0.0000;0.0000;-0.1377 
134.51673010000013;0.0000;0.0000;0.0000 
134.5646839000001;0.0000;0.0000;0.1377 
134.61267990000124;0.0000;0.0000;0.0000 
134.66067250000197;0.2237;0.0000;0.0000 
134.7089245999996;0.0000;0.0000;0.2753 
134.75669870000274;0.0000;0.0000;0.0000 
134.8046933000005;0.4474;0.0000;0.1410 
134.8526993000014;-0.2237;0.0000;0.0000 
134.90074800000002;-0.2237;0.0000;0.1377 
134.94877730000007;0.0000;0.0000;0.4130 
134.9967968000019;0.0000;0.0000;0.1377 
135.04523650000192;-0.2237;0.0000;0.1410 
135.0928817999993;0.0000;0.0000;0.1377 
135.14084709999952;0.0000;0.0000;0.0000 
135.18887600000016;0.0000;0.0000;0.1377 
135.23678650000147;0.0000;0.0000;0.0000 
135.28501730000062;0.2237;0.0000;0.1377 
135.33279700000276;-0.2237;0.0000;0.1377 
135.38113560000056;0.0000;0.0000;0.1377 
135.42892850000135;0.0000;0.0000;0.0000 
135.47689680000258;0.0000;0.0000;0.2787 
135.52498560000095;0.6711;0.0000;0.1377 
135.57288569999946;0.2237;0.0000;0.0000 
135.6209759000012;0.2237;0.0000;0.1377 
135.66894150000007;0.0000;0.0000;0.1377 
135.7169016000007;0.0000;0.0000;0.2753 
135.76513290000003;0.0000;0.0000;0.1377 
135.82857069999955;-0.2237;0.0000;0.0000 
135.87663299999986;0.2237;0.0000;0.0000 
135.92464839999957;0.0000;0.0000;0.0000 
135.97300950000135;0.2237;0.0000;-0.1377 
136.02077700000154;0.2237;0.0000;0.0000 
136.0687352999994;0.2237;0.0000;0.1377 
136.11692570000014;0.0000;0.0000;0.0000 
136.16479380000237;0.0000;0.0000;0.1377 
136.21276130000115;-0.2237;0.0000;0.1377 
136.26155870000002;0.0000;0.0000;0.0000 
136.3087704000027;-0.2237;0.0000;0.0000 
136.35680670000147;0.2237;0.0000;-0.1377 
136.4049358000011;0.0000;0.0000;0.2753 
136.45304750000287;0.2237;0.0000;0.0000 
136.50110230000064;0.4474;0.0000;0.0000 
136.54877990000023;0.2237;0.0000;0.2753 
136.5969197000013;0.0000;0.0000;0.0000 
136.64485890000287;0.0000;0.0000;0.0000 
136.6930155000009;0.2237;0.0000;0.2787 
136.7410173999997;0.0000;0.0000;0.1377 
136.78886400000192;0.0000;0.0000;0.0000 
136.83694450000257;0.0000;0.0000;-0.1377 
136.8849270000028;0.4474;0.0000;0.0000 
136.93285060000198;0.0000;0.0000;0.0000 
136.99658190000264;-0.2237;0.0000;0.0000 
137.04480300000068;0.0000;0.0000;0.1377 
137.09289510000235;0.2237;0.0000;0.1377 
137.14068790000238;0.0000;0.0000;0.0000 
137.1887213000009;0.0000;0.0000;-0.1377 
137.2367008000001;0.0000;0.0000;0.1377 
137.2846712999999;0.0000;0.0000;0.2787 
137.33301420000134;0.0000;0.0000;0.0000 
137.38076659999933;0.0000;0.0000;0.1377 
137.42865480000182;0.0000;0.0000;0.1377 
137.4766438000006;0.0000;0.0000;0.2753 
137.5245427000009;0.0000;0.0000;0.4130 
137.5730117000021;0.0000;0.0000;0.1377 
137.62067650000245;0.2237;0.0000;0.1377 
137.66912850000153;0.0000;0.0000;0.1377 
137.71680080000078;-0.2237;0.0000;0.1377 
137.7649670000028;0.0000;0.0000;-0.1377 
137.812990800001;-0.2237;0.0000;0.1377 
137.8610716000003;-0.2237;0.0000;0.1377 
137.90926880000188;0.2237;0.0000;0.2753 
137.9567863000011;0.2237;0.0000;0.0000 
138.0050807000007;0.0000;0.0000;-0.1377 
138.06858130000182;-0.2237;0.0000;0.1377 
138.11664510000264;0.4474;0.0000;0.2787 
138.1647542999999;0.4474;0.0000;0.0000 
138.21261360000062;-0.2237;0.0000;0.2753 
138.26103710000098;0.0000;0.0000;-0.1377 
138.3086531000008;-0.2237;0.0000;0.0000 
138.35670590000154;0.0000;0.0000;0.0000 
138.40483350000068;0.0000;0.0000;0.1377 
138.4530259000021;-0.2237;0.0000;0.2787 
138.50173600000198;0.2237;0.0000;0.0034 
138.54943230000208;0.2237;0.0000;0.0000 
138.5967574000024;0.0000;0.0000;0.0000 
138.64494280000144;0.0000;0.0000;0.0000 
138.69304140000168;0.0000;0.0000;0.1377 
138.7410787000008;0.0000;0.0000;0.0000 
138.78889920000074;0.0000;0.0000;0.1377 
138.83672790000128;0.0000;0.0000;0.0000 
138.88494560000254;0.0000;0.0000;0.1377 
138.93303580000065;0.2237;0.0000;0.0000 
138.99670610000248;0.0000;0.0000;-0.1377 
139.04466180000236;0.0000;0.0000;0.1377 
139.09253979999994;0.2237;0.0000;0.0000 
139.14063560000068;-0.2237;0.0000;0.0000 
139.1886510000004;0.0000;0.0000;0.1377 
139.23697710000124;0.2237;0.0000;0.0000 
139.2848159000023;-0.2237;0.0000;0.0000 
139.33290309999938;0.2237;0.0000;0.1377 
139.38073160000204;0.2237;0.0000;0.4163 
139.42864069999996;0.0000;0.0000;0.0000 
139.47660410000026;0.2237;0.0000;0.1410 
139.52469500000007;0.4474;0.0000;0.1377 
139.57267499999944;0.0000;0.0000;0.0000 
139.62093980000282;-0.2237;0.0000;0.1377 
139.66872839999996;0.0000;0.0000;0.0000 
139.71676520000256;0.0000;0.0000;0.2753 
139.7647806999994;-0.2237;0.0000;0.1377 
139.81283529999928;0.0000;0.0000;0.0000 
139.86097430000154;0.0000;0.0000;-0.1377 
139.90882319999946;0.2237;0.0000;0.4130 
139.95720690000235;0.4474;0.0000;0.0000 
140.0048420000021;0.0000;0.0000;0.0000 
140.05295090000072;0.0000;0.0000;-0.1377 
140.10085009999966;0.0000;0.0000;0.0000 
140.16461189999973;-0.4474;0.0000;0.1377 
140.21262910000223;0.0000;0.0000;0.1410 
140.26060150000194;0.0000;0.0000;0.0000 
140.30871110000226;0.0000;0.0000;-0.1377 
140.35671000000002;0.0000;0.0000;0.0000 
140.40470490000007;0.0000;0.0000;0.1377 
140.4526936000002;0.0000;0.0000;-0.1377 
140.50075690000085;0.2237;0.0000;0.1377 
140.54878710000048;0.2237;0.0000;0.0000 
140.59689980000257;0.0000;0.0000;0.0000 
140.64474340000015;0.0000;0.0000;0.0000 
140.69289200000276;0.0000;0.0000;0.0000 
140.74076269999932;0.2237;0.0000;0.0000 
140.78921750000154;0.0000;0.0000;-0.2753 
140.8368033000006;0.0000;0.0000;0.2753 
140.8848008999994;0.2237;0.0000;0.2787 
140.93276550000155;0.0000;0.0000;0.0000 
140.98113130000274;-0.2237;0.0000;0.0000 
141.02887120000014;0.0000;0.0000;0.0000 
141.07711120000022;0.2237;0.0000;0.0000 
141.12481130000015;0.2237;0.0000;0.1377 
141.17309709999972;-0.2237;0.0000;0.0000 
141.22095489999992;0.0000;0.0000;0.0000 
141.26892589999989;0.2237;0.0000;0.0000 
141.3169283999996;0.2237;0.0000;0.0000 
141.3807314000005;0.0000;0.0000;-0.1377 
141.42920760000197;0.0000;0.0000;0.4130 
141.4768718000014;0.4474;0.0000;0.0000 
141.52474319999965;0.0000;0.0000;0.0034 
141.57274189999953;0.4474;0.0000;0.0000 
141.6208308000023;0.2237;0.0000;-0.1377 
141.66868760000216;0.2237;0.0000;0.0000 
141.71675470000264;0.0000;0.0000;0.1377 
141.76478450000286;0.2237;0.0000;0.0000 
141.81293920000098;0.0000;0.0000;-0.1377 
141.86173849999977;0.0000;0.0000;-0.1377 
141.90871120000156;0.0000;0.0000;-0.1377 
141.95680429999993;0.0000;0.0000;0.0000 
142.0050093000027;0.0000;0.0000;0.0000 
142.05298510000284;0.0000;0.0000;0.1377 
142.10077870000168;0.2237;0.0000;0.1377 
142.14874380000037;0.2237;0.0000;0.0000 
142.1968575000028;0.2237;0.0000;0.1377 
142.24478870000166;0.0000;0.0000;0.0000 
142.29279880000104;0.2237;0.0000;0.0000 
142.34083010000177;-0.6711;0.0000;0.0000 
142.4046197000025;0.0000;0.0000;0.1410 
142.45254530000238;0.2237;0.0000;0.1377 
142.50046049999946;0.4474;0.0000;0.1410 
142.5487193000008;0.0000;0.0000;-0.1377 
142.59664390000034;-0.2237;0.0000;0.0000 
142.6448034999994;0.4474;0.0000;0.0000 
142.6927848000014;-0.2237;0.0000;0.0000 
142.74074740000287;-0.4474;0.0000;0.2753 
142.7888963000005;0.2237;0.0000;0.0000 
142.83665300000212;0.0000;0.0000;0.2753 
142.88480770000024;0.0000;0.0000;0.1410 
142.93268309999985;0.0000;0.0000;0.0000 
142.98073579999982;0.0000;0.0000;0.1377 
143.02872059999936;0.0000;0.0000;0.0000 
143.07678959999976;0.2237;0.0000;-0.2753 
143.12531710000258;0.0000;0.0000;0.2753 
143.17269370000213;0.0000;0.0000;0.1377 
143.22081560000152;0.2237;0.0000;0.1377 
143.28462750000108;-0.2237;0.0000;-0.1377 
143.33258330000172;0.2237;0.0000;0.1377 
143.3809555000007;-0.2237;0.0000;0.1410 
143.4291473000012;-0.2237;0.0000;0.0000 
143.47665570000026;0.2237;0.0000;0.0000 
143.5247417999999;0.0000;0.0000;0.1377 
143.57281630000216;-0.2237;0.0000;0.1377 
143.62082160000136;0.0000;0.0000;-0.1377 
143.66891650000252;0.0000;0.0000;0.1377 
143.71662880000076;0.0000;0.0000;0.0000 
143.76499200000035;0.2237;0.0000;-0.2753 
143.81271030000062;0.4474;0.0000;0.2753 
143.86161060000086;0.0000;0.0000;0.0000 
143.90947990000132;0.0000;0.0000;0.0000 
143.95681400000103;0.0000;0.0000;0.0000 
144.00526250000257;0.0000;0.0000;0.0000 
144.06852960000106;-0.2237;0.0000;-0.1377 
144.1166168000018;-0.2237;0.0000;0.0000 
144.16498750000028;0.0000;0.0000;0.0034 
144.21290950000184;0.0000;0.0000;0.1377 
144.26099290000275;-0.2237;0.0000;0.0000 
144.30879240000286;0.0000;0.0000;0.1377 
144.35684559999936;0.4474;0.0000;0.0000 
144.4047989000028;-0.2237;0.0000;-0.1377 
144.45290830000158;0.0000;0.0000;0.1377 
144.50100210000164;0.2237;0.0000;0.0000 
144.5490043000027;0.0000;0.0000;0.0000 
144.59671530000196;0.2237;0.0000;0.1377 
144.64497269999993;0.0000;0.0000;0.2787 
144.69295540000167;0.2237;0.0000;0.0000 
144.74104200000147;0.2237;0.0000;0.1377 
144.78885020000234;0.0000;0.0000;0.1377 
144.8370658999993;0.2237;0.0000;0.1410 
144.88493999999992;0.2237;0.0000;0.0000 
144.9327059999996;0.6711;0.0000;0.0000 
144.98075510000126;0.0000;0.0000;0.1377 
145.02906280000025;0.2237;0.0000;0.0000 
145.07692710000265;-0.2237;0.0000;0.0000 
145.14071350000086;0.0000;0.0000;-0.1377 
145.18868870000006;0.0000;0.0000;0.1377 
145.2366456000018;-0.2237;0.0000;0.0000 
145.28514229999928;0.0000;0.0000;0.0000 
145.33289739999964;0.4474;0.0000;-0.1377 
145.38107579999996;0.2237;0.0000;0.1410 
145.42964960000245;0.0000;0.0000;0.1377 
145.47685080000156;0.2237;0.0000;0.1377 
145.52483030000076;0.2237;0.0000;-0.1377 
145.57275819999995;-0.2237;0.0000;0.1377 
145.62117190000208;-0.2237;0.0000;0.2753 
145.66881360000116;0.0000;0.0000;0.0000 
145.71690220000164;0.0000;0.0000;0.1377 
145.764791900001;0.0000;0.0000;0.1377 
145.81278250000105;0.2237;0.0000;0.1410 
145.8767622000014;-0.2237;0.0000;0.1377 
145.9245757000026;0.0000;0.0000;0.1377 
145.97270480000225;0.0000;0.0000;0.0000 
146.02061350000076;0.4474;0.0000;0.1377 
146.06856440000047;0.0000;0.0000;0.1410 
146.11687670000174;0.0000;0.0000;-0.1377 
146.16483350000271;0.4474;0.0000;0.1377 
146.21272730000055;0.0000;0.0000;0.1377 
146.2607237000011;0.4474;0.0000;0.2753 
146.30862290000005;0.0000;0.0000;0.1377 
146.35673010000028;0.0000;0.0000;-0.1377 
146.40465190000032;0.2237;0.0000;0.2753 
146.45277690000148;0.2237;0.0000;0.1377 
146.50089529999968;0.2237;0.0000;0.0000 
146.5488686000026;0.0000;0.0000;0.1410 
146.5967163000023;0.2237;0.0000;0.1377 
146.64479070000016;0.2237;0.0000;0.1377 
146.69289690000005;0.0000;0.0000;-0.1377 
146.74062210000193;0.0000;0.0000;0.0000 
146.78881250000268;0.0000;0.0000;0.0034 
146.83695770000122;0.2237;0.0000;-0.1377 
146.88488340000185;0.0000;0.0000;0.1377 
146.9485730000015;0.2237;0.0000;-0.1377 
146.99656010000035;0.0000;0.0000;0.0000 
147.04462220000278;-0.2237;0.0000;0.1377 
147.09279340000285;0.0000;0.0000;0.1377 
147.14080599999943;0.0000;0.0000;0.0000 
147.18880840000202;-0.2237;0.0000;0.1377 
147.23668560000078;0.0000;0.0000;-0.1377 
147.28492929999993;0.2237;0.0000;-0.1377 
147.3329287000015;0.6711;0.0000;0.0000 
147.38086459999977;0.4474;0.0000;0.2787 
147.42893550000008;-0.2237;0.0000;0.2787 
147.4769610000003;-0.6711;0.0000;0.1377 
147.5251253000024;0.4474;0.0000;0.1377 
147.58859490000032;0.2237;0.0000;-0.1377 
147.6366702000014;0.0000;0.0000;0.1377 
147.6848944000012;0.0000;0.0000;0.1410 
147.73250920000282;0.2237;0.0000;0.1377 
147.78077480000138;0.0000;0.0000;0.0000 
147.8286279999993;0.2237;0.0000;0.0000 
147.87670020000223;0.0000;0.0000;0.1410 
147.92476010000246;0.2237;0.0000;0.1410 
147.97266379999928;-0.2237;0.0000;0.0000 
148.02083219999986;0.2237;0.0000;0.1377 
148.06905990000087;0.2237;0.0000;0.1377 
148.11668210000062;0.2237;0.0000;-0.1377 
148.16475189999983;0.4474;0.0000;0.1377 
148.2126984000024;0.0000;0.0000;0.1377 
148.26067550000153;0.2237;0.0000;0.1377 
148.3086570000014;0.0000;0.0000;0.1377 
148.35678280000138;0.2237;0.0000;0.0000 
148.40473349999957;-0.2237;0.0000;0.0000 
148.45275120000224;0.2237;0.0000;0.0000 
148.5007523000022;0.0000;0.0000;0.0000 
148.54873450000014;-0.2237;0.0000;0.1377 
148.59678740000163;0.4474;0.0000;0.1377 
148.6453051999997;-0.2237;0.0000;0.2787 
148.69297980000192;0.0000;0.0000;-0.1377 
148.74104020000232;-0.2237;0.0000;0.0000 
148.80463330000202;0.0000;0.0000;-0.2753 
148.85265600000275;0.0000;0.0000;0.0000 
148.90065600000162;0.0000;0.0000;0.0000 
148.9486935999994;0.0000;0.0000;0.1410 
148.99672810000266;0.2237;0.0000;0.2753 
149.04541700000118;0.2237;0.0000;0.1377 
149.09267730000283;0.0000;0.0000;-0.1377 
149.14089629999944;0.0000;0.0000;-0.2753 
149.1888798;0.0000;0.0000;-0.1377 
149.2368862000003;0.0000;0.0000;0.1377 
149.28502710000248;0.0000;0.0000;0.4163 
149.33316660000128;0.2237;0.0000;0.1377 
149.38100770000165;0.2237;0.0000;0.0034 
149.4287476999998;0.2237;0.0000;0.1377 
149.4768017000024;0.2237;0.0000;0.0000 
149.52472950000083;0.0000;0.0000;0.1410 
149.57269319999978;0.0000;0.0000;0.0000 
149.62082170000212;0.0000;0.0000;0.0000 
149.66884969999956;0.0000;0.0000;0.1377 
149.71665550000034;-0.2237;0.0000;0.0000 
149.7650276000022;0.0000;0.0000;0.1377 
149.8285829000015;-0.2237;0.0000;0.1377 
149.87653970000247;0.0000;0.0000;0.2787 
149.9246282999993;0.0000;0.0000;0.1377 
149.97260169999936;0.2237;0.0000;0.0000 
150.02081589999943;0.0000;0.0000;0.0000 
150.0686639000014;0.0000;0.0000;0.0000 
150.11664310000197;0.0000;0.0000;0.0000 
150.1648094000011;0.0000;0.0000;0.1377 
150.21263309999995;0.0000;0.0000;0.1410 
150.26066270000229;0.0000;0.0000;0.0000 
150.3087024000015;0.2237;0.0000;0.2753 
150.3567449000002;0.2237;0.0000;0.0000 
150.4045287000008;0.2237;0.0000;0.1377 
150.45265859999927;0.0000;0.0000;0.0000 
150.500658500001;0.4474;0.0000;-0.1377 
150.54865390000123;-0.2237;0.0000;0.1377 
150.59676480000053;0.2237;0.0000;0.0000 
150.64496689999942;0.2237;0.0000;0.1377 
150.69286980000106;-0.2237;0.0000;0.0000 
150.74080200000026;0.2237;0.0000;0.2753 
150.78878700000132;0.0000;0.0000;0.1410 
150.8367029000001;0.0000;0.0000;0.1377 
150.88493400000152;0.2237;0.0000;0.0000 
150.93266580000272;0.0000;0.0000;0.2753 
150.98094169999968;0.0000;0.0000;0.0000 
151.02920219999942;0.0000;0.0000;0.1377 
151.0767553000005;0.2237;0.0000;0.1377 
151.12480219999998;0.0000;0.0000;0.1410 
151.17289159999928;0.2237;0.0000;0.0000 
151.22098259999984;0.0000;0.0000;0.0000 
151.26891350000005;0.4474;0.0000;0.0000 
151.3168332000023;0.4474;0.0000;0.1377 
151.3648773999994;0.0000;0.0000;0.2753 
151.41289510000206;0.2237;0.0000;0.2787 
151.46103650000077;0.2237;0.0000;0.0000 
151.5088171999996;0.0000;0.0000;0.0000 
151.55680740000025;-0.6711;0.0000;0.1377 
151.60492069999964;0.0000;0.0000;0.1377 
151.65314180000132;0.0000;0.0000;0.1410 
151.71681320000062;0.2237;0.0000;0.1377 
151.76459740000064;-0.2237;0.0000;0.1377 
151.81262400000196;0.0000;0.0000;0.1410 
151.86060360000192;0.0000;0.0000;0.0000 
151.91037400000278;0.2237;0.0000;0.1377 
151.9566513000027;0.2237;0.0000;0.0000 
152.0046261000025;-0.2237;0.0000;0.2753 
152.0527400000028;0.2237;0.0000;-0.1377 
152.10071940000125;-0.4474;0.0000;0.1377 
152.1487777000002;0.2237;0.0000;0.1410 
152.19694639999943;0.0000;0.0000;-0.1377 
152.24483060000057;0.2237;0.0000;0.0000 
152.29304290000073;-0.2237;0.0000;0.1410 
152.34167639999941;-0.2237;0.0000;0.0000 
152.38906979999956;0.0000;0.0000;0.4130 
152.43704330000037;0.0000;0.0000;0.0000 
152.5005478000021;0.4474;0.0000;0.0000 
152.54859770000257;0.0000;0.0000;0.2753 
152.59663940000246;0.0000;0.0000;0.1377 
152.64479109999957;0.4474;0.0000;-0.4096 
152.69289870000284;-0.2237;0.0000;-0.1377 
152.74071150000236;0.0000;0.0000;0.1377 
152.78874450000148;0.2237;0.0000;0.0000 
152.83678750000036;0.0000;0.0000;0.2787 
152.88470919999963;0.2237;0.0000;0.1377 
152.93264420000196;0.0000;0.0000;0.0000 
152.98070200000075;0.2237;0.0000;0.1377 
153.0285576999995;0.0000;0.0000;0.0000 
153.07693440000003;0.0000;0.0000;0.1377 
153.12472400000115;0.0000;0.0000;0.1377 
153.17276050000146;-0.2237;0.0000;0.0000 
153.2209548000028;0.2237;0.0000;0.0000 
153.26881330000106;0.0000;0.0000;0.1377 
153.31675470000118;0.0000;0.0000;0.1377 
153.3648773999994;0.0000;0.0000;0.0000 
153.41285410000273;-0.2237;0.0000;0.2753 
153.4609754000012;0.0000;0.0000;0.1410 
153.50887019999936;-0.2237;0.0000;-0.1377 
153.5726633000013;-0.2237;0.0000;0.0000 
153.62097220000214;0.4474;0.0000;-0.1377 
153.66871460000038;0.0000;0.0000;0.2753 
153.7166505000023;0.0000;0.0000;0.0000 
153.76485230000253;0.0000;0.0000;0.1410 
153.81270720000248;-0.2237;0.0000;0.2787 
153.8608294000005;0.2237;0.0000;0.1410 
153.9087541000008;-0.2237;0.0000;0.4163 
153.9570746999998;-0.2237;0.0000;0.1377 
154.00504980000187;0.2237;0.0000;-0.1377 
154.05303240000285;0.2237;0.0000;0.0000 
154.11645590000262;-0.2237;0.0000;0.0000 
154.16460370000277;0.0000;0.0000;0.0000 
154.21271960000013;0.2237;0.0000;-0.1377 
154.2606842999994;0.0000;0.0000;0.0000 
154.30852900000173;0.0000;0.0000;0.0000 
154.35661360000086;-0.2237;0.0000;0.0000 
154.4045839999999;-0.2237;0.0000;0.0000 
154.4526603000013;-0.8948;0.0000;0.0000 
154.50090270000146;0.0000;0.0000;-0.1377 
154.54932870000266;0.2237;0.0000;0.2787 
154.59704280000005;0.0000;0.0000;-0.1377 
154.64501780000137;0.2237;0.0000;0.0000 
154.69284790000165;0.2237;0.0000;0.0000 
154.75647780000145;0.0000;0.0000;0.0034 
154.8045912000016;0.0000;0.0000;0.0000 
154.85262890000013;0.0000;0.0000;0.0034 
154.9006628999996;-0.2237;0.0000;0.2787 
154.94871980000244;0.2237;0.0000;0.0000 
154.9967381000024;0.0000;0.0000;-0.1377 
155.04491469999994;0.2237;0.0000;0.0000 
155.09271040000021;0.2237;0.0000;-0.1377 
155.1406695000005;0.2237;0.0000;0.0000 
155.18861409999954;0.2237;0.0000;0.1377 
155.23679000000266;0.0000;0.0000;0.0000 
155.2848496000006;0.0000;0.0000;0.0000 
155.33265270000265;0.2237;0.0000;0.0000 
155.38075390000085;-0.2237;0.0000;0.1410 
155.4307587000003;0.2237;0.0000;-0.1377 
155.47712110000066;-0.2237;0.0000;0.1377 
155.5407164999997;0.2237;0.0000;0.0000 
155.58851400000276;0.4474;0.0000;0.0000 
155.6364448000022;0.0000;0.0000;0.0000 
155.68497470000148;0.4474;0.0000;-0.1377 
155.73258220000207;0.0000;0.0000;0.0000 
155.7807126000007;-0.2237;0.0000;0.1377 
155.82883260000017;0.0000;0.0000;0.0000 
155.87734990000172;0.0000;0.0000;0.0000 
155.92451930000243;0.0000;0.0000;0.2753 
155.97254740000062;0.2237;0.0000;0.1377 
156.0207021999995;0.2237;0.0000;0.1377 
156.06884910000008;-0.2237;0.0000;0.0000 
156.1166888000007;0.2237;0.0000;0.0000 
156.16465299999982;0.2237;0.0000;0.1377 
156.21264639999936;0.2237;0.0000;0.1377 
156.26106609999988;0.2237;0.0000;0.0000 
156.30999090000114;0.0000;0.0000;0.1377 
156.35830680000072;0.0000;0.0000;-0.1377 
156.4047468000026;0.0000;0.0000;0.1377 
156.45459459999984;0.2237;0.0000;0.2753 
156.5007527000016;0.2237;0.0000;0.0000 
156.54902159999983;0.2237;0.0000;0.0000 
156.59674559999985;0.2237;0.0000;0.0000 
156.64478690000033;0.0000;0.0000;-0.1377 
156.6935134000014;0.0000;0.0000;0.0000 
156.7406508000022;0.2237;0.0000;0.1377 
156.7888090000015;0.4474;0.0000;0.0000 
156.8368803000012;0.0000;0.0000;0.1377 
156.8849579000016;0.2237;0.0000;0.1377 
156.94858010000098;-0.2237;0.0000;0.4130 
156.9964510000027;0.0000;0.0000;0.0000 
157.04478609999933;0.2237;0.0000;0.0000 
157.09262410000156;-0.2237;0.0000;0.0000 
157.14071820000026;0.0000;0.0000;0.0000 
157.18863430000056;0.0000;0.0000;0.0000 
157.23659530000077;0.0000;0.0000;0.0000 
157.28476990000127;0.0000;0.0000;0.1377 
157.33259660000112;0.0000;0.0000;0.0000 
157.3808179000007;0.2237;0.0000;0.0000 
157.4286643000014;-0.2237;0.0000;0.2753 
157.4766374000028;0.2237;0.0000;0.0000 
157.5246186000004;0.2237;0.0000;0.0000 
157.57262810000248;-0.2237;0.0000;-0.1377 
157.6206968000006;0.0000;0.0000;0.0000 
157.6687665999998;0.0000;0.0000;0.0000 
157.7166983999996;-0.2237;0.0000;0.1377 
157.7646547000004;0.0000;0.0000;0.0000 
157.81272100000206;0.0000;0.0000;0.1377 
157.86067050000202;0.4474;0.0000;0.2787 
157.90874990000157;0.4474;0.0000;0.1377 
157.95674060000238;-0.2237;0.0000;0.2787 
158.02043720000074;-0.2237;0.0000;0.2753 
158.06851000000097;0.0000;0.0000;0.1377 
158.1165817000001;0.0000;0.0000;0.0000 
158.16460120000193;0.2237;0.0000;0.1377 
158.21250110000256;0.0000;0.0000;0.1377 
158.2606298000028;0.0000;0.0000;-0.4130 
158.3086387000003;0.2237;0.0000;0.0000 
158.3566995000001;0.2237;0.0000;0.0000 
158.4046976000027;0.0000;0.0000;0.1410 
158.45273290000114;0.0000;0.0000;0.1377 
158.5006022000016;0.0000;0.0000;0.1377 
158.54861900000105;0.2237;0.0000;0.0000 
158.59688160000223;0.2237;0.0000;0.2787 
158.64503200000036;-0.2237;0.0000;-0.1377 
158.69278499999928;0.0000;0.0000;0.0034 
158.7410533000002;-0.2237;0.0000;0.0000 
158.7890189000027;0.4474;0.0000;-0.1377 
158.8368150000024;0.6711;0.0000;0.0000 
158.8850566000001;0.2237;0.0000;0.2753 
158.93268119999993;0.0000;0.0000;0.0000 
158.98098949999985;0.4474;0.0000;0.2787 
159.0444735000019;0.0000;0.0000;0.2753 
159.09260600000198;-0.2237;0.0000;0.0000 
159.14052530000117;0.2237;0.0000;0.2753 
159.18879809999999;-0.2237;0.0000;0.1410 
159.23683900000105;0.0000;0.0000;-0.1377 
159.2848765000017;0.0000;0.0000;0.1377 
159.33275689999937;0.4474;0.0000;0.1377 
159.38101870000173;0.8948;0.0000;0.5540 
159.428820000001;0.0000;0.0000;0.0000 
159.47666120000213;0.2237;0.0000;0.1377 
159.52462379999997;-0.2237;0.0000;0.2753 
159.5727912000002;0.0000;0.0000;0.1377 
159.62063870000202;0.0000;0.0000;-0.1377 
159.66887110000243;0.0000;0.0000;0.0000 
159.7167956000012;0.0000;0.0000;0.1410 
159.7651149000012;-0.2237;0.0000;0.0000 
159.81283769999936;0.0000;0.0000;0.1377 
159.86100820000138;0.0000;0.0000;0.0000 
159.9245703000015;0.2237;0.0000;-0.1377 
159.97254650000104;0.0000;0.0000;0.0000 
160.0206704000011;0.0000;0.0000;0.2787 
160.06855340000038;0.0000;0.0000;0.0000 
160.11668660000214;-0.2237;0.0000;0.0000 
160.16459640000176;0.0000;0.0000;0.0000 
160.21265259999927;0.0000;0.0000;0.0000 
160.26062860000093;0.2237;0.0000;0.0000 
160.30862490000072;0.2237;0.0000;0.0000 
160.35663600000044;0.0000;0.0000;0.0000 
160.40469830000075;-0.2237;0.0000;0.1377 
160.45266520000223;0.2237;0.0000;0.0000 
160.5007665000012;0.2237;0.0000;0.1377 
160.54865300000165;0.4474;0.0000;0.0000 
160.5966593000012;0.0000;0.0000;0.0000 
160.64474930000142;0.2237;0.0000;0.0000 
160.69269230000282;-0.2237;0.0000;0.1377 
160.74097970000003;0.0000;0.0000;0.0000 
160.78876189999937;-0.2237;0.0000;0.1377 
160.8369316999997;0.0000;0.0000;0.0000 
160.88472980000006;0.4474;0.0000;0.1377 
160.93296510000073;0.0000;0.0000;0.1377 
160.98068989999956;0.0000;0.0000;0.0000 
161.02904020000278;0.2237;0.0000;0.1377 
161.07682879999993;0.4474;0.0000;0.1377 
161.12485970000125;-0.2237;0.0000;0.0000 
161.17282160000104;0.0000;0.0000;0.0000 
161.22073900000032;0.0000;0.0000;0.0000 
161.2687141000024;0.0000;0.0000;0.1377 
161.31728990000192;0.2237;0.0000;0.1410 
161.3807252000006;0.2237;0.0000;-0.1377 
161.4286030000003;0.2237;0.0000;0.1377 
161.47670049999942;0.2237;0.0000;0.0000 
161.52463270000226;0.2237;0.0000;-0.1343 
161.57272360000206;0.2237;0.0000;0.2753 
161.6205770000015;-0.2237;0.0000;0.2787 
161.66861620000054;-0.2237;0.0000;0.1377 
161.71657770000093;0.2237;0.0000;0.1377 
161.76462240000183;0.0000;0.0000;0.0000 
161.81275120000282;0.0000;0.0000;0.1377 
161.86082030000034;0.2237;0.0000;0.0000 
161.9088953999999;0.0000;0.0000;-0.1377 
161.95721350000167;0.0000;0.0000;0.2787 
162.0048478000026;-0.2237;0.0000;0.1410 
162.05289640000046;0.0000;0.0000;0.1377 
162.10085640000034;0.2237;0.0000;0.1377 
162.14865830000053;0.0000;0.0000;0.0000 
162.1968278000022;0.0000;0.0000;0.6883 
162.24475829999938;0.8948;0.0000;0.1377 
162.29295380000258;0.0000;0.0000;0.0000 
162.3407748000027;0.2237;0.0000;0.0000 
162.38983010000084;0.2237;0.0000;0.0000 
162.43682780000017;0.2237;0.0000;0.0000 
162.48485559999972;0.0000;0.0000;0.2787 
162.53263870000228;0.2237;0.0000;0.2753 
162.5965408000011;-0.2237;0.0000;0.1377 
162.6446797000026;0.0000;0.0000;0.0000 
162.69270410000172;0.0000;0.0000;0.2753 
162.7408733000011;0.0000;0.0000;0.1377 
162.78872260000207;0.0000;0.0000;0.0000 
162.8365741000016;0.2237;0.0000;0.0000 
162.88457930000004;0.0000;0.0000;0.1410 
162.9326355000012;0.0000;0.0000;0.1377 
162.9807206000005;0.2237;0.0000;0.0000 
163.02846090000094;0.0000;0.0000;0.1377 
163.07667410000067;0.2237;0.0000;0.0000 
163.12486230000286;0.0000;0.0000;0.1410 
163.17285730000003;0.2237;0.0000;0.1377 
163.22097059999942;0.0000;0.0000;0.0000 
163.26864399999977;0.2237;0.0000;0.1377 
163.31671610000194;0.0000;0.0000;0.1377 
163.36483410000073;0.0000;0.0000;0.0000 
163.41272240000035;0.0000;0.0000;0.1377 
163.46068840000225;-0.2237;0.0000;0.0000 
163.5087803000024;-0.4474;0.0000;0.0000 
163.55678180000177;0.0000;0.0000;0.1377 
163.60494960000142;0.4474;0.0000;0.0000 
163.65318000000116;-0.2237;0.0000;0.2787 
163.7007463000009;0.2237;0.0000;0.2787 
163.74869240000044;-0.2237;0.0000;0.0000 
163.79679849999957;0.2237;0.0000;0.2787 
163.86048940000182;-0.2237;0.0000;-0.1377 
163.9084784000006;0.0000;0.0000;0.0000 
163.9566178999994;0.0000;0.0000;0.0000 
164.00451860000248;0.0000;0.0000;0.1377 
164.05256060000102;0.2237;0.0000;0.0000 
164.1005122000024;0.2237;0.0000;0.4130 
164.1485802999996;0.0000;0.0000;0.0000 
164.19678890000068;0.0000;0.0000;0.1377 
164.24459820000266;0.2237;0.0000;0.1377 
164.29262350000135;0.0000;0.0000;-0.1377 
164.34070340000108;0.4474;0.0000;0.0000 
164.38880060000156;0.0000;0.0000;-0.2753 
164.4367028000015;-0.2237;0.0000;0.0000 
164.4847262000003;0.2237;0.0000;0.1377 
164.53258610000194;0.2237;0.0000;0.0000 
164.5806917000009;0.0000;0.0000;0.0034 
164.6288495000008;0.0000;0.0000;-0.1377 
164.67678180000075;0.0000;0.0000;0.2753 
164.72487929999988;-0.2237;0.0000;0.0034 
164.78843830000187;0.2237;0.0000;0.0000 
164.83650549999948;0.4474;0.0000;0.0000 
164.88449540000147;0.2237;0.0000;0.1377 
164.9324398000026;0.2237;0.0000;0.2753 
164.98153530000127;0.2237;0.0000;0.1377 
165.02865799999927;0.0000;0.0000;0.0000 
165.07721270000184;0.4474;0.0000;0.0000 
165.12465510000038;-0.2237;0.0000;0.2753 
165.1726243000012;0.0000;0.0000;-0.1377 
165.22063139999955;0.0000;0.0000;0.5540 
165.26869720000104;0.2237;0.0000;0.2787 
165.31683630000043;0.0000;0.0000;-0.1377 
165.36455410000053;0.0000;0.0000;0.0000 
165.41342580000128;-0.2237;0.0000;0.0000 
165.46088290000262;0.0000;0.0000;0.1377 
165.50859160000255;0.2237;0.0000;0.1377 
165.55698490000213;0.0000;0.0000;0.0000 
165.60466140000062;0.2237;0.0000;0.0000 
165.6526225000016;0.4474;0.0000;-0.1377 
165.7165120000027;-0.2237;0.0000;-0.1377 
165.76462470000115;0.2237;0.0000;0.1377 
165.8126841000012;0.2237;0.0000;0.1377 
165.86066240000218;0.2237;0.0000;-0.1377 
165.90882740000234;0.0000;0.0000;0.0000 
165.95666300000084;0.4474;0.0000;-0.1377 
166.0045355000002;0.0000;0.0000;0.0000 
166.0526385000012;0.2237;0.0000;0.1377 
166.10063680000167;0.0000;0.0000;0.2753 
166.14855330000137;0.2237;0.0000;0.0000 
166.19671870000093;0.2237;0.0000;0.0000 
166.24506409999958;-0.2237;0.0000;0.0000 
166.29271970000264;-0.2237;0.0000;0.0000 
166.34090130000186;0.0000;0.0000;0.0000 
166.44017970000277;0.0000;0.0000;0.4130 
166.44566820000182;0.0000;0.0000;0.1377 
4.577868699998362;-0.2237;0.0000;0.0000 
4.641691699998773;-0.2237;0.0000;0.0000 
4.689888599998085;-0.2237;0.0000;0.0000 
4.738022899997304;0.0000;0.0000;0.0000 
4.7858283999994455;0.4474;0.0000;0.2787 
4.833839499999158;-0.2237;0.0000;0.0000 
4.881844999999885;0.4474;0.0000;0.0000 
4.929901699997572;0.0000;0.0000;-0.1377 
4.977952199998981;0.0000;0.0000;0.0000 
5.025924800000212;-0.2237;0.0000;0.0000 
5.073982799996884;0.0000;0.0000;0.0000 
5.121942099998705;0.0000;0.0000;0.1377 
5.16998269999749;0.0000;0.0000;0.0034 
5.233787499997561;0.2237;0.0000;-0.1377 
5.281909199999063;0.2237;0.0000;0.2753 
5.3301324999993085;0.2237;0.0000;0.1377 
5.377659499998117;0.2237;0.0000;0.0000 
5.425854699999036;0.0000;0.0000;0.0000 
5.474469999997382;0.0000;0.0000;0.1377 
5.522017999999662;0.0000;0.0000;0.2787 
5.569721399999253;0.2237;0.0000;-0.1377 
5.617835599998216;-0.2237;0.0000;-0.1377 
5.665802399998938;0.0000;0.0000;0.0000 
5.713884099997813;0.4474;0.0000;0.1377 
5.761991899998975;0.0000;0.0000;0.1377 
5.809970499998599;0.2237;0.0000;0.1377 
5.85789069999737;0.0000;0.0000;0.0000 
5.905928899999708;0.4474;0.0000;-0.1377 
5.953955999997561;-0.2237;0.0000;0.1377 
6.001934699997946;0.0000;0.0000;0.1377 
6.049940799999604;0.0000;0.0000;0.1377 
6.098175399998581;0.6711;0.0000;0.2753 
6.1463391999968735;0.2237;0.0000;0.0000 
6.193915099996957;0.0000;0.0000;0.2753 
6.2417721999991045;0.0000;0.0000;0.0034 
6.290203599997767;0.2237;0.0000;0.1377 
6.353733799998736;-0.2237;0.0000;-0.1377 
6.401880199999141;0.4474;0.0000;-0.1377 
6.449743299999682;0.0000;0.0000;0.0000 
6.497942999998486;-0.2237;0.0000;-0.1377 
6.545886599997175;0.0000;0.0000;0.0000 
6.594375799999398;0.2237;0.0000;0.1377 
6.641942399997788;-0.6711;0.0000;0.1377 
6.690074499998445;0.2237;0.0000;1.2458 
6.737920199997461;5.1516;0.0000;0.2753 
6.7858942999992;0.0000;0.0000;0.4163 
6.833921599998575;-0.2237;0.0000;0.1377 
6.882007000000158;0.2237;0.0000;0.2753 
6.930175199999212;0.4474;0.0000;0.0000 
6.993737799999508;-0.6711;0.0000;0.0000 
7.0417383999993035;1.1185;0.0000;-0.2753 
7.089723999997659;0.4474;0.0000;0.0000 
7.1379501999981585;-0.2237;0.0000;-0.4130 
7.18599069999982;0.2237;0.0000;-0.1377 
7.233979900000122;-0.4474;0.0000;0.1377 
7.281991699997889;-0.2237;0.0000;0.1343 
7.345677799999976;-1.3422;0.0000;-2.6628 
7.3939487999996345;-0.6711;0.0000;-6.0118 
7.442000299997744;-2.0136;0.0000;-5.8867 
7.490218199996889;-4.9271;0.0000;-9.2188 
7.553904599997622;-9.4373;0.0000;-9.2188 
7.601833199998509;-9.2106;0.0000;-8.6388 
7.6501908999998705;-11.0284;0.0000;-9.6115 
7.7140384999984235;-11.0284;0.0000;-8.1999 
7.761908199998288;-12.3991;0.0000;-9.6052 
7.825698900000134;-13.3169;0.0000;-9.4664 
7.874370699999417;-14.9315;0.0000;-12.1434 
7.938060000000405;-17.4941;0.0000;-12.7160 
7.985910499999591;-16.7919;0.0000;-14.1340 
8.049802099998487;-18.9069;0.0000;-13.1632 
8.09782389999964;-18.1991;0.0000;-11.8907 
8.161868600000162;-18.4347;0.0000;-11.9265 
8.209960000000137;-18.1991;0.0000;-11.0511 
8.27390629999718;-18.4347;0.0000;-12.2241 
8.321982099998422;-18.9069;0.0000;-11.2263 
8.385791699998663;-16.7919;0.0000;-8.3869 
8.43390829999771;-14.2381;0.0000;-4.1088 
8.498003999997309;-12.3991;0.0000;-4.2573 
8.545809799998096;-14.7001;0.0000;-4.2460 
8.609540299999935;-11.0284;0.0000;-3.2585 
8.657717799997044;-8.0793;0.0000;-1.4370 
8.706062699999165;-8.0793;0.0000;-0.7288 
8.754028199997265;-4.0296;0.0000;0.7870 
8.801961199998914;-3.3572;0.0000;1.0492 
8.865629699997953;-1.3422;0.0000;1.3312 
8.913793399999122;-1.1185;0.0000;3.9524 
8.96176529999866;-3.1331;0.0000;2.2600 
9.009767899999133;2.0136;0.0000;10.4694 
9.057779999999184;0.6711;0.0000;-0.5506 
9.105944299997645;0.0000;0.0000;-0.1377 
9.153985499997361;0.0000;0.0000;0.2753 
9.201901299999008;0.0000;0.0000;0.0000 
9.249936299998808;0.0000;0.0000;-0.1377 
9.298221799999737;0.2237;0.0000;0.1377 
9.346220499999617;0.2237;0.0000;0.0000 
9.394022599997697;-0.4474;0.0000;0.1377 
9.457755799998267;0.2237;0.0000;0.0000 
9.505794599997898;-0.2237;0.0000;0.1377 
9.553705999998783;0.0000;0.0000;0.1377 
9.601930299999367;0.2237;0.0000;-0.1377 
9.649962100000266;-0.2237;0.0000;-0.1377 
9.697975199997018;0.2237;0.0000;0.1377 
9.745826099999249;0.2237;0.0000;0.0000 
9.79423719999977;0.0000;0.0000;0.0000 
9.841806699998415;0.2237;0.0000;0.0000 
9.890134599998419;0.0000;0.0000;0.0000 
9.937874699997337;0.0000;0.0000;0.0000 
9.985972700000275;0.0000;0.0000;0.1377 
10.033884299999045;0.2237;0.0000;0.1377 
10.082068699997762;0.2237;0.0000;-0.1377 
10.129898699997284;0.0000;0.0000;0.0000 
10.177938099997846;0.0000;0.0000;0.0000 
10.241657599999598;-0.2237;0.0000;-0.1377 
10.289866299997811;0.2237;0.0000;-0.2685 
10.33788409999761;0.8948;0.0000;0.1377 
10.385894799997914;2.2374;0.0000;-0.5506 
10.433897299997625;1.5660;0.0000;1.9476 
10.482123199999478;0.4474;0.0000;1.6823 
10.529735699998128;2.6852;0.0000;2.3807 
10.578308500000276;3.1331;0.0000;3.3646 
10.625820699999167;4.2539;0.0000;3.0859 
10.673832999997103;2.6852;0.0000;4.3225 
10.721901599998091;3.8054;0.0000;5.4297 
10.770117000000027;6.0507;0.0000;4.3163 
10.81784129999869;6.5007;0.0000;5.8364 
10.86573800000042;4.7026;0.0000;5.2802 
10.913721099997929;6.9512;0.0000;5.8245 
10.961838100000023;7.1766;0.0000;6.5366 
11.00983179999821;9.4373;0.0000;6.6707 
11.057913599997846;10.5730;0.0000;6.6605 
11.105869099999836;8.9841;0.0000;6.7997 
11.15434710000045;9.8911;0.0000;7.3562 
11.202213000000484;11.2564;0.0000;7.2139 
11.250240800000029;9.4373;0.0000;7.2107 
11.298713599997427;9.8911;0.0000;7.9150 
11.346139999997831;9.4373;0.0000;5.0929 
11.40965320000032;10.5730;0.0000;3.5482 
11.45763739999893;8.5314;0.0000;3.9756 
11.505911500000366;7.1766;0.0000;3.0037 
11.553738999999041;8.9841;0.0000;2.5686 
11.601826499998424;5.6010;0.0000;3.1448 
11.649664099997608;6.0507;0.0000;1.3233 
11.697735999998258;4.7026;0.0000;-0.0764 
11.746049800000037;2.6852;0.0000;0.2029 
11.793893999998545;2.6852;0.0000;-1.3220 
11.84192599999733;1.5660;0.0000;-2.2966 
11.889945899998565;-1.1185;0.0000;-3.0960 
11.938162099999317;-1.1185;0.0000;-3.6635 
12.001604999997653;-3.3572;0.0000;-3.7978 
12.04977659999713;-4.0296;0.0000;-4.4699 
12.097843100000318;-4.4782;0.0000;-5.4355 
12.162152299999434;-3.3572;0.0000;-5.7061 
12.209989299997687;-6.2757;0.0000;-5.5650 
12.257912199998827;-6.5007;0.0000;-6.2570 
12.306240300000354;-12.1702;0.0000;-6.8237 
12.370019899997715;-7.1766;0.0000;-7.2195 
12.417856199997914;-11.2564;0.0000;-7.7836 
12.48162289999891;-11.2564;0.0000;-10.4537 
12.529870799997298;-12.8576;0.0000;-10.3126 
12.593959199999517;-13.0871;0.0000;-10.0281 
12.641755299999204;-13.5468;0.0000;-12.2900 
12.705889199998637;-16.0922;0.0000;-11.4385 
12.753949899997679;-17.2597;0.0000;-12.8694 
12.817739899997832;-17.9638;0.0000;-12.5929 
12.86605249999775;-17.2597;0.0000;-12.1829 
12.930028999999195;-20.5705;0.0000;-15.7616 
12.977881699996942;-18.6707;0.0000;-12.3708 
13.041862499998388;-14.0074;0.0000;-11.7956 
13.090053199997783;-17.4941;0.0000;-3.5458 
13.153903999998874;-16.3252;0.0000;-3.6932 
13.201860599998327;-12.3991;0.0000;-3.9718 
13.250065000000177;-12.1702;0.0000;-3.2582 
13.313598199998523;-9.4373;0.0000;-1.7344 
13.361913900000218;-8.3053;0.0000;-1.8545 
13.410154999997758;-5.1516;0.0000;-1.0362 
13.473674400000164;-4.7026;0.0000;-0.4549 
13.52171989999988;-4.0296;0.0000;0.6169 
13.569834300000366;-2.6852;0.0000;2.3244 
13.617846599998302;-1.1185;0.0000;3.2641 
13.665881799999624;-1.1185;0.0000;4.6576 
13.714051099999779;2.9091;0.0000;4.2075 
13.761879499998031;2.6852;0.0000;6.4380 
13.81005919999734;4.4782;0.0000;7.4285 
13.857777599998371;5.3763;0.0000;7.8189 
13.905962699998781;7.1766;0.0000;7.2575 
13.953941199997644;10.1182;0.0000;5.1110 
14.00205399999686;3.3572;0.0000;2.4542 
14.050023199997668;4.7026;0.0000;-4.4023 
14.113823199997569;4.0296;0.0000;-4.6185 
14.161799899997277;-3.8054;0.0000;-5.0537 
14.209892899998522;5.8258;0.0000;-9.4494 
14.25797059999968;-6.5007;0.0000;-5.6179 
14.322007299997495;-3.8054;0.0000;-8.6853 
14.369973299999401;-8.5314;0.0000;-7.1008 
14.417835099997319;-8.7577;0.0000;-8.2199 
14.465883099997882;-11.4846;0.0000;-8.6283 
14.530366699997103;-11.2564;0.0000;-6.5113 
14.577749199997925;-10.5730;0.0000;-7.7806 
14.625996799997665;-11.7129;0.0000;-6.9270 
14.689763799997309;-12.6282;0.0000;-7.9150 
14.738057799997478;-10.3455;0.0000;-6.9270 
14.801714399996854;-8.7577;0.0000;-3.6839 
14.849733999999444;-8.5314;0.0000;-0.0251 
14.897868299998663;-4.2539;0.0000;5.5623 
14.945914299998549;-4.0296;0.0000;0.2229 
14.993972000000213;-2.0136;0.0000;-0.3612 
15.057725999999093;-3.5813;0.0000;0.1906 
15.105734999997367;-1.7898;0.0000;2.1257 
15.153812199998356;-0.4474;0.0000;2.1155 
15.201910299998417;-0.6711;0.0000;4.0732 
15.249760499998956;3.3572;0.0000;3.3680 
15.298049299999548;-0.2237;0.0000;2.2330 
15.345953299998655;2.4613;0.0000;1.3736 
15.394282999997813;1.7898;0.0000;1.3802 
15.441831000000093;0.4474;0.0000;-0.8496 
15.489737500000047;-4.7026;0.0000;-2.9685 
15.537962999998854;-2.9091;0.0000;0.1377 
15.601628999997047;2.4613;0.0000;0.2753 
15.649539099998947;1.5660;0.0000;0.1377 
15.698110699999233;0.6711;0.0000;-0.6883 
15.746167599998444;0.4474;0.0000;0.2753 
15.793928199997026;0.2237;0.0000;-0.1377 
15.842009599997255;-0.2237;0.0000;0.0000 
15.889983599998232;0.0000;0.0000;0.0000 
15.938741799996933;-0.2237;0.0000;-0.1377 
15.985958799999935;0.0000;0.0000;0.0000 
16.034962999998243;0.0000;0.0000;0.0000 
16.082299499998044;0.0000;0.0000;0.0000 
16.13098270000046;-0.2237;0.0000;0.1377 
16.17906199999925;0.0000;0.0000;0.1377 
16.22649889999957;0.0000;0.0000;0.0000 
16.290013300000282;-0.2237;0.0000;-0.1377 
16.338096899999073;0.0000;0.0000;0.0000 
16.38599729999987;0.2237;0.0000;0.1377 
16.43366099999912;0.0000;0.0000;0.1377 
16.481810699999187;0.0000;0.0000;0.0000 
16.530185899999196;0.0000;0.0000;0.1377 
16.57803149999745;0.0000;0.0000;0.1377 
16.625825499999337;0.0000;0.0000;0.4130 
16.674366600000212;0.0000;0.0000;-0.1377 
16.722301199999492;0.0000;0.0000;0.0000 
16.770886399997835;0.0000;0.0000;-0.1377 
16.81818409999687;-0.2237;0.0000;0.0000 
16.865903399997478;0.2237;0.0000;0.1377 
16.913894899997103;0.0000;0.0000;0.0000 
16.96195660000012;0.0000;0.0000;-0.1377 
17.010067699997307;0.0000;0.0000;-0.1377 
17.0736642999982;0.2237;0.0000;-0.1377 
17.121906899999885;0.4474;0.0000;0.0000 
17.17009820000021;0.2237;0.0000;-0.1377 
17.217753499997343;0.2237;0.0000;0.2753 
17.265752499999508;0.0000;0.0000;0.1377 
17.31402569999773;0.2237;0.0000;0.2787 
17.361791600000288;0.2237;0.0000;0.0000 
17.409816399998817;0.0000;0.0000;0.1377 
17.457977999998548;0.2237;0.0000;0.0000 
17.50576109999747;0.2237;0.0000;0.0000 
17.553705700000137;0.0000;0.0000;0.0000 
17.602073899997777;-0.2237;0.0000;0.2753 
17.649860699999408;0.2237;0.0000;-0.2753 
17.697725599999103;0.0000;0.0000;0.0000 
17.746051299996907;0.2237;0.0000;-0.1377 
17.79418319999968;0.0000;0.0000;0.0034 
17.842556499999773;0.4474;0.0000;0.2753 
17.889966599999752;0.2237;0.0000;0.0000 
17.938152799997624;0.2237;0.0000;0.1377 
18.003661899998406;0.0000;0.0000;0.0000 
18.04955219999829;0.0000;0.0000;-0.1377 
18.097708799999964;0.0000;0.0000;0.0000 
18.14580930000011;0.0000;0.0000;0.0000 
18.193606199998612;0.0000;0.0000;0.0000 
18.24190329999692;0.0000;0.0000;0.0000 
18.28967779999948;0.0000;0.0000;0.2753 
18.337671299999784;0.2237;0.0000;0.1377 
18.385887499996898;0.0000;0.0000;0.1377 
18.433668699999544;0.0000;0.0000;0.1410 
18.481616299999587;-0.2237;0.0000;0.0000 
18.52974489999906;0.6711;0.0000;0.1377 
18.57789149999735;0.0000;0.0000;0.0000 
18.62578719999874;0.0000;0.0000;0.1377 
18.673705999997765;0.4474;0.0000;0.2787 
18.721788099999685;0.0000;0.0000;-0.1377 
18.769767399997363;-0.4474;0.0000;0.0000 
18.817865599998186;0.0000;0.0000;0.0034 
18.865751399996952;0.2237;0.0000;0.0000 
18.913865099999384;0.0000;0.0000;0.0000 
18.961918299999525;0.0000;0.0000;-0.1377 
19.009911599998304;0.4474;0.0000;0.0000 
19.073466099998768;-0.8948;0.0000;-0.1343 
19.12162399999943;-0.2237;0.0000;0.2787 
19.169675299999653;-0.4474;0.0000;-0.1377 
19.21783819999837;-0.2237;0.0000;0.1377 
19.265742199997476;0.0000;0.0000;0.5506 
19.31377149999753;0.0000;0.0000;0.1377 
19.361888499999623;-0.4474;0.0000;0.0000 
19.409814700000425;0.2237;0.0000;0.1410 
19.45784879999701;0.2237;0.0000;0.4130 
19.505969599998934;0.2237;0.0000;-0.1377 
19.55517029999828;0.2237;0.0000;0.1410 
19.601938299998437;0.2237;0.0000;0.2753 
19.64989229999992;-0.4474;0.0000;0.0000 
19.713735799999995;-0.2237;0.0000;0.2753 
19.762143099997047;0.0000;0.0000;0.0000 
19.809746399998403;0.2237;0.0000;-0.1377 
19.857706299997517;0.0000;0.0000;0.2753 
19.905770699999266;0.2237;0.0000;-0.1377 
19.95393150000018;-0.6711;0.0000;0.1377 
20.00183719999768;0.2237;0.0000;0.0000 
20.049925299997994;0.2237;0.0000;0.1377 
20.09779989999879;0.0000;0.0000;-0.1377 
20.14591819999987;0.0000;0.0000;0.0000 
20.193935399998736;-0.2237;0.0000;0.1377 
20.257595999999467;0.2237;0.0000;-0.2753 
20.30687509999916;0.0000;0.0000;0.1377 
20.35383770000044;0.2237;0.0000;-0.4130 
20.40176259999862;0.4474;0.0000;0.0000 
20.44995619999827;0.2237;0.0000;0.2753 
20.497797199997876;-0.4474;0.0000;0.0000 
20.545792999997502;0.0000;0.0000;-0.4130 
20.594068999998854;0.0000;0.0000;0.0000 
20.64170319999903;0.0000;0.0000;0.0000 
20.689615600000252;0.2237;0.0000;0.1377 
20.737751699998626;0.0000;0.0000;0.1377 
20.785725699999603;-0.2237;0.0000;0.0000 
20.833931199998915;0.0000;0.0000;0.0000 
20.88170059999902;0.0000;0.0000;-0.1377 
20.930239899997105;-0.6711;0.0000;0.1377 
20.993777699997736;0.2237;0.0000;-0.2753 
21.041805199998635;0.0000;0.0000;0.1377 
21.089721999996982;0.2237;0.0000;0.1377 
21.138065299997834;0.2237;0.0000;0.0000 
21.18555699999706;0.0000;0.0000;0.0000 
21.233634000000166;0.0000;0.0000;-0.1343 
21.281611899998097;0.0000;0.0000;0.0000 
21.329737500000192;0.2237;0.0000;0.2753 
21.377918599999248;0.0000;0.0000;-0.1377 
21.42591949999769;0.2237;0.0000;0.1377 
21.473691600000166;0.2237;0.0000;0.1410 
21.521798099998705;0.2237;0.0000;-0.1377 
21.570402599998488;0.2237;0.0000;0.1377 
21.61775619999753;0.0000;0.0000;0.1377 
21.665785199998936;-0.2237;0.0000;0.1410 
21.71408529999826;0.0000;0.0000;-0.1377 
21.7618853999993;0.0000;0.0000;0.1377 
21.81078709999929;0.0000;0.0000;0.0000 
21.857910200000333;0.2237;0.0000;0.1377 
21.905934499998693;0.4474;0.0000;0.2753 
21.969589099997393;0.2237;0.0000;-0.1377 
22.017593900000065;0.0000;0.0000;0.0000 
22.066470399997343;0.0000;0.0000;0.0000 
22.113726299998234;-0.2237;0.0000;0.0000 
22.16177400000015;0.0000;0.0000;-0.2753 
22.2099034999992;0.2237;0.0000;0.2753 
22.25804219999918;-0.4474;0.0000;0.1377 
22.305930099999387;0.0000;0.0000;-0.1377 
22.35472479999953;-0.4474;0.0000;0.8293 
22.402054399997724;0.2237;0.0000;0.4163 
22.450008299998444;-0.4474;0.0000;0.2753 
22.497943399997894;0.2237;0.0000;0.0000 
22.54613739999695;0.0000;0.0000;1.1047 
22.60984979999921;-0.2237;0.0000;0.5506 
22.657778199998575;0.2237;0.0000;0.0034 
22.705686099998275;0.2237;0.0000;0.2753 
22.753699699998833;0.0000;0.0000;0.0000 
22.80166399999871;0.2237;0.0000;0.0000 
22.849646799997572;0.0000;0.0000;0.2753 
22.89774369999941;0.0000;0.0000;0.1377 
22.94595649999974;-0.4474;0.0000;0.0000 
22.994187199998123;-0.2237;0.0000;0.1377 
23.041727099996933;0.4474;0.0000;-0.1377 
23.08979139999792;0.2237;0.0000;0.2753 
23.13800259999698;0.4474;0.0000;0.0034 
23.185870299999806;-0.4474;0.0000;0.2753 
23.249499199999264;0.4474;0.0000;-0.1377 
23.29756769999949;0.0000;0.0000;0.0000 
23.34569609999744;0.2237;0.0000;-0.1377 
23.393729899999016;0.2237;0.0000;-0.2753 
23.441767599997547;0.0000;0.0000;-0.5506 
23.489746499999455;-0.2237;0.0000;0.1377 
23.537790099999256;-0.2237;0.0000;-0.2753 
23.585905799998727;-0.2237;0.0000;0.1377 
23.649466799997754;0.0000;0.0000;0.5506 
23.69749469999806;0.2237;0.0000;0.1377 
23.745676999998977;-0.4474;0.0000;-0.1377 
23.793624199999613;0.0000;0.0000;0.0000 
23.841927299999952;-0.4474;0.0000;0.1377 
23.889811400000326;0.0000;0.0000;0.0000 
23.93789040000047;0.2237;0.0000;0.2753 
23.985713099998975;0.2237;0.0000;0.0000 
24.03375589999996;0.0000;0.0000;0.1377 
24.081733099999838;0.2237;0.0000;0.1410 
24.13029859999733;1.5660;0.0000;0.1377 
24.17794479999793;-0.6711;0.0000;0.1410 
24.2258531999978;0.4474;0.0000;0.0000 
24.273765300000377;0.4474;0.0000;0.0000 
24.32171759999983;0.0000;0.0000;-0.1377 
24.369947999999567;0.2237;0.0000;0.4163 
24.418034700000135;-0.2237;0.0000;0.0034 
24.481515399998898;0.0000;0.0000;-0.1377 
24.529862699997466;-0.2237;0.0000;-0.2753 
24.5777285999975;0.2237;0.0000;0.1410 
24.625771099999838;-0.2237;0.0000;0.0000 
24.673775299997942;-0.6711;0.0000;0.4130 
24.721778399998584;0.6711;0.0000;0.1377 
24.770689400000265;0.0000;0.0000;0.2753 
24.817968100000144;0.2237;0.0000;-0.2753 
24.865850299996964;0.2237;0.0000;0.0034 
24.929639599999064;-0.4474;0.0000;0.0034 
24.97764449999886;-0.4474;0.0000;0.0000 
25.025594699996873;0.0000;0.0000;0.1377 
25.07369049999761;0.0000;0.0000;0.0034 
25.121714099997916;0.4474;0.0000;0.0000 
25.169727099997544;0.2237;0.0000;0.0000 
25.217816099997435;0.6711;0.0000;-0.1343 
25.265686200000346;0.0000;0.0000;0.2753 
25.313736500000232;-0.2237;0.0000;0.1377 
25.36177189999944;0.4474;0.0000;0.0000 
25.40972469999906;0.2237;0.0000;0.0000 
25.457804300000134;0.2237;0.0000;0.0000 
25.505883099998755;-0.2237;0.0000;-0.5506 
25.553836499999306;-0.6711;0.0000;0.5540 
25.601923799997166;0.0000;0.0000;0.2753 
25.665599799998745;-0.4474;0.0000;0.0000 
25.71371309999813;0.2237;0.0000;0.0000 
25.761851600000227;0.2237;0.0000;0.0000 
25.809627399998135;0.0000;0.0000;-0.1377 
25.857728199996927;0.0000;0.0000;0.1410 
25.905773799997405;0.0000;0.0000;0.1377 
25.95373219999965;0.2237;0.0000;-0.1377 
26.002068699999654;-0.2237;0.0000;0.1377 
26.04968530000042;0.2237;0.0000;0.1410 
26.097739199998614;-0.2237;0.0000;0.0000 
26.146181799998885;0.0000;0.0000;-0.1377 
26.193761299997277;-0.2237;0.0000;0.0000 
26.257680699996854;0.0000;0.0000;0.2753 
26.30543469999975;0.2237;0.0000;0.2753 
26.353586199998972;0.0000;0.0000;0.0000 
26.401612800000294;0.2237;0.0000;-0.5506 
26.44982009999876;-0.2237;0.0000;0.0000 
26.497755399999733;0.2237;0.0000;0.1410 
26.5457693999997;0.4474;0.0000;-0.4096 
26.59377129999848;0.4474;0.0000;0.0000 
26.641668699998263;-0.2237;0.0000;-0.1377 
26.68967799999882;0.2237;0.0000;0.0000 
26.737963599996874;0.0000;0.0000;-0.2753 
26.785888799997338;-0.6711;0.0000;0.2753 
26.83387109999967;0.0000;0.0000;0.0000 
26.89767419999771;0.4474;0.0000;0.1377 
26.94558849999885;-0.4474;0.0000;0.0000 
26.993627500000002;0.2237;0.0000;0.2787 
27.042320000000473;0.6711;0.0000;0.2787 
27.089575899997726;0.0000;0.0000;-0.1377 
27.1375816999971;-0.2237;0.0000;0.1377 
27.185829599999124;0.2237;0.0000;0.2753 
27.233857100000023;0.0000;0.0000;-0.1377 
27.281633599999623;0.6711;0.0000;-0.1377 
27.33033230000001;0.2237;0.0000;0.4130 
27.37767460000032;0.2237;0.0000;0.0000 
27.425696599999355;0.0000;0.0000;0.0000 
27.474096899997676;0.0000;0.0000;-0.2753 
27.537617599999066;-0.4474;0.0000;-0.1377 
27.585566899997502;0.2237;0.0000;0.5506 
27.63370869999926;0.0000;0.0000;0.1377 
27.681653100000403;0.0000;0.0000;0.0000 
27.7297882999992;0.2237;0.0000;0.1377 
27.77779439999722;-0.4474;0.0000;0.2787 
27.825688299999456;0.2237;0.0000;0.0000 
27.873559299998306;0.4474;0.0000;0.2787 
27.921685999997862;0.6711;0.0000;0.0000 
27.969759699997667;-0.2237;0.0000;-0.2753 
28.017874699999084;-0.4474;0.0000;-0.2753 
28.08149989999947;-0.4474;0.0000;-0.1377 
28.129587999999785;-0.2237;0.0000;0.0000 
28.17769909999697;0.6711;0.0000;0.2753 
28.225837999998475;0.2237;0.0000;0.1377 
28.27395699999761;0.0000;0.0000;0.0000 
28.321690599997964;0.2237;0.0000;0.2753 
28.369640400000208;0.6711;0.0000;-0.1377 
28.417624399997294;-0.2237;0.0000;0.0000 
28.466095699997823;0.0000;0.0000;0.2753 
28.513953699999547;-0.2237;0.0000;0.2753 
28.56183020000026;0.6711;0.0000;0.1377 
28.609674699997413;0.0000;0.0000;0.0000 
28.673488799999177;-0.2237;0.0000;-0.1377 
28.72160879999865;0.6711;0.0000;-0.1377 
28.769664499999635;0.4474;0.0000;0.0000 
28.817535399997723;0.2237;0.0000;0.1410 
28.865602699999727;1.1185;0.0000;0.0000 
28.913751799998863;0.4474;0.0000;0.0000 
28.96156659999906;0.6711;0.0000;0.0000 
29.009483300000284;0.0000;0.0000;0.4130 
29.05769809999765;0.0000;0.0000;-0.1377 
29.10558409999794;-0.4474;0.0000;0.0000 
29.153790099997423;0.2237;0.0000;0.2753 
29.202235499997187;0.2237;0.0000;0.0000 
29.24965439999869;0.0000;0.0000;0.1377 
29.29761629999848;0.0000;0.0000;0.1410 
29.345739799999137;0.2237;0.0000;0.0000 
29.39372469999944;0.2237;0.0000;0.0000 
29.44165409999914;0.2237;0.0000;0.0000 
29.489832799998112;-0.4474;0.0000;0.1377 
29.5377133999973;0.2237;0.0000;0.2753 
29.58594969999831;0.8948;0.0000;0.0000 
29.63360769999781;0.0000;0.0000;0.1410 
29.68161589999727;0.2237;0.0000;0.1410 
29.72997050000049;0.2237;0.0000;0.0000 
29.777826699999423;0.0000;0.0000;0.2787 
29.82577300000048;-0.2237;0.0000;0.1377 
29.87362419999772;0.0000;0.0000;0.0000 
29.938386199999513;0.0000;0.0000;-0.1377 
29.98552219999692;0.4474;0.0000;0.0000 
30.03357589999723;0.2237;0.0000;0.0000 
30.081648100000166;0.0000;0.0000;0.1377 
30.129925399996864;0.2237;0.0000;0.1377 
30.177721299998666;0.2237;0.0000;0.0000 
30.225800699998217;0.0000;0.0000;0.2753 
30.273759399999108;0.0000;0.0000;0.1377 
30.3224358999978;0.2237;0.0000;0.0000 
30.370560299998033;0.0000;0.0000;0.1410 
30.417694899999333;0.2237;0.0000;0.0000 
30.466309600000386;0.2237;0.0000;0.2753 
30.51399759999913;-0.2237;0.0000;0.2753 
30.562575500000094;0.2237;0.0000;0.1377 
30.609501799997815;0.2237;0.0000;0.0000 
30.657930399996985;-0.2237;0.0000;-0.1377 
30.7056534000003;0.2237;0.0000;0.2753 
30.753895899997588;0.2237;0.0000;0.1410 
30.80217029999767;0.0000;0.0000;0.1377 
30.850318799999513;0.2237;0.0000;-0.1377 
30.897857299998577;0.2237;0.0000;0.1410 
30.946021399999154;0.0000;0.0000;0.0000 
30.993785599999683;0.0000;0.0000;0.1377 
31.04199879999942;0.4474;0.0000;0.2787 
31.089603999997053;0.0000;0.0000;0.2753 
31.13786489999984;-0.2237;0.0000;0.1377 
31.20185979999951;0.0000;0.0000;-0.1377 
31.24955819999741;0.0000;0.0000;0.1377 
31.297492800000327;-0.2237;0.0000;0.0000 
31.345572899997933;0.2237;0.0000;0.1377 
31.39367409999977;0.2237;0.0000;0.2753 
31.441617499996937;0.4474;0.0000;0.2753 
31.489596899999015;0.2237;0.0000;0.1377 
31.537789399997564;0.4474;0.0000;0.0000 
31.585761599999387;-0.8948;0.0000;0.0000 
31.634740800000145;0.2237;0.0000;0.0000 
31.681812999999238;-0.4474;0.0000;0.0000 
31.72998759999973;0.2237;0.0000;0.2787 
31.77792419999969;0.0000;0.0000;-0.1377 
31.82594809999864;0.2237;0.0000;0.2753 
31.87393129999691;-0.2237;0.0000;0.0000 
31.9219336999995;0.2237;0.0000;0.1377 
31.971078899998247;0.0000;0.0000;0.0000 
32.0183068999977;-0.2237;0.0000;0.4130 
32.06602759999805;0.4474;0.0000;0.2753 
32.129823600000236;-0.2237;0.0000;0.2753 
32.177969099997426;0.0000;0.0000;0.1377 
32.22568649999812;-0.2237;0.0000;0.0000 
32.27350519999891;0.0000;0.0000;0.2753 
32.32159909999973;-0.2237;0.0000;-0.1377 
32.37001469999814;0.4474;0.0000;0.0000 
32.41771389999849;-0.2237;0.0000;0.1410 
32.466150299998844;0.6711;0.0000;0.1377 
32.5138143999975;0.2237;0.0000;0.1377 
32.56173279999712;-0.2237;0.0000;0.1377 
32.61085919999823;0.2237;0.0000;0.0000 
32.65786730000036;0.0000;0.0000;0.1377 
32.70666720000008;0.0000;0.0000;0.0000 
32.7537949999969;0.4474;0.0000;0.0000 
32.801680399999896;0.0000;0.0000;0.1377 
32.85006259999864;0.0000;0.0000;0.0034 
32.89801719999741;0.2237;0.0000;0.0000 
32.96189569999842;0.0000;0.0000;-0.1377 
33.009553299998515;0.2237;0.0000;0.0000 
33.057536999996955;0.4474;0.0000;0.0000 
33.10618880000038;0.0000;0.0000;0.1377 
33.15366089999952;0.0000;0.0000;0.1377 
33.20159069999863;0.0000;0.0000;0.0000 
33.2495385000002;0.0000;0.0000;0.1377 
33.297491999997874;0.0000;0.0000;0.0000 
33.3455842000003;0.0000;0.0000;-0.1377 
33.39375079999809;0.2237;0.0000;0.1377 
33.44165119999889;0.2237;0.0000;0.0000 
33.489702099999704;0.2237;0.0000;0.5540 
33.537684199996875;0.0000;0.0000;-0.1377 
33.585677600000054;0.0000;0.0000;0.1377 
33.63373899999715;0.2237;0.0000;-0.1377 
33.682102799997665;0.0000;0.0000;-0.1377 
33.72967679999783;0.2237;0.0000;0.1377 
33.77791579999757;0.2237;0.0000;-0.1377 
33.825991099998646;0.0000;0.0000;0.0000 
33.873622199997044;0.2237;0.0000;0.1377 
33.93746029999966;-0.2237;0.0000;0.1377 
33.98560129999896;0.2237;0.0000;0.1377 
34.033873099997436;0.0000;0.0000;0.0000 
34.08185339999909;-0.2237;0.0000;-0.1377 
34.12966979999692;-0.2237;0.0000;0.2787 
34.1777293999985;0.0000;0.0000;0.0000 
34.22568119999778;0.2237;0.0000;0.1377 
34.273782099997334;0.2237;0.0000;0.0000 
34.321703999998135;0.2237;0.0000;0.0000 
34.369828699997015;0.4474;0.0000;0.1410 
34.417579099997965;0.2237;0.0000;-0.1377 
34.46584439999788;0.2237;0.0000;-0.2753 
34.513595799999166;0.2237;0.0000;0.1377 
34.56182099999933;0.2237;0.0000;-0.1377 
34.609691399997246;0.0000;0.0000;0.1377 
34.65783290000036;0.2237;0.0000;0.1377 
34.72159939999983;0.0000;0.0000;-0.1377 
34.769558099997084;0.0000;0.0000;-0.1377 
34.81770949999918;0.2237;0.0000;0.0000 
34.86561689999871;0.0000;0.0000;0.1377 
34.91367489999902;0.0000;0.0000;0.0000 
34.96183839999867;0.0000;0.0000;0.0000 
35.0096209000003;0.0000;0.0000;0.0000 
35.05794999999853;0.0000;0.0000;0.0000 
35.10562310000023;0.0000;0.0000;0.0000 
35.15397110000049;0.0000;0.0000;0.1377 
35.20169299999907;0.2237;0.0000;0.1377 
35.24980549999964;0.2237;0.0000;0.1377 
35.297677999998996;0.0000;0.0000;0.0000 
35.34581409999737;0.2237;0.0000;0.1377 
35.39367239999774;0.0000;0.0000;0.0000 
35.441621699999814;-0.2237;0.0000;-0.2753 
35.48991209999804;0.2237;0.0000;0.1377 
35.53763450000042;-0.2237;0.0000;0.0000 
35.58577659999719;0.4474;0.0000;0.0000 
35.63378999999986;0.0000;0.0000;-0.1377 
35.682229399997595;0.0000;0.0000;0.1377 
35.729725599998346;0.0000;0.0000;0.0000 
35.79342269999688;0.2237;0.0000;0.0034 
35.841593699999066;0.4474;0.0000;0.0000 
35.88966639999853;-0.2237;0.0000;-0.1377 
35.93775149999783;0.2237;0.0000;0.1377 
35.985903299999336;0.2237;0.0000;0.1377 
36.03478559999712;0.2237;0.0000;0.1377 
36.08155579999948;0.0000;0.0000;0.0000 
36.12970849999692;0.0000;0.0000;0.0000 
36.17811900000015;0.0000;0.0000;0.0000 
36.22564989999955;0.0000;0.0000;0.0000 
36.273748100000375;0.0000;0.0000;-0.1377 
36.32222669999828;-0.2237;0.0000;0.0000 
36.369754499999544;0.0000;0.0000;0.0034 
36.41763109999738;0.2237;0.0000;0.0000 
36.466830800000025;0.2237;0.0000;0.2753 
36.5138569999981;-0.2237;0.0000;0.0000 
36.56331719999798;0.2237;0.0000;0.1377 
36.610045399997034;0.0000;0.0000;0.1377 
36.658411599997635;0.0000;0.0000;0.0000 
36.72137819999989;-0.2237;0.0000;0.4163 
36.76944949999961;0.0000;0.0000;0.1377 
36.81815939999797;0.2237;0.0000;0.0000 
36.86549599999853;0.6711;0.0000;0.2753 
36.913615099998424;0.0000;0.0000;0.1377 
36.961734599997726;-0.2237;0.0000;0.2753 
37.0097031999976;0.2237;0.0000;0.0000 
37.057634199998574;-0.2237;0.0000;0.0000 
37.10592899999756;0.0000;0.0000;-0.4130 
37.1535421999979;0.0000;0.0000;0.1377 
37.20185270000002;0.0000;0.0000;-0.2753 
37.24977339999896;0.4474;0.0000;0.0000 
37.29795749999903;0.0000;0.0000;0.0000 
37.34576709999965;0.2237;0.0000;0.1410 
37.39419479999924;0.0000;0.0000;0.0000 
37.44212569999945;-0.2237;0.0000;0.0000 
37.49020089999976;0.2237;0.0000;0.1377 
37.538296899998386;0.2237;0.0000;0.1377 
37.586179699999775;-0.2237;0.0000;0.4163 
37.64949179999894;0.4474;0.0000;0.0000 
37.697630099999515;0.4474;0.0000;-0.1377 
37.74563919999855;0.0000;0.0000;0.1377 
37.79377499999828;-0.2237;0.0000;0.0000 
37.84162119999746;0.0000;0.0000;0.0000 
37.88964909999777;0.2237;0.0000;0.0034 
37.93760349999866;-0.2237;0.0000;-0.1377 
37.98571879999872;0.0000;0.0000;-0.2753 
38.033961199998885;0.2237;0.0000;0.1377 
38.081765499999165;0.0000;0.0000;0.1377 
38.130286100000376;0.2237;0.0000;0.1377 
38.177842899996904;-0.2237;0.0000;0.2753 
38.24177319999944;-0.2237;0.0000;0.1377 
38.2896445999977;0.0000;0.0000;0.1377 
38.33777939999709;0.2237;0.0000;0.1377 
38.38577330000044;0.0000;0.0000;0.0000 
38.43380780000007;0.4474;0.0000;0.1377 
38.48234339999908;0.0000;0.0000;-0.1377 
38.53044999999838;0.0000;0.0000;0.2753 
38.578646999998455;-0.8948;0.0000;0.0000 
38.625711099997716;0.2237;0.0000;-0.1377 
38.67369779999717;0.2237;0.0000;-0.1377 
38.72181189999901;0.0000;0.0000;0.0000 
38.769764399999985;-0.2237;0.0000;0.1410 
38.817775899999106;-0.2237;0.0000;0.0000 
38.86584199999925;0.0000;0.0000;0.1377 
38.929819599998154;0.0000;0.0000;-0.4130 
38.97744989999774;0.2237;0.0000;0.2753 
39.02566949999891;0.2237;0.0000;-0.1377 
39.07362959999955;-0.2237;0.0000;0.0000 
39.12172329999885;0.2237;0.0000;0.0000 
39.169604299997445;-0.2237;0.0000;0.0000 
39.217692299997;-0.2237;0.0000;0.1410 
39.26559039999847;0.0000;0.0000;0.2753 
39.31375329999719;0.0000;0.0000;0.0000 
39.36205820000032;0.0000;0.0000;0.1377 
39.40978229999746;0.2237;0.0000;0.0000 
39.4585490999998;-0.4474;0.0000;0.0000 
39.50661069999842;0.2237;0.0000;0.1410 
39.55375249999997;0.0000;0.0000;0.1377 
39.602426899997226;0.2237;0.0000;0.1377 
39.650509899998724;0.0000;0.0000;0.2753 
39.69757439999739;0.0000;0.0000;0.0000 
39.746965599999385;-0.2237;0.0000;0.1410 
39.809565399998974;-0.2237;0.0000;0.1377 
39.857580799998686;-0.2237;0.0000;0.1377 
39.90549180000016;0.0000;0.0000;0.0000 
39.953647599999385;0.4474;0.0000;0.0000 
40.00211379999746;0.4474;0.0000;0.0000 
40.04947999999786;0.0000;0.0000;0.1377 
40.09763199999725;0.0000;0.0000;0.2787 
40.145622599997296;0.0000;0.0000;0.1377 
40.19370639999761;0.2237;0.0000;0.1377 
40.24171819999901;0.2237;0.0000;0.1377 
40.28975100000025;0.0000;0.0000;0.1377 
40.33771279999928;0.2237;0.0000;0.1377 
40.385800899999595;0.2237;0.0000;-0.1377 
40.43379079999795;0.2237;0.0000;0.0000 
40.48173279999901;0.2237;0.0000;0.1377 
40.5296574999993;0.0000;0.0000;0.1377 
40.57761109999774;-0.2237;0.0000;0.1410 
40.62577210000018;0.2237;0.0000;-0.1377 
40.67386179999812;0.4474;0.0000;0.0000 
40.7216703999984;0.2237;0.0000;0.1377 
40.769867899998644;0.2237;0.0000;0.1377 
40.817966499998874;0.2237;0.0000;0.0000 
40.866059799998766;0.0000;0.0000;-0.1377 
40.929451099997095;0.0000;0.0000;0.0000 
40.97747239999808;-0.2237;0.0000;0.1377 
41.02550179999889;0.0000;0.0000;0.0000 
41.07362479999938;0.0000;0.0000;0.1377 
41.12164929999926;0.2237;0.0000;-0.1377 
41.169822699997894;0.2237;0.0000;0.0000 
41.21786599999905;-0.2237;0.0000;-0.1377 
41.26573619999908;0.0000;0.0000;0.0000 
41.313647999999375;0.2237;0.0000;0.2787 
41.3617407999991;0.0000;0.0000;0.0000 
41.40955839999879;0.2237;0.0000;0.0000 
41.45787009999913;-0.2237;0.0000;0.1377 
41.50576659999933;0.0000;0.0000;0.2787 
41.55356729999767;-0.2237;0.0000;0.0000 
41.601693499997054;0.0000;0.0000;-0.1377 
41.650228399998014;0.4474;0.0000;0.1377 
41.71353309999904;0.0000;0.0000;0.1410 
41.76155359999757;0.0000;0.0000;0.0000 
41.80982210000002;-0.4474;0.0000;0.0000 
41.857591500000126;-0.2237;0.0000;0.0000 
41.90554189999966;0.0000;0.0000;0.0000 
41.95365739999761;0.2237;0.0000;-0.1377 
42.00197769999795;0.2237;0.0000;0.0000 
42.04958819999956;0.2237;0.0000;0.1377 
42.097771799999464;0.0000;0.0000;0.0000 
42.146012899997004;0.0000;0.0000;-0.1377 
42.19375819999914;0.0000;0.0000;0.1377 
42.241665899997315;-0.2237;0.0000;-0.1377 
42.28963179999846;0.2237;0.0000;0.0000 
42.33785639999769;-0.2237;0.0000;0.0000 
42.40153459999783;-0.2237;0.0000;0.0000 
42.45006509999803;-0.4474;0.0000;0.1377 
42.497523300000466;0.2237;0.0000;0.0000 
42.54570039999817;0.0000;0.0000;0.2753 
42.59367149999889;0.2237;0.0000;0.0000 
42.641702999997506;0.2237;0.0000;0.0034 
42.689752899997984;0.4474;0.0000;0.1377 
42.73799329999747;0.2237;0.0000;-0.1377 
42.786057899997104;0.2237;0.0000;-0.1377 
42.83429959999921;0.2237;0.0000;0.4163 
42.88184799999726;0.0000;0.0000;-0.1377 
42.92963139999847;-0.2237;0.0000;0.1410 
42.99361709999721;0.0000;0.0000;0.1410 
43.041569099998014;0.0000;0.0000;0.0000 
43.08946339999966;0.0000;0.0000;0.1377 
43.13751509999929;0.2237;0.0000;0.1377 
43.185614399997576;0.2237;0.0000;-0.1377 
43.2352135000001;0.2237;0.0000;0.0000 
43.28167979999853;0.0000;0.0000;0.0000 
43.329678899997816;0.2237;0.0000;0.0000 
43.377601199998026;0.0000;0.0000;0.1377 
43.425699699997494;0.2237;0.0000;-0.1377 
43.47416719999819;0.2237;0.0000;0.1377 
43.521536500000366;0.0000;0.0000;0.0000 
43.56949809999787;-0.2237;0.0000;0.1410 
43.618770299999596;0.2237;0.0000;0.0000 
43.666257199998654;0.0000;0.0000;0.1377 
43.71379909999814;0.2237;0.0000;-0.1377 
43.76170920000004;0.2237;0.0000;0.1377 
43.80973449999874;0.0000;0.0000;0.2753 
43.857866499998636;0.4474;0.0000;0.1377 
43.905937699997594;0.2237;0.0000;0.2787 
43.95384919999924;0.2237;0.0000;0.0000 
44.001846600000135;0.2237;0.0000;0.0000 
44.050012899999274;-0.2237;0.0000;0.0000 
44.098722499998985;0.2237;0.0000;0.1377 
44.14571969999815;0.0000;0.0000;0.1410 
44.19394539999848;0.0000;0.0000;0.0034 
44.241625899998326;0.2237;0.0000;0.1377 
44.290151699999114;0.2237;0.0000;0.0000 
44.35341429999971;-0.2237;0.0000;0.0000 
44.40164189999996;0.2237;0.0000;0.0000 
44.449854599999526;0.4474;0.0000;0.0000 
44.49758689999726;0.0000;0.0000;0.1410 
44.545595100000355;0.2237;0.0000;0.0000 
44.593723599999066;-0.2237;0.0000;0.0000 
44.6423520999997;-0.2237;0.0000;0.0000 
44.68962889999966;0.0000;0.0000;0.0000 
44.73900429999776;0.0000;0.0000;0.1377 
44.78565499999968;0.0000;0.0000;0.1377 
44.83451079999941;0.0000;0.0000;0.0000 
44.88182479999887;0.0000;0.0000;0.0034 
44.930682700000034;0.4474;0.0000;0.0000 
44.977792800000316;0.0000;0.0000;0.0000 
45.0269281999972;0.4474;0.0000;0.0000 
45.07516829999804;0.2237;0.0000;-0.1377 
45.1228431999989;-0.2237;0.0000;0.0000 
45.16984179999781;0.0000;0.0000;-0.1377 
45.21776359999785;0.0000;0.0000;0.0000 
45.28193519999695;0.2237;0.0000;-0.2753 
45.32957399999941;0.2237;0.0000;0.0000 
45.37756309999895;-0.2237;0.0000;0.1377 
45.425607899996976;0.0000;0.0000;0.1410 
45.474199399999634;0.2237;0.0000;-0.1377 
45.52184159999888;-0.2237;0.0000;0.1377 
45.57007689999955;-0.2237;0.0000;0.0000 
45.61764519999997;0.2237;0.0000;0.1377 
45.66573509999944;0.0000;0.0000;0.0000 
45.71400129999893;0.0000;0.0000;0.2753 
45.76192280000032;0.0000;0.0000;0.1377 
45.810105000000476;-0.2237;0.0000;0.0000 
45.85835489999954;0.0000;0.0000;0.0000 
45.90603629999896;0.2237;0.0000;-0.1377 
45.953642199998285;0.0000;0.0000;0.1377 
46.01872539999749;0.0000;0.0000;0.0000 
46.06620009999824;0.2237;0.0000;0.0000 
46.11348359999829;0.0000;0.0000;0.1377 
46.16250129999753;0.0000;0.0000;0.0000 
46.20956529999967;0.0000;0.0000;-0.1377 
46.25786549999975;-0.2237;0.0000;0.2787 
46.30573629999708;0.0000;0.0000;0.2753 
46.355814999998984;0.0000;0.0000;0.1377 
46.40162959999725;0.4474;0.0000;0.1410 
46.44946179999897;0.0000;0.0000;0.0000 
46.497588299997005;0.2237;0.0000;0.2787 
46.54613359999712;0.2237;0.0000;0.1377 
46.593562300000485;0.0000;0.0000;0.0000 
46.64184269999896;0.2237;0.0000;-0.1377 
46.6897504999979;-0.2237;0.0000;0.0000 
46.73763059999692;0.2237;0.0000;0.0000 
46.7858269999997;0.0000;0.0000;0.1377 
46.83400400000028;-1.1185;0.0000;-0.2753 
46.89754829999947;-0.4474;0.0000;-0.1377 
46.94569789999878;0.0000;0.0000;0.0000 
46.9936753999973;-0.4474;0.0000;-0.1377 
47.041681799997605;0.2237;0.0000;0.0000 
47.08993980000014;0.4474;0.0000;0.1377 
47.13837959999728;0.0000;0.0000;0.0000 
47.18558889999986;0.0000;0.0000;0.1377 
47.23377199999959;-0.2237;0.0000;0.2753 
47.28182089999973;0.2237;0.0000;0.1377 
47.32969079999748;0.2237;0.0000;0.1377 
47.37777279999864;0.0000;0.0000;0.0000 
47.425745199998346;0.0000;0.0000;-0.1377 
47.474822099997255;0.0000;0.0000;0.0000 
47.52190449999762;-0.2237;0.0000;0.2753 
47.585536599999614;0.4474;0.0000;-0.1377 
47.633694000000105;0.4474;0.0000;-0.2753 
47.68159899999955;0.2237;0.0000;0.0034 
47.72973540000021;0.0000;0.0000;-0.1377 
47.77854849999858;0.0000;0.0000;-0.1377 
47.825977699998475;0.4474;0.0000;0.1377 
47.873978100000386;0.0000;0.0000;0.1377 
47.922683400000096;0.0000;0.0000;0.1377 
47.970990699999675;0.2237;0.0000;0.4163 
48.01786429999993;-0.2237;0.0000;0.0000 
48.06585939999786;-0.2237;0.0000;0.2753 
48.12987570000041;-0.2237;0.0000;0.2753 
48.17780329999732;-0.4474;0.0000;0.1377 
48.2257497999999;0.0000;0.0000;-0.5506 
48.27369329999783;0.0000;0.0000;0.0000 
48.321646899999905;0.0000;0.0000;0.1377 
48.36987169999702;0.2237;0.0000;0.0000 
48.41796479999903;0.0000;0.0000;0.0000 
48.46574089999922;0.2237;0.0000;0.1377 
48.51385649999793;0.2237;0.0000;0.0034 
48.56182659999831;0.0000;0.0000;0.1410 
48.609843599999294;-0.2237;0.0000;0.1377 
48.65779979999934;-0.2237;0.0000;0.0000 
48.7059393999989;0.0000;0.0000;0.1377 
48.753971199999796;0.0000;0.0000;0.1377 
48.80209359999935;-0.2237;0.0000;0.1377 
48.86557509999693;-0.2237;0.0000;-0.1377 
48.914015700000164;-0.2237;0.0000;0.2753 
48.961982900000294;-0.2237;0.0000;0.1377 
49.00953659999868;0.0000;0.0000;0.0000 
49.05777379999927;-0.2237;0.0000;0.0000 
49.10568589999821;0.0000;0.0000;-0.1377 
49.15423219999866;0.0000;0.0000;0.0000 
49.20248799999899;0.2237;0.0000;-0.1377 
49.25026579999758;0.2237;0.0000;-0.1377 
49.31356969999979;0.4474;0.0000;0.0000 
49.362006100000144;-0.2237;0.0000;0.1377 
49.40965940000024;-0.2237;0.0000;0.1410 
49.45744310000009;0.0000;0.0000;0.1410 
49.50594459999775;0.2237;0.0000;0.0000 
49.554108299998916;-0.2237;0.0000;-0.2753 
49.60185400000046;0.0000;0.0000;0.2753 
49.64988979999907;0.0000;0.0000;0.0000 
49.697886899997684;0.0000;0.0000;0.2787 
49.74581479999688;0.0000;0.0000;0.1377 
49.79372159999912;0.0000;0.0000;0.1410 
49.842553399997996;0.2237;0.0000;0.1410 
49.890397699997266;0.0000;0.0000;-0.1377 
49.938560399998096;-0.2237;0.0000;0.0000 
49.98688899999979;0.2237;0.0000;0.1377 
50.03496389999782;0.0000;0.0000;0.0000 
50.09741699999722;-0.4474;0.0000;0.0000 
50.14574029999858;0.2237;0.0000;0.0000 
50.19353659999979;0.0000;0.0000;0.1377 
50.24145139999746;0.2237;0.0000;0.0000 
50.289624099998036;0.0000;0.0000;0.1377 
50.33846919999996;0.0000;0.0000;0.0000 
50.3854700999982;0.0000;0.0000;0.1377 
50.43344649999926;0.0000;0.0000;0.0000 
50.4820015999976;-0.2237;0.0000;0.0000 
50.529862699997466;0.0000;0.0000;-0.1377 
50.577570299999934;0.0000;0.0000;0.1377 
50.625648499997624;0.2237;0.0000;0.1377 
50.673573599997326;0.0000;0.0000;0.0000 
50.72191739999835;-0.2237;0.0000;0.0000 
50.769587499999034;0.2237;0.0000;-0.1377 
50.81785989999844;0.0000;0.0000;-0.1377 
50.866454499999236;-0.2237;0.0000;0.1377 
50.92960319999838;0.0000;0.0000;0.0000 
50.97834959999818;0.0000;0.0000;0.0000 
51.025643999997556;0.2237;0.0000;0.0000 
51.07345669999995;0.2237;0.0000;0.0000 
51.12150230000043;0.2237;0.0000;0.0000 
51.16969649999737;0.0000;0.0000;0.1377 
51.21754759999749;0.0000;0.0000;0.1377 
51.26613019999786;-0.2237;0.0000;0.0000 
51.313603200000216;0.0000;0.0000;0.0000 
51.361817599998176;0.2237;0.0000;0.0000 
51.41107339999871;0.2237;0.0000;0.0000 
51.45775649999996;0.0000;0.0000;0.0000 
51.50603339999725;0.0000;0.0000;0.0000 
51.553673999998864;0.4474;0.0000;0.0000 
51.601539799998136;0.0000;0.0000;0.1377 
51.65000979999968;0.0000;0.0000;0.1377 
51.69762809999884;0.2237;0.0000;0.0000 
51.745550299998285;0.2237;0.0000;-0.1377 
51.79374459999963;0.0000;0.0000;0.1377 
51.84191269999792;0.2237;0.0000;-0.1377 
51.889842199998384;0.0000;0.0000;0.0034 
51.93756209999992;0.0000;0.0000;0.0000 
51.98576200000025;-0.2237;0.0000;0.0000 
52.033906699998624;0.2237;0.0000;-0.1377 
52.08170880000034;0.2237;0.0000;0.1377 
52.129608699997334;0.0000;0.0000;0.1410 
52.17759599999772;0.2237;0.0000;0.0000 
52.225960199997644;0.0000;0.0000;0.0000 
52.273729900000035;0.0000;0.0000;0.1410 
52.32165019999957;0.0000;0.0000;0.0000 
52.36985350000032;-0.2237;0.0000;0.0000 
52.433347199999844;0.0000;0.0000;0.1377 
52.48149619999822;0.0000;0.0000;0.2753 
52.529455199997756;0.0000;0.0000;0.0000 
52.57752039999832;0.0000;0.0000;0.1377 
52.62567329999729;0.0000;0.0000;-0.1377 
52.673661099997844;0.2237;0.0000;0.1377 
52.72167830000035;0.2237;0.0000;0.0000 
52.76980729999923;0.0000;0.0000;0.0000 
52.8177048999969;0.2237;0.0000;0.2787 
52.866905200000474;-0.2237;0.0000;0.2753 
52.914135399998486;0.2237;0.0000;0.0000 
52.961739899998065;0.0000;0.0000;0.1377 
53.00964810000005;0.2237;0.0000;0.1377 
53.0576430000001;0.2237;0.0000;0.2753 
53.105781999998726;0.0000;0.0000;0.1377 
53.15364539999791;0.0000;0.0000;0.0000 
53.20217909999701;0.2237;0.0000;0.0000 
53.24972309999794;-0.8948;0.0000;0.0000 
53.29782889999842;0.4474;0.0000;0.1377 
53.34580229999847;0.0000;0.0000;0.0000 
53.393973399997776;0.0000;0.0000;0.0000 
53.443192499998986;-0.2237;0.0000;0.0000 
53.49002169999949;-0.2237;0.0000;0.0000 
53.53762309999729;0.0000;0.0000;0.1377 
53.585812799999985;0.0000;0.0000;0.1377 
53.63392290000047;0.2237;0.0000;0.0000 
53.681911599996965;0.0000;0.0000;0.0000 
53.72997789999863;0.2237;0.0000;0.2787 
53.778008899997076;0.4474;0.0000;0.2753 
53.82617169999867;0.2237;0.0000;0.0000 
53.890091599998414;-0.2237;0.0000;0.0000 
53.93779539999741;0.2237;0.0000;-0.1377 
53.98572679999779;0.2237;0.0000;0.0000 
54.03386319999845;0.0000;0.0000;-0.1377 
54.08188419999715;-0.2237;0.0000;0.0000 
54.13011529999858;0.2237;0.0000;0.1377 
54.17784009999741;0.0000;0.0000;-0.1377 
54.22599679999985;0.0000;0.0000;-0.2753 
54.27358269999968;0.0000;0.0000;-0.2753 
54.33782289999726;-0.2237;0.0000;0.1377 
54.38548989999981;0.0000;0.0000;0.1377 
54.433574200000294;-0.2237;0.0000;0.0000 
54.48161020000043;0.0000;0.0000;0.1410 
54.52966530000049;-0.2237;0.0000;0.1377 
54.57771629999843;0.0000;0.0000;-0.2753 
54.62570570000025;0.0000;0.0000;0.1410 
54.6738820999999;-0.2237;0.0000;0.0000 
54.72174299999824;0.2237;0.0000;0.1377 
54.76972409999871;-0.2237;0.0000;-0.1377 
54.817792399997415;0.0000;0.0000;0.1377 
54.8657432;0.0000;0.0000;0.1377 
54.91372009999759;0.0000;0.0000;0.1377 
54.96180149999782;0.0000;0.0000;0.1377 
55.009951099997124;0.0000;0.0000;0.1377 
55.0735242999981;0.0000;0.0000;-0.1377 
55.121579499998916;0.0000;0.0000;0.2753 
55.169609199998376;0.0000;0.0000;0.0000 
55.21752619999825;0.0000;0.0000;0.1377 
55.265596899997036;0.0000;0.0000;0.1410 
55.31363499999861;0.0000;0.0000;0.1377 
55.3616949999996;0.2237;0.0000;0.1410 
55.40957479999997;0.0000;0.0000;0.1377 
55.45755419999841;0.4474;0.0000;0.0000 
55.505673699997715;-0.2237;0.0000;0.0000 
55.554414299997006;0.0000;0.0000;0.2787 
55.60157419999814;-0.2237;0.0000;0.2753 
55.64993340000001;0.0000;0.0000;-0.1377 
55.697615199998836;0.4474;0.0000;-0.1377 
55.74573359999704;0.2237;0.0000;0.1410 
55.79379179999887;0.0000;0.0000;0.0000 
55.84265169999708;0.0000;0.0000;0.0000 
55.89014889999817;0.0000;0.0000;0.1377 
55.937777799998;0.0000;0.0000;0.0000 
55.9869598999976;0.0000;0.0000;-0.1377 
56.03453739999895;0.0000;0.0000;0.1377 
56.081777199997305;0.2237;0.0000;0.0000 
56.14566769999874;0.4474;0.0000;-0.1377 
56.19358329999886;0.0000;0.0000;0.1377 
56.24165589999757;0.0000;0.0000;-0.1377 
56.28964160000032;0.0000;0.0000;-0.1377 
56.338063399998646;0.0000;0.0000;0.1377 
56.385531099997024;0.0000;0.0000;0.1410 
56.43359479999708;0.0000;0.0000;0.2753 
56.481630700000096;0.2237;0.0000;0.2787 
56.529692899999645;0.2237;0.0000;0.1410 
56.57758009999816;0.2237;0.0000;0.0000 
56.62567769999805;0.2237;0.0000;0.1377 
56.67386780000015;0.2237;0.0000;0.0000 
56.72183059999952;0.2237;0.0000;-0.1377 
56.76989859999958;-0.2237;0.0000;0.0000 
56.818476499996905;-0.2237;0.0000;0.1377 
56.865666599998804;0.2237;0.0000;0.1410 
56.91410199999882;0.2237;0.0000;0.0000 
56.96178560000044;0.0000;0.0000;0.0000 
57.009779099997104;0.0000;0.0000;0.2753 
57.05800159999853;0.4474;0.0000;0.1377 
57.10589479999908;0.2237;0.0000;0.2753 
57.153785899998184;0.4474;0.0000;0.1410 
57.20182600000044;0.2237;0.0000;0.1377 
57.249757199999294;0.0000;0.0000;0.0000 
57.31353809999928;0.4474;0.0000;-0.1377 
57.36186269999962;0.0000;0.0000;0.1377 
57.409635699998034;0.0000;0.0000;0.4163 
57.45746969999891;0.6711;0.0000;0.0000 
57.505773499997304;0.4474;0.0000;0.2787 
57.553700699998444;-0.2237;0.0000;0.0000 
57.601499099997454;-0.6711;0.0000;0.1377 
57.649667699999554;0.2237;0.0000;-0.1377 
57.69760099999985;0.4474;0.0000;0.1410 
57.7458278999984;0.0000;0.0000;0.0034 
57.79366119999759;-0.4474;0.0000;0.0000 
57.84163769999941;-0.2237;0.0000;0.0000 
57.88989589999983;0.4474;0.0000;0.1377 
57.93822369999907;0.4474;0.0000;-0.1377 
58.00151179999739;0.0000;0.0000;-0.1377 
58.04946259999997;0.2237;0.0000;0.0000 
58.097506999998586;0.0000;0.0000;0.0000 
58.145682399997895;-0.2237;0.0000;0.1377 
58.1935756999992;0.0000;0.0000;0.0000 
58.24226379999891;-0.2237;0.0000;0.2753 
58.28976779999721;-0.2237;0.0000;0.0000 
58.3379488999999;-0.2237;0.0000;0.0000 
58.386072799999965;0.0000;0.0000;0.2787 
58.4341437999974;0.0000;0.0000;0.2787 
58.48239929999909;0.0000;0.0000;-0.1377 
58.53001989999757;0.0000;0.0000;0.0000 
58.57784129999709;0.0000;0.0000;0.2753 
58.62611319999996;0.0000;0.0000;0.1410 
58.67368929999793;0.2237;0.0000;0.0000 
58.72212529999888;0.0000;0.0000;0.0034 
58.7698793999989;0.2237;0.0000;0.1377 
58.81773979999707;0.2237;0.0000;0.0000 
58.8817999999992;-0.2237;0.0000;-0.1377 
58.92980119999993;0.0000;0.0000;0.1410 
58.97834469999725;0.2237;0.0000;0.1377 
59.02561879999848;0.2237;0.0000;0.0000 
59.07362099999955;0.2237;0.0000;0.0000 
59.12156099999993;0.0000;0.0000;0.1377 
59.16999239999859;0.0000;0.0000;0.2753 
59.21760199999699;-0.2237;0.0000;0.1410 
59.26584549999825;0.0000;0.0000;-0.1377 
59.31368029999794;0.2237;0.0000;0.0000 
59.36167959999875;-0.2237;0.0000;0.0000 
59.40952239999751;-0.2237;0.0000;0.1377 
59.457648299998255;-0.4474;0.0000;0.2753 
59.52139929999976;-0.2237;0.0000;0.0000 
59.569551699998556;0.6711;0.0000;0.0000 
59.617711200000485;0.0000;0.0000;0.0000 
59.665571999998065;0.2237;0.0000;0.0000 
59.714024099997914;0.2237;0.0000;0.2787 
59.76202099999864;0.2237;0.0000;0.1377 
59.80987109999842;0.2237;0.0000;0.1377 
59.85786240000016;0.0000;0.0000;0.0000 
59.90630909999891;-0.2237;0.0000;0.1377 
59.953657300000486;0.2237;0.0000;-0.1377 
60.00185919999785;0.0000;0.0000;0.2787 
60.049875099997735;0.0000;0.0000;0.1377 
60.097849800000404;0.0000;0.0000;-0.2753 
60.14584040000045;0.2237;0.0000;0.2753 
60.19372669999939;0.2237;0.0000;-0.1377 
60.24167730000045;0.2237;0.0000;0.1377 
60.2896338999999;0.0000;0.0000;0.0000 
60.337693199999194;0.0000;0.0000;0.1377 
60.385587199998554;0.0000;0.0000;0.1377 
60.434327299997676;0.2237;0.0000;0.0000 
60.48189209999691;0.2237;0.0000;0.0000 
60.52996169999824;0.0000;0.0000;0.0000 
60.577725699997245;0.2237;0.0000;0.1377 
60.62628479999694;-0.2237;0.0000;0.1377 
60.68955669999923;-0.2237;0.0000;-0.1377 
60.73820479999995;-0.2237;0.0000;0.1377 
60.78606239999863;0.0000;0.0000;0.0000 
60.833704199998465;0.2237;0.0000;0.1377 
60.88160029999926;0.2237;0.0000;0.1377 
60.92968139999721;-0.2237;0.0000;0.0000 
60.97790209999948;0.2237;0.0000;-0.1377 
61.02578249999715;0.0000;0.0000;0.0000 
61.073724399997445;0.2237;0.0000;0.1410 
61.12190619999819;0.4474;0.0000;-0.1377 
61.16961729999821;0.2237;0.0000;0.0000 
61.218410599998606;0.4474;0.0000;0.1377 
61.26658859999952;0.2237;0.0000;0.0000 
61.31457399999999;0.0000;0.0000;0.0000 
61.363020799999504;0.2237;0.0000;0.2753 
61.40984759999992;0.2237;0.0000;0.0000 
61.45779639999819;-0.2237;0.0000;0.0000 
61.521549799999775;0.2237;0.0000;0.0000 
61.56941929999812;-0.2237;0.0000;0.0000 
61.617621899997175;0.2237;0.0000;-0.1377 
61.665507399997296;0.2237;0.0000;0.1377 
61.7135660999993;0.2237;0.0000;0.0000 
61.76153340000019;0.0000;0.0000;-0.2753 
61.809767499999;-0.2237;0.0000;0.0000 
61.85765629999878;-0.2237;0.0000;0.1410 
61.9058675999986;0.0000;0.0000;0.1377 
61.95379409999805;0.0000;0.0000;0.0034 
62.00176079999801;0.0000;0.0000;0.2753 
62.04983639999773;0.0000;0.0000;0.0000 
62.097794299999805;0.0000;0.0000;0.0000 
62.145950499998435;0.6711;0.0000;0.0000 
62.19404409999697;0.2237;0.0000;0.1377 
62.24185479999869;0.0000;0.0000;0.1377 
62.289742499997374;0.0000;0.0000;0.0000 
62.337597099998675;0.2237;0.0000;0.0000 
62.40153529999952;-0.4474;0.0000;0.0000 
62.449564999998984;0.0000;0.0000;0.5506 
62.49759389999963;0.0000;0.0000;-0.1377 
62.54560239999773;0.0000;0.0000;0.4130 
62.59346629999709;0.4474;0.0000;0.0000 
62.64171949999945;0.0000;0.0000;-0.1377 
62.68970799999806;-0.8948;0.0000;-0.1377 
62.73788319999949;0.0000;0.0000;0.1377 
62.785568199997215;0.0000;0.0000;0.1377 
62.83385179999823;0.0000;0.0000;0.2753 
62.88183659999777;0.2237;0.0000;0.0000 
62.92977780000001;0.0000;0.0000;0.0000 
62.97757459999775;0.0000;0.0000;0.0000 
63.02573889999985;0.0000;0.0000;0.0000 
63.073976100000436;0.0000;0.0000;0.1377 
63.122529999996914;0.0000;0.0000;0.1377 
63.16955009999947;0.0000;0.0000;0.1377 
63.21757090000028;0.0000;0.0000;0.0000 
63.26581129999977;-0.2237;0.0000;0.0000 
63.31370329999845;0.4474;0.0000;0.1410 
63.377597399998194;-0.2237;0.0000;-0.1377 
63.42570539999724;0.0000;0.0000;0.1377 
63.4735546999982;0.2237;0.0000;0.0000 
63.521675299998606;0.0000;0.0000;-0.2753 
63.56963239999823;0.0000;0.0000;0.1377 
63.6176252999976;-0.2237;0.0000;0.0000 
63.66563580000002;-0.2237;0.0000;0.0000 
63.7137017999994;0.2237;0.0000;0.0000 
63.76164710000012;0.2237;0.0000;0.1377 
63.80954329999804;0.4474;0.0000;0.0000 
63.85757129999911;0.2237;0.0000;0.2753 
63.90570519999892;0.0000;0.0000;0.2753 
63.95368529999905;0.0000;0.0000;-0.1377 
64.00158809999994;0.2237;0.0000;0.0000 
64.04990159999943;-0.4474;0.0000;0.0000 
64.09785339999871;0.2237;0.0000;0.0000 
64.14598869999827;0.2237;0.0000;0.1377 
64.20938929999829;-0.4474;0.0000;0.0000 
64.25755779999963;-0.2237;0.0000;-0.1377 
64.30562709999867;0.2237;0.0000;0.1377 
64.35356259999753;0.2237;0.0000;0.2753 
64.40163559999928;-0.2237;0.0000;0.0000 
64.44966469999781;0.0000;0.0000;0.1377 
64.4976336999971;0.4474;0.0000;0.1377 
64.54581799999869;-0.4474;0.0000;-0.1377 
64.59358159999829;0.4474;0.0000;0.1377 
64.64199089999966;-0.2237;0.0000;0.1377 
64.68983519999892;0.2237;0.0000;0.1377 
64.73794639999687;0.4474;0.0000;0.0000 
64.78577619999851;0.6711;0.0000;0.0000 
64.8343556999971;0.0000;0.0000;0.4163 
64.89748839999811;-0.2237;0.0000;0.2753 
64.94550119999985;0.0000;0.0000;0.1377 
64.99363230000017;0.2237;0.0000;0.1377 
65.04166629999963;0.0000;0.0000;0.1410 
65.08950980000009;0.0000;0.0000;0.1410 
65.1376253999988;0.2237;0.0000;0.0000 
65.18554279999807;-0.2237;0.0000;0.0000 
65.2341419000004;0.2237;0.0000;-0.1377 
65.28160419999767;0.2237;0.0000;0.1377 
65.3297367999985;0.0000;0.0000;0.1377 
65.37759149999692;-0.2237;0.0000;0.1410 
65.42553019999832;0.2237;0.0000;0.1377 
65.47375539999848;0.0000;0.0000;-0.1377 
65.52178169999752;0.0000;0.0000;0.0000 
65.56969289999688;0.2237;0.0000;0.0000 
65.61763339999743;0.2237;0.0000;0.0000 
65.66575910000029;-0.2237;0.0000;0.4163 
65.71393790000002;0.0000;0.0000;0.0000 
65.7618212999987;0.2237;0.0000;0.0000 
65.82566569999835;0.2237;0.0000;-0.1377 
65.87377279999782;-0.2237;0.0000;0.0000 
65.92184339999949;0.2237;0.0000;0.0000 
65.96979049999936;0.2237;0.0000;0.0034 
66.01759039999888;-0.2237;0.0000;0.0000 
66.06565079999928;0.2237;0.0000;-0.1377 
66.11364279999907;0.0000;0.0000;-0.1377 
66.16183259999889;0.0000;0.0000;0.0000 
66.20989679999911;0.0000;0.0000;0.0000 
66.25773420000041;0.0000;0.0000;0.0000 
66.30672669999694;0.0000;0.0000;0.0000 
66.35428169999796;0.2237;0.0000;0.1377 
66.40380910000022;0.0000;0.0000;0.1377 
66.4509195999999;0.0000;0.0000;0.2753 
66.49813129999893;-0.2237;0.0000;0.0000 
66.54569189999893;-0.2237;0.0000;0.2753 
66.59390839999833;0.2237;0.0000;0.0000 
66.65758379999897;0.4474;0.0000;0.1377 
66.7055866999981;0.2237;0.0000;0.0000 
66.75336339999922;0.0000;0.0000;0.1377 
66.80160160000014;0.2237;0.0000;0.1410 
66.84994079999888;-0.2237;0.0000;0.0000 
66.89761109999745;0.0000;0.0000;0.0000 
66.9454939999996;-0.2237;0.0000;0.1410 
66.99377049999748;-0.2237;0.0000;0.0000 
67.04154070000004;0.0000;0.0000;0.1377 
67.08951639999941;0.0000;0.0000;0.0000 
67.13740479999979;0.2237;0.0000;0.0000 
67.18552319999799;0.0000;0.0000;0.0000 
67.2420166999982;0.0000;0.0000;0.1377 
67.28171199999997;0.2237;0.0000;0.0000 
67.32964599999832;0.0000;0.0000;0.0000 
67.37765659999786;0.2237;0.0000;0.1377 
67.42566950000037;0.2237;0.0000;0.0000 
67.4736673999978;0.2237;0.0000;0.1377 
67.52218770000036;0.0000;0.0000;0.0000 
67.56962999999814;0.0000;0.0000;0.0000 
67.61769469999854;0.0000;0.0000;0.0000 
67.6659053000003;0.2237;0.0000;0.1377 
67.71370309999838;0.0000;0.0000;0.1377 
67.76171429999886;0.2237;0.0000;-0.2753 
67.80965879999712;0.0000;0.0000;0.0000 
67.85776139999871;0.0000;0.0000;-0.1377 
67.90577080000003;0.2237;0.0000;0.1377 
67.95374199999787;0.2237;0.0000;0.1377 
68.00158759999977;0.4474;0.0000;0.1377 
68.04965319999974;0.2237;0.0000;0.2753 
68.0975185999996;0.0000;0.0000;0.1377 
68.161455999998;0.2237;0.0000;-0.1377 
68.20952399999805;0.0000;0.0000;0.0000 
68.25740399999995;0.4474;0.0000;0.0000 
68.305481899999;0.2237;0.0000;0.4163 
68.35503369999788;0.0000;0.0000;0.1377 
68.40148369999952;-0.2237;0.0000;0.0000 
68.4496524999995;0.2237;0.0000;0.1377 
68.49760369999785;-0.2237;0.0000;0.1377 
68.54582619999928;0.0000;0.0000;0.0000 
68.59375960000034;0.0000;0.0000;0.0000 
68.64164199999868;0.2237;0.0000;0.2753 
68.68987689999994;0.0000;0.0000;0.0000 
68.73774959999719;0.0000;0.0000;0.1377 
68.78562020000027;0.0000;0.0000;-0.1377 
68.83368749999863;-0.2237;0.0000;0.0000 
68.88155410000036;0.0000;0.0000;0.1377 
68.92975119999755;0.0000;0.0000;0.0000 
68.97767489999751;0.2237;0.0000;0.1377 
69.0257853999974;0.2237;0.0000;0.0000 
69.07381389999864;0.2237;0.0000;0.0000 
69.12194359999921;0.0000;0.0000;0.0000 
69.16972039999746;0.2237;0.0000;-0.1377 
69.21795500000007;0.2237;0.0000;0.1377 
69.28144039999825;0.4474;0.0000;-0.2753 
69.32950559999881;0.0000;0.0000;0.0000 
69.3774388999991;0.0000;0.0000;0.1377 
69.42536370000016;0.2237;0.0000;0.0000 
69.47340849999819;0.2237;0.0000;0.1377 
69.52143629999773;0.2237;0.0000;0.0000 
69.56951689999914;-0.2237;0.0000;0.4130 
69.61757980000039;0.2237;0.0000;0.0000 
69.66546689999814;0.0000;0.0000;0.0000 
69.71359819999998;0.4474;0.0000;-0.1377 
69.76160809999783;0.2237;0.0000;0.0000 
69.80994389999978;-0.4474;0.0000;0.1377 
69.85802599999806;0.0000;0.0000;0.0000 
69.90599659999862;-0.2237;0.0000;0.1377 
69.9537911999978;0.0000;0.0000;0.2753 
70.00168629999825;0.0000;0.0000;-0.1377 
70.0501191000003;0.0000;0.0000;0.0000 
70.09859679999863;0.2237;0.0000;0.1377 
70.14573959999689;0.0000;0.0000;0.0000 
70.19370849999905;-0.4474;0.0000;0.0000 
70.2417545999997;0.0000;0.0000;0.0000 
70.2895604999976;-0.2237;0.0000;0.0000 
70.35357699999804;0.2237;0.0000;-0.1377 
70.40207169999849;-0.2237;0.0000;0.0000 
70.44992519999869;-0.2237;0.0000;0.2753 
70.49765059999845;0.2237;0.0000;0.0000 
70.54552599999806;0.2237;0.0000;0.1377 
70.59370889999991;0.2237;0.0000;0.0034 
70.64171499999793;0.2237;0.0000;0.1377 
70.68977189999714;0.0000;0.0000;0.2787 
70.73783790000016;0.0000;0.0000;0.1410 
70.7857425000002;0.2237;0.0000;0.0000 
70.83392470000035;0.0000;0.0000;0.0000 
70.881759099997;-0.2237;0.0000;0.2787 
70.92982619999748;0.2237;0.0000;0.2753 
70.97786300000007;0.0000;0.0000;0.4163 
71.02589779999835;0.2237;0.0000;-0.1377 
71.07459309999831;-0.2237;0.0000;0.0000 
71.13734309999927;0.0000;0.0000;0.1377 
71.18590939999922;0.0000;0.0000;0.0000 
71.23353629999838;0.0000;0.0000;0.2787 
71.28180169999905;0.0000;0.0000;0.1377 
71.32946789999914;0.2237;0.0000;0.0000 
71.3776618999982;0.2237;0.0000;-0.1377 
71.42557809999926;0.2237;0.0000;0.0000 
71.47379079999882;0.2237;0.0000;-0.2753 
71.52166299999953;0.2237;0.0000;0.1377 
71.56986340000003;0.0000;0.0000;0.0000 
71.61754029999793;0.0000;0.0000;-0.1377 
71.67681869999797;0.0000;0.0000;0.2787 
71.7136619999983;0.2237;0.0000;0.0000 
71.76166649999868;0.2237;0.0000;0.0000 
71.80986139999732;0.0000;0.0000;0.1377 
71.8585471999977;0.0000;0.0000;-0.1377 
71.90622760000042;0.2237;0.0000;0.0000 
71.95395439999993;0.0000;0.0000;0.1377 
72.00168009999834;0.2237;0.0000;-0.1377 
72.05101039999863;0.2237;0.0000;0.2753 
72.0981772999985;0.2237;0.0000;0.0000 
72.14556589999847;0.2237;0.0000;0.0000 
72.19369819999702;0.0000;0.0000;0.0000 
72.24214649999703;-0.2237;0.0000;0.0000 
72.30540869999822;0.4474;0.0000;-0.1377 
72.35369340000034;0.0000;0.0000;0.1377 
72.40150399999766;0.0000;0.0000;0.1377 
72.44941159999871;0.2237;0.0000;0.0000 
72.49760249999963;0.4474;0.0000;-0.1377 
72.5454471999983;0.2237;0.0000;0.2753 
72.5936013999999;0.4474;0.0000;-0.1377 
72.64173959999971;0.0000;0.0000;0.0000 
72.68956809999872;0.2237;0.0000;0.2753 
72.73765439999988;-0.2237;0.0000;0.0000 
72.78569829999833;0.2237;0.0000;0.0000 
72.83377889999974;0.0000;0.0000;0.1377 
72.8816568000002;0.2237;0.0000;0.1377 
72.92971989999933;0.0000;0.0000;0.1377 
72.97777270000006;0.0000;0.0000;0.0000 
73.02563709999959;0.2237;0.0000;0.1377 
73.0738855999989;-0.2237;0.0000;-0.1377 
73.13737649999894;0.0000;0.0000;0.0000 
73.18553539999994;0.2237;0.0000;0.2787 
73.2334950000004;0.0000;0.0000;0.0000 
73.28152549999868;0.2237;0.0000;-0.2753 
73.329838499998;0.0000;0.0000;0.1377 
73.3776156999993;0.2237;0.0000;0.0000 
73.42550420000043;-0.4474;0.0000;0.2753 
73.47349349999786;0.2237;0.0000;0.1377 
73.52179469999828;0.2237;0.0000;0.2753 
73.5695061999977;0.0000;0.0000;0.1377 
73.61761269999988;0.2237;0.0000;0.2787 
73.66567439999926;0.0000;0.0000;0.0000 
73.71375279999847;0.2237;0.0000;-0.1377 
73.76188179999735;0.0000;0.0000;0.2787 
73.80976139999984;0.2237;0.0000;-0.1377 
73.8577430999976;0.4474;0.0000;-0.1377 
73.90572359999715;0.0000;0.0000;-0.1377 
73.95399179999731;0.2237;0.0000;0.1377 
74.002494999997;0.0000;0.0000;0.1377 
74.06566419999945;0.0000;0.0000;-0.1377 
74.11346549999871;0.0000;0.0000;0.2787 
74.16156059999776;0.0000;0.0000;0.1377 
74.209589099999;-0.2237;0.0000;0.0000 
74.25755049999862;0.2237;0.0000;0.0000 
74.30558279999968;0.0000;0.0000;0.1377 
74.3535480999999;0.0000;0.0000;0.0000 
74.40167540000039;0.2237;0.0000;0.1377 
74.44939849999719;0.0000;0.0000;0.0000 
74.49753049999708;0.2237;0.0000;0.0000 
74.54556179999781;0.0000;0.0000;0.0000 
74.59356439999829;0.2237;0.0000;0.1377 
74.64176299999963;0.2237;0.0000;0.0000 
74.68952199999694;0.0000;0.0000;0.0000 
74.7377299999971;0.0000;0.0000;0.1377 
74.78566890000002;0.2237;0.0000;-0.1377 
74.83362429999761;0.2237;0.0000;0.0000 
74.88168659999792;0.2237;0.0000;0.0000 
74.92976329999874;-0.2237;0.0000;0.0000 
74.97780099999727;0.2237;0.0000;0.2787 
75.02549439999711;-0.2237;0.0000;0.0000 
75.07372939999914;0.0000;0.0000;0.2787 
75.12167409999893;0.2237;0.0000;0.0000 
75.17013880000013;0.2237;0.0000;0.2753 
75.21777669999938;0.2237;0.0000;-0.1377 
75.26569799999925;0.0000;0.0000;0.1410 
75.32932889999938;0.0000;0.0000;0.1410 
75.37744989999919;-0.2237;0.0000;0.1377 
75.42546550000043;0.2237;0.0000;0.2787 
75.47363349999796;0.2237;0.0000;-0.1377 
75.52159529999699;0.2237;0.0000;-0.1377 
75.56960629999958;-0.2237;0.0000;0.1377 
75.61749359999885;-0.2237;0.0000;0.0000 
75.66548409999814;0.0000;0.0000;0.0000 
75.71381829999882;0.2237;0.0000;0.1377 
75.76156719999926;0.2237;0.0000;0.1377 
75.80959429999712;0.2237;0.0000;0.0000 
75.85772369999904;0.0000;0.0000;-0.1377 
75.90571809999892;0.2237;0.0000;-0.1377 
75.95352359999742;0.2237;0.0000;0.1377 
76.00160250000044;0.2237;0.0000;0.1377 
76.06542300000001;0.2237;0.0000;-0.1377 
76.11374230000001;0.2237;0.0000;0.0000 
76.16158869999708;0.0000;0.0000;0.5540 
76.20937799999956;0.0000;0.0000;-0.1377 
76.25775969999813;0.0000;0.0000;-0.1377 
76.30556449999858;0.0000;0.0000;0.1377 
76.35366099999737;0.2237;0.0000;0.1377 
76.40263239999695;0.2237;0.0000;0.0000 
76.44955699999991;0.0000;0.0000;-0.1377 
76.4977779999972;0.2237;0.0000;0.0000 
76.54577439999775;0.0000;0.0000;0.0000 
76.59358810000049;-0.2237;0.0000;-0.1377 
76.641571199998;0.4474;0.0000;0.2753 
76.70625529999961;0.2237;0.0000;-0.1377 
76.7535003999983;0.4474;0.0000;-0.2753 
76.80268599999908;0.0000;0.0000;0.0000 
76.84944509999696;0.4474;0.0000;0.1377 
76.89750339999955;0.0000;0.0000;0.2753 
76.9455710000002;0.4474;0.0000;0.4163 
76.99360189999788;-0.2237;0.0000;0.2753 
77.04156569999759;0.0000;0.0000;0.1377 
77.08980019999944;-0.2237;0.0000;-0.1377 
77.13790189999781;0.0000;0.0000;0.2753 
77.18572180000047;-0.2237;0.0000;0.0000 
77.23359629999686;0.0000;0.0000;0.2753 
77.28158279999843;0.0000;0.0000;0.0000 
77.32949139999982;0.2237;0.0000;0.1377 
77.37822529999903;0.6711;0.0000;-0.1377 
77.44148370000039;-0.2237;0.0000;0.0000 
77.48943329999747;0.0000;0.0000;0.0000 
77.53766089999772;0.0000;0.0000;0.1377 
77.58536370000002;0.2237;0.0000;0.1377 
77.6334981;0.2237;0.0000;0.1377 
77.6814618999997;0.2237;0.0000;-0.1377 
77.72950270000001;0.0000;0.0000;0.0000 
77.7775750999972;0.0000;0.0000;0.1377 
77.82563999999911;0.4474;0.0000;0.0000 
77.87420949999796;0.0000;0.0000;0.1377 
77.92159769999853;0.0000;0.0000;0.0034 
77.9694872;0.2237;0.0000;0.0000 
78.01751510000031;0.0000;0.0000;-0.1377 
78.065614799998;0.2237;0.0000;0.1377 
78.11421919999702;0.0000;0.0000;0.1377 
78.16168139999718;0.0000;0.0000;0.0000 
78.20958939999764;0.0000;0.0000;-0.2753 
78.25764039999922;0.0000;0.0000;0.1377 
78.30567139999766;0.2237;0.0000;0.1377 
78.35352129999956;0.2237;0.0000;0.0000 
78.40163079999911;0.2237;0.0000;0.1377 
78.44962630000009;0.0000;0.0000;0.1377 
78.49748489999911;0.0000;0.0000;0.2787 
78.54573270000037;-0.2237;0.0000;0.2753 
78.59383319999688;0.2237;0.0000;0.1377 
78.64177310000014;0.2237;0.0000;0.2753 
78.68967039999916;0.2237;0.0000;0.1377 
78.73781889999736;0.0000;0.0000;0.0000 
78.80139099999724;0.2237;0.0000;-0.1377 
78.84945709999738;0.0000;0.0000;0.1377 
78.89745799999946;0.0000;0.0000;0.1377 
78.94546499999706;-0.8948;0.0000;0.1410 
78.9938930999997;-0.2237;0.0000;0.0000 
79.04151129999809;0.0000;0.0000;0.0000 
79.08958159999747;-0.4474;0.0000;0.0000 
79.13747629999853;0.0000;0.0000;-0.1377 
79.1857405999981;0.0000;0.0000;0.0000 
79.23353359999965;0.0000;0.0000;0.0000 
79.28153039999961;0.2237;0.0000;0.0000 
79.3295154999978;-0.2237;0.0000;0.1377 
79.37751260000005;0.0000;0.0000;0.0000 
79.4256506999991;0.2237;0.0000;0.1377 
79.47365480000008;0.2237;0.0000;0.0000 
79.52245489999768;0.0000;0.0000;0.0000 
79.5696812999995;0.2237;0.0000;0.0000 
79.61751770000046;0.2237;0.0000;0.0000 
79.66557739999917;0.0000;0.0000;0.2753 
79.71361649999744;0.2237;0.0000;-0.1377 
79.76157690000036;0.0000;0.0000;0.2753 
79.82534759999908;0.0000;0.0000;-0.1377 
79.87345949999872;0.2237;0.0000;0.0034 
79.9217322000004;0.2237;0.0000;-0.1377 
79.96967169999698;0.0000;0.0000;0.4163 
80.01815429999988;-0.2237;0.0000;0.2787 
80.06634329999724;0.2237;0.0000;0.1377 
80.11353979999694;0.2237;0.0000;0.0000 
80.1616611999998;0.0000;0.0000;0.1377 
80.20963329999722;0.2237;0.0000;0.1377 
80.25752379999903;0.0000;0.0000;-0.1377 
80.30566410000029;0.0000;0.0000;0.1377 
80.35375719999865;0.0000;0.0000;0.0000 
80.40187259999948;-0.2237;0.0000;-0.1377 
80.44964799999798;0.2237;0.0000;0.1377 
80.49785340000017;0.0000;0.0000;0.1377 
80.54562059999807;0.2237;0.0000;0.0000 
80.59370449999915;0.0000;0.0000;0.2753 
80.6575488999988;0.4474;0.0000;-0.1377 
80.70548699999927;-0.2237;0.0000;-0.1377 
80.75358289999713;0.2237;0.0000;0.1377 
80.80162559999735;0.0000;0.0000;-0.1377 
80.84976209999877;0.0000;0.0000;-0.1377 
80.89767729999949;0.2237;0.0000;0.1377 
80.94558459999826;0.2237;0.0000;-0.1377 
80.9935153999977;0.0000;0.0000;-0.1377 
81.0422964999998;0.4474;0.0000;0.0000 
81.0897905999991;0.2237;0.0000;0.1377 
81.1378014999973;0.0000;0.0000;0.5506 
81.20142089999717;0.0000;0.0000;0.0000 
81.24933339999916;0.0000;0.0000;0.0000 
81.29735309999887;0.0000;0.0000;0.0000 
81.34552259999691;0.2237;0.0000;-0.1377 
81.39345449999746;0.4474;0.0000;0.2787 
81.44147099999827;0.2237;0.0000;0.0000 
81.48947729999782;0.4474;0.0000;0.0000 
81.538052099997;0.2237;0.0000;0.1377 
81.58552009999767;0.0000;0.0000;0.1410 
81.63350539999738;0.0000;0.0000;0.1377 
81.68150809999861;0.0000;0.0000;-0.1377 
81.72962629999893;0.0000;0.0000;0.0000 
81.77759859999787;0.2237;0.0000;-0.1377 
81.82558849999987;0.0000;0.0000;0.1377 
81.87366409999959;0.2237;0.0000;0.0000 
81.92158939999717;0.4474;0.0000;0.1377 
81.97013819999847;0.4474;0.0000;0.4163 
82.01746359999743;0.2237;0.0000;0.1377 
82.06553319999875;0.0000;0.0000;0.0000 
82.11362309999822;0.2237;0.0000;0.0000 
82.16198609999992;0.2237;0.0000;0.0000 
82.20983879999767;0.4474;0.0000;0.1377 
82.25766730000032;0.2237;0.0000;0.1377 
82.30573860000004;-0.2237;0.0000;0.0000 
82.35356089999914;0.2237;0.0000;-0.1377 
82.4016761999992;0.0000;0.0000;0.1377 
82.44972749999943;0.4474;0.0000;0.1377 
82.49758739999743;0.0000;0.0000;-0.1377 
82.54575990000012;0.0000;0.0000;0.1377 
82.60966619999817;0.2237;0.0000;-0.1377 
82.6575019999982;0.4474;0.0000;-0.1377 
82.70545929999935;0.2237;0.0000;0.1377 
82.75350160000016;-0.2237;0.0000;0.0000 
82.8016022999982;0.0000;0.0000;0.1410 
82.84955909999917;0.2237;0.0000;0.1410 
82.89753539999947;0.2237;0.0000;0.0000 
82.9456149999969;0.0000;0.0000;0.0000 
82.99370699999781;0.0000;0.0000;0.0000 
83.04146039999978;0.0000;0.0000;0.1377 
83.0894797999972;0.4474;0.0000;0.0000 
83.13761519999753;0.0000;0.0000;0.0000 
83.18572439999843;0.0000;0.0000;0.0000 
83.23351179999736;0.0000;0.0000;0.0000 
83.28165159999844;0.2237;0.0000;0.0000 
83.32940569999846;0.0000;0.0000;0.0000 
83.37761820000014;0.0000;0.0000;0.1377 
83.42561329999808;0.0000;0.0000;0.1377 
83.47416539999904;0.0000;0.0000;0.1377 
83.52188469999965;0.0000;0.0000;0.1410 
83.56952689999889;0.0000;0.0000;0.0000 
83.61777939999956;0.0000;0.0000;0.0000 
83.66574279999986;0.2237;0.0000;0.0000 
83.71385709999959;0.2237;0.0000;0.4163 
83.76161589999901;0.2237;0.0000;0.1410 
83.80961159999788;0.2237;0.0000;0.0000 
83.85794909999822;0.4474;0.0000;-0.2753 
83.90553;0.4474;0.0000;-0.1377 
83.95365349999702;0.0000;0.0000;0.1377 
84.01743249999708;0.2237;0.0000;-0.1377 
84.06764429999748;0.0000;0.0000;0.0000 
84.11345090000032;0.0000;0.0000;0.1377 
84.16167279999718;0.0000;0.0000;0.0000 
84.20972819999952;0.2237;0.0000;0.0000 
84.25750049999988;-0.4474;0.0000;0.6917 
84.3055502999996;0.0000;0.0000;0.1377 
84.35366609999983;0.2237;0.0000;-0.1377 
84.40153069999724;-0.4474;0.0000;0.0000 
84.44962309999755;0.0000;0.0000;0.0000 
84.4976050999976;0.2237;0.0000;-0.1377 
84.54579290000038;0.2237;0.0000;0.2753 
84.59351099999913;-0.2237;0.0000;0.0000 
84.64184659999955;0.2237;0.0000;0.1377 
84.6895291999972;0.0000;0.0000;0.1377 
84.73785739999948;-0.2237;0.0000;0.0000 
84.78571999999986;0.4474;0.0000;0.0000 
84.83376729999873;0.2237;0.0000;0.1377 
84.89731000000029;0.4474;0.0000;0.1377 
84.9453367999995;0.2237;0.0000;0.1410 
84.9937202000001;0.0000;0.0000;0.1377 
85.04134429999976;0.4474;0.0000;0.1377 
85.08933919999981;0.0000;0.0000;0.1377 
85.13744079999742;-0.2237;0.0000;0.0000 
85.18551379999917;0.0000;0.0000;0.0000 
85.23358339999686;0.4474;0.0000;-0.1377 
85.28147349999927;0.2237;0.0000;-0.2753 
85.3297621999991;0.2237;0.0000;-0.1343 
85.3776364999976;0.2237;0.0000;0.0000 
85.42545709999831;0.2237;0.0000;0.1377 
85.47366639999746;0.2237;0.0000;0.0000 
85.52174860000014;-0.2237;0.0000;-0.1377 
85.56956799999898;0.0000;0.0000;0.1377 
85.6176463999982;0.2237;0.0000;0.0000 
85.68136599999707;-0.2237;0.0000;-0.1377 
85.72952459999942;0.4474;0.0000;0.0000 
85.77743699999701;0.2237;0.0000;0.1377 
85.82562049999979;-0.4474;0.0000;0.0000 
85.87376699999731;0.2237;0.0000;0.1377 
85.92147449999902;-0.2237;0.0000;0.0000 
85.96957979999934;0.0000;0.0000;0.2787 
86.0176040999977;0.0000;0.0000;-0.1377 
86.06571049999911;-0.4474;0.0000;0.0000 
86.1137818999996;0.2237;0.0000;0.1410 
86.16209929999968;0.2237;0.0000;0.0000 
86.2095726999978;0.6711;0.0000;0.0000 
86.25776549999864;0.0000;0.0000;0.0000 
86.3056626999969;0.2237;0.0000;-0.1377 
86.35363940000025;0.2237;0.0000;0.0000 
86.40182169999753;0.4474;0.0000;0.0000 
86.44975209999757;0.2237;0.0000;0.1377 
86.51331469999786;0.0000;0.0000;0.1377 
86.56147659999988;0.0000;0.0000;0.1377 
86.60938989999704;-0.4474;0.0000;0.0000 
86.6575094999971;0.2237;0.0000;0.0034 
86.70571659999769;0.0000;0.0000;-0.1377 
86.75392590000047;0.2237;0.0000;-0.1377 
86.80173139999897;-0.2237;0.0000;-0.1377 
86.84954490000018;0.4474;0.0000;0.0000 
86.89756619999753;0.0000;0.0000;0.0000 
86.9455780999997;-0.2237;0.0000;0.0000 
87.00945209999918;-0.2237;0.0000;0.0000 
87.05743599999914;0.0000;0.0000;0.2753 
87.10557859999972;0.0000;0.0000;-0.2753 
87.15354989999832;0.0000;0.0000;-0.4130 
87.20150079999803;-0.2237;0.0000;0.4130 
87.24989389999973;0.0000;0.0000;0.0034 
87.29770730000018;0.0000;0.0000;-0.1377 
87.34554859999844;0.2237;0.0000;-0.1377 
87.39372899999944;0.0000;0.0000;0.0000 
87.44168469999931;0.2237;0.0000;0.4130 
87.48971949999759;0.0000;0.0000;0.1377 
87.53814209999837;-0.4474;0.0000;0.1377 
87.60147829999914;0.2237;0.0000;-0.1377 
87.65016589999868;0.2237;0.0000;-0.4130 
87.69744489999721;-0.2237;0.0000;0.0034 
87.74573939999755;0.4474;0.0000;-0.1377 
87.79415009999866;-0.2237;0.0000;-0.4130 
87.8418122999974;0.0000;0.0000;0.1377 
87.88962759999777;0.0000;0.0000;0.0000 
87.93762409999908;0.0000;0.0000;0.2753 
88.00149739999688;0.4474;0.0000;-0.4130 
88.04942369999844;0.4474;0.0000;0.0000 
88.09732439999789;0.0000;0.0000;0.0000 
88.14540739999939;-0.2237;0.0000;0.0000 
88.19350130000021;0.0000;0.0000;0.0000 
88.24150449999797;0.0000;0.0000;0.0000 
88.28949920000014;0.2237;0.0000;0.1377 
88.33751579999807;0.4474;0.0000;0.2753 
88.38548230000015;0.2237;0.0000;0.0000 
88.43348369999876;0.0000;0.0000;0.0000 
88.48150559999704;0.2237;0.0000;0.1410 
88.52961629999845;0.0000;0.0000;0.0000 
88.57759470000019;0.4474;0.0000;0.1377 
88.62573559999873;0.2237;0.0000;0.0000 
88.67336629999772;0.0000;0.0000;0.0000 
88.72149929999796;0.2237;0.0000;0.1377 
88.76963679999972;0.2237;0.0000;0.1377 
88.81753639999806;0.0000;0.0000;0.2753 
88.86564459999863;0.0000;0.0000;0.1377 
88.91362809999919;0.0000;0.0000;0.2787 
88.9616004999989;0.0000;0.0000;0.1410 
89.0094575999974;-0.2237;0.0000;0.2753 
89.05767719999858;0.0000;0.0000;0.2753 
89.1055712999987;-0.2237;0.0000;0.2787 
89.15382619999946;0.2237;0.0000;-0.1377 
89.20182249999925;0.0000;0.0000;-0.1377 
89.24980259999938;0.0000;0.0000;0.1377 
89.2976858999973;0.0000;0.0000;0.2753 
89.36144349999813;-0.2237;0.0000;0.1377 
89.40962039999795;0.0000;0.0000;0.0000 
89.45774209999945;0.0000;0.0000;-0.1377 
89.50551659999837;0.0000;0.0000;0.4163 
89.55346479999935;0.2237;0.0000;-0.1377 
89.60164420000001;0.0000;0.0000;0.1377 
89.64942069999961;0.0000;0.0000;0.1410 
89.69764569999825;0.2237;0.0000;0.0000 
89.74537509999936;0.0000;0.0000;0.0000 
89.79348620000019;0.0000;0.0000;0.0000 
89.84164999999848;0.2237;0.0000;0.0000 
89.88957789999768;0.0000;0.0000;0.2753 
89.93770969999969;0.2237;0.0000;0.0000 
89.98588419999942;0.0000;0.0000;0.0000 
90.03359979999732;0.4474;0.0000;0.1377 
90.08146899999701;0.2237;0.0000;0.1377 
90.12944009999774;0.0000;0.0000;-0.1377 
90.17775880000045;0.2237;0.0000;-0.1377 
90.22572319999745;0.2237;0.0000;0.1377 
90.27366249999977;0.0000;0.0000;-0.2753 
90.33730970000033;-0.2237;0.0000;0.1377 
90.38550229999964;0.2237;0.0000;0.1377 
90.43344660000002;0.0000;0.0000;0.0000 
90.48150460000033;0.0000;0.0000;0.0000 
90.52945600000021;0.0000;0.0000;-0.1377 
90.57760439999765;0.0000;0.0000;0.2787 
90.62543949999963;0.2237;0.0000;0.0000 
90.67351069999859;0.0000;0.0000;-0.1377 
90.72148430000016;0.0000;0.0000;0.0000 
90.76939739999943;0.4474;0.0000;0.0000 
90.81784580000021;0.0000;0.0000;0.0000 
90.86556619999828;0.0000;0.0000;0.0000 
90.9135733999974;0.0000;0.0000;-0.1377 
90.96172029999798;-0.2237;0.0000;0.0000 
91.00988489999872;-0.2237;0.0000;0.1410 
91.0577943999997;0.2237;0.0000;0.1377 
91.10564769999837;0.0000;0.0000;0.0000 
91.1537599000003;0.0000;0.0000;0.0000 
91.20154790000015;0.2237;0.0000;0.1377 
91.24963559999742;0.0000;0.0000;0.1410 
91.29768469999908;0.0000;0.0000;0.2753 
91.34544710000046;0.2237;0.0000;0.0000 
91.39372499999808;0.2237;0.0000;0.0000 
91.44172939999771;0.6711;0.0000;0.0000 
91.48985879999964;0.0000;0.0000;0.0000 
91.5376772999989;0.0000;0.0000;0.2787 
91.60143099999914;-0.4474;0.0000;0.0000 
91.64943869999843;0.2237;0.0000;0.0000 
91.69754019999891;0.0000;0.0000;0.0000 
91.74548629999845;0.4474;0.0000;-0.1377 
91.79359019999902;0.2237;0.0000;0.0000 
91.84160479999991;-0.4474;0.0000;-0.1377 
91.88965559999997;0.0000;0.0000;0.0000 
91.93767110000044;0.0000;0.0000;0.0034 
91.98561079999854;0.4474;0.0000;0.0000 
92.03372839999793;0.2237;0.0000;-0.1377 
92.08169709999856;-0.2237;0.0000;0.1377 
92.1453251999992;-0.2237;0.0000;0.0000 
92.19438069999887;0.4474;0.0000;0.0000 
92.24137349999728;0.2237;0.0000;0.1377 
92.28952089999802;-0.2237;0.0000;-0.1377 
92.33752129999993;-0.2237;0.0000;0.2787 
92.38563109999814;0.2237;0.0000;0.2787 
92.43356249999852;0.0000;0.0000;0.4163 
92.48152479999771;0.0000;0.0000;-0.2753 
92.52956739999718;0.0000;0.0000;0.0000 
92.57754349999959;0.0000;0.0000;0.1410 
92.62559150000016;0.2237;0.0000;0.0000 
92.67353159999766;0.0000;0.0000;0.0034 
92.72169569999824;0.2237;0.0000;0.0000 
92.76957779999793;-0.2237;0.0000;0.0000 
92.81769150000036;0.0000;0.0000;0.2787 
92.86554789999718;0.2237;0.0000;0.0000 
92.9136397000002;0.0000;0.0000;0.2753 
92.96168079999916;-0.4474;0.0000;0.1410 
93.02540070000032;0.2237;0.0000;0.0000 
93.0733782999996;0.0000;0.0000;-0.1377 
93.12160690000019;0.4474;0.0000;-0.1377 
93.16945699999997;0.2237;0.0000;-0.1377 
93.21756509999977;0.4474;0.0000;0.0000 
93.2655182999988;-0.2237;0.0000;-0.1377 
93.31371849999778;0.0000;0.0000;0.0000 
93.3616368999974;0.2237;0.0000;0.1377 
93.40971469999931;0.0000;0.0000;0.0000 
93.45756459999757;0.0000;0.0000;0.0000 
93.50589319999926;-0.2237;0.0000;0.4163 
93.55368180000005;0.0000;0.0000;0.0000 
93.60181039999952;0.2237;0.0000;0.0000 
93.6653167000004;-0.2237;0.0000;0.0000 
93.71344419999878;-0.6711;0.0000;0.4163 
93.76135919999797;0.2237;0.0000;0.8260 
93.80990169999859;0.0000;0.0000;0.0000 
93.85733949999849;-0.2237;0.0000;0.0000 
93.90548119999949;0.0000;0.0000;0.0000 
93.95348119999835;0.0000;0.0000;0.0000 
94.00159770000027;0.2237;0.0000;0.0000 
94.04949199999828;0.2237;0.0000;0.1377 
94.09750839999833;0.4474;0.0000;0.1377 
94.14540149999812;0.2237;0.0000;-0.1377 
94.19379399999889;0.2237;0.0000;0.1377 
94.24158499999976;-0.2237;0.0000;0.1377 
94.28960340000049;0.0000;0.0000;0.0000 
94.33759449999707;0.2237;0.0000;0.2787 
94.38552659999914;0.2237;0.0000;0.2753 
94.43358939999962;0.2237;0.0000;-0.4130 
94.48172479999994;0.0000;0.0000;0.0000 
94.5296563999982;0.0000;0.0000;0.2753 
94.57757560000027;-0.2237;0.0000;0.0000 
94.62605959999928;0.0000;0.0000;0.1377 
94.67446289999862;0.0000;0.0000;0.1377 
94.72159800000009;0.2237;0.0000;0.2753 
94.76967899999727;0.0000;0.0000;0.0000 
94.83331289999842;-0.2237;0.0000;-0.1377 
94.88165209999715;0.2237;0.0000;0.1377 
94.9297310999973;0.2237;0.0000;0.0000 
94.97779069999888;0.0000;0.0000;-0.1377 
95.02597949999836;-0.2237;0.0000;0.1377 
95.07391869999992;0.0000;0.0000;-0.1377 
95.12176989999716;0.2237;0.0000;0.4130 
95.16989009999816;0.0000;0.0000;0.0034 
95.21818530000019;0.2237;0.0000;0.1377 
95.26613889999862;-0.2237;0.0000;-0.1377 
95.32951929999763;0.2237;0.0000;0.1377 
95.37748089999877;-0.6711;0.0000;0.0000 
95.42558619999909;-0.2237;0.0000;0.0000 
95.4739015999985;0.2237;0.0000;0.1410 
95.52192149999973;-0.2237;0.0000;0.2753 
95.57053529999757;0.0000;0.0000;0.1377 
95.61814649999724;0.0000;0.0000;0.1377 
95.66577949999919;0.0000;0.0000;-0.1377 
95.71374169999763;0.2237;0.0000;0.1377 
95.76149369999985;0.2237;0.0000;0.0000 
95.80999399999928;-0.2237;0.0000;-0.1377 
95.87329089999912;0.2237;0.0000;-0.2753 
95.92178749999948;0.0000;0.0000;0.1377 
95.96969429999808;0.0000;0.0000;0.0000 
96.01745049999954;0.4474;0.0000;0.0000 
96.0657386999992;0.2237;0.0000;0.0000 
96.11346689999846;0.2237;0.0000;-0.1377 
96.16143569999986;0.0000;0.0000;0.2753 
96.20950249999805;0.0000;0.0000;0.0000 
96.25740379999843;0.0000;0.0000;0.1377 
96.30546739999772;0.2237;0.0000;0.1377 
96.35357859999931;0.0000;0.0000;-0.1377 
96.40140859999883;0.0000;0.0000;0.0000 
96.44943619999685;0.0000;0.0000;0.1377 
96.49844739999753;0.0000;0.0000;0.0000 
96.54568029999791;0.0000;0.0000;-0.1377 
96.59418839999853;0.0000;0.0000;0.1377 
96.64216579999993;0.2237;0.0000;0.0000 
96.6896216999994;0.0000;0.0000;0.0000 
96.73766929999692;0.0000;0.0000;0.0000 
96.78554989999975;0.0000;0.0000;0.1377 
96.83365299999787;0.0000;0.0000;0.2787 
96.88156249999884;-0.2237;0.0000;0.1410 
96.92955879999863;-0.2237;0.0000;0.0000 
96.9775441999991;0.0000;0.0000;-0.1377 
97.02667999999903;0.0000;0.0000;0.1377 
97.07513279999694;0.2237;0.0000;0.0000 
97.13741929999742;0.2237;0.0000;0.0000 
97.18552839999757;0.4474;0.0000;0.0000 
97.23358189999999;0.0000;0.0000;0.0000 
97.28148679999867;-0.2237;0.0000;0.1377 
97.32934779999778;0.0000;0.0000;0.1377 
97.37737059999927;0.4474;0.0000;0.1377 
97.42537489999813;0.0000;0.0000;0.1377 
97.47338879999734;0.2237;0.0000;0.2787 
97.52140999999756;0.0000;0.0000;-0.1377 
97.56973189999917;-0.2237;0.0000;0.0034 
97.61765059999743;0.0000;0.0000;0.0000 
97.66577979999784;0.0000;0.0000;0.0000 
97.7135089000003;-0.2237;0.0000;0.1377 
97.76184939999803;0.0000;0.0000;-0.1377 
97.80978219999815;0.0000;0.0000;0.0000 
97.85764980000022;-0.2237;0.0000;0.0034 
97.92125759999908;0.2237;0.0000;0.0000 
97.96958269999959;0.0000;0.0000;0.1377 
98.0173907999997;0.4474;0.0000;0.0000 
98.06538989999899;0.0000;0.0000;0.0000 
98.11342069999955;0.0000;0.0000;0.0034 
98.16148819999944;0.0000;0.0000;0.0000 
98.20936900000015;-0.2237;0.0000;0.0000 
98.2574026000002;0.0000;0.0000;0.0000 
98.30538769999839;0.4474;0.0000;0.2787 
98.35350809999727;0.0000;0.0000;0.1410 
98.40152579999994;0.4474;0.0000;-0.1377 
98.44954309999957;-0.4474;0.0000;0.2753 
98.49847690000024;0.0000;0.0000;0.1377 
98.54590789999929;0.4474;0.0000;0.0000 
98.59414230000039;0.2237;0.0000;0.1377 
98.64300000000003;0.0000;0.0000;0.2787 
98.68974819999858;0.0000;0.0000;0.0000 
98.73765499999718;0.0000;0.0000;0.0000 
98.78562569999849;0.0000;0.0000;0.0000 
98.83364289999736;0.2237;0.0000;-0.1377 
98.88163659999918;0.2237;0.0000;-0.1377 
98.92947110000023;0.2237;0.0000;0.0000 
98.97753569999986;-0.2237;0.0000;0.1377 
99.04140299999926;0.2237;0.0000;-0.1377 
99.08949599999687;0.0000;0.0000;0.1377 
99.13815780000004;0.0000;0.0000;0.1377 
99.18551339999976;-0.2237;0.0000;-0.1377 
99.23449489999985;0.4474;0.0000;-0.1377 
99.28153759999987;0.0000;0.0000;0.0000 
99.32952399999704;0.0000;0.0000;0.0000 
99.37746689999767;0.2237;0.0000;0.0000 
99.42553009999756;0.2237;0.0000;0.2753 
99.47362040000007;0.4474;0.0000;0.0000 
99.52173129999937;-0.2237;0.0000;0.2787 
99.56974379999883;0.2237;0.0000;0.1377 
99.61867399999755;-0.2237;0.0000;0.1377 
99.6659096000003;0.2237;0.0000;0.1377 
99.71365289999812;0.2237;0.0000;0.0000 
99.76150989999951;0.2237;0.0000;0.0000 
99.80999179999708;0.0000;0.0000;0.1377 
99.87354829999822;0.2237;0.0000;-0.2753 
99.92186989999755;0.0000;0.0000;0.2753 
99.96976519999953;0.0000;0.0000;0.0000 
100.01756899999964;0.0000;0.0000;0.0000 
100.06551899999977;0.0000;0.0000;0.4130 
100.11383189999833;0.0000;0.0000;0.2753 
100.16144369999893;0.0000;0.0000;-0.1377 
100.20958359999713;0.2237;0.0000;0.1377 
100.25763749999896;0.4474;0.0000;0.0000 
100.30608360000042;0.2237;0.0000;0.1377 
100.35357079999812;0.0000;0.0000;0.0000 
100.40146269999968;0.2237;0.0000;0.2753 
100.44946419999906;0.0000;0.0000;0.0000 
100.49742299999707;-0.2237;0.0000;0.0000 
100.5455555999979;0.2237;0.0000;0.0000 
100.59377719999975;0.0000;0.0000;-0.2753 
100.64163329999792;0.2237;0.0000;0.1377 
100.68988059999901;0.4474;0.0000;0.0000 
100.7379394999989;-0.2237;0.0000;0.1377 
100.78551270000025;0.2237;0.0000;0.1377 
100.83486069999708;0.2237;0.0000;0.1377 
100.88301349999892;0.0000;0.0000;0.0000 
100.93026789999931;-0.2237;0.0000;0.0034 
100.99432289999822;0.4474;0.0000;0.2787 
101.04129319999993;-0.2237;0.0000;0.1377 
101.08942119999847;-0.2237;0.0000;-0.1377 
101.13748489999853;-0.2237;0.0000;0.0000 
101.18606829999771;0.0000;0.0000;0.0000 
101.23389479999969;0.0000;0.0000;0.0000 
101.28146089999791;0.2237;0.0000;0.2787 
101.33056179999767;0.0000;0.0000;0.1377 
101.37857520000034;0.2237;0.0000;-0.1377 
101.42550080000001;0.0000;0.0000;0.1377 
101.47353309999744;0.6711;0.0000;0.0000 
101.52150739999706;-0.2237;0.0000;0.0000 
101.56964869999865;0.0000;0.0000;0.1377 
101.61756679999962;0.2237;0.0000;0.1410 
101.68169859999762;0.0000;0.0000;-0.1377 
101.73051409999971;-0.2237;0.0000;0.0000 
101.77759259999948;0.0000;0.0000;0.0000 
101.82582669999829;0.2237;0.0000;0.0000 
101.87335849999727;0.2237;0.0000;0.1377 
101.9219239999984;0.0000;0.0000;0.2787 
101.97041179999724;0.4474;0.0000;0.1377 
102.0174057999975;0.0000;0.0000;0.2753 
102.0656702999986;0.0000;0.0000;0.0000 
102.11350579999998;0.2237;0.0000;-0.1377 
102.16162279999844;0.0000;0.0000;0.2787 
102.20948159999898;0.0000;0.0000;0.0034 
102.25766329999897;0.2237;0.0000;-0.1377 
102.30552939999689;0.2237;0.0000;0.4163 
102.35333379999793;0.0000;0.0000;0.2753 
102.40136269999857;0.2237;0.0000;0.1410 
102.4496756999979;0.0000;0.0000;0.0000 
102.49804740000036;0.2237;0.0000;0.0000 
102.54540319999796;-0.2237;0.0000;-0.1377 
102.60964830000012;-0.2237;0.0000;0.1377 
102.65767439999763;0.2237;0.0000;0.0000 
102.70542379999824;0.4474;0.0000;0.0000 
102.75344929999846;0.2237;0.0000;0.1377 
102.8014207999986;-0.2237;0.0000;0.1377 
102.849740499998;0.2237;0.0000;0.2753 
102.8976268999977;-0.2237;0.0000;-0.1377 
102.9457270999992;0.8948;0.0000;-0.1377 
102.99432589999924;0.0000;0.0000;0.5506 
103.0425800999983;0.2237;0.0000;-0.1377 
103.09091649999755;0.2237;0.0000;-0.1377 
103.15362169999935;-0.4474;0.0000;0.0000 
103.20140349999929;-0.2237;0.0000;0.1377 
103.25064600000042;0.2237;0.0000;-0.1377 
103.29779810000036;-0.2237;0.0000;0.0000 
103.34560009999768;-0.2237;0.0000;0.1410 
103.39360189999934;0.0000;0.0000;0.2753 
103.44144849999793;-0.2237;0.0000;0.0000 
103.48954419999791;0.2237;0.0000;0.0000 
103.53749739999694;0.2237;0.0000;0.0000 
103.5861033000001;0.0000;0.0000;0.1377 
103.63352979999763;0.2237;0.0000;0.0000 
103.68175909999991;0.0000;0.0000;-0.1377 
103.74532550000004;-0.2237;0.0000;0.0000 
103.79371809999793;0.2237;0.0000;-0.1377 
103.84147459999804;0.0000;0.0000;0.1377 
103.8901455999985;0.0000;0.0000;0.1377 
103.93810559999838;0.0000;0.0000;0.0000 
103.9858224999989;0.2237;0.0000;-0.1377 
104.03332749999754;0.2237;0.0000;0.2753 
104.08238979999805;0.0000;0.0000;0.0000 
104.12983460000032;0.0000;0.0000;0.1377 
104.17822359999991;0.2237;0.0000;0.0000 
104.22607239999707;0.2237;0.0000;0.1377 
104.27368319999732;0.2237;0.0000;0.2753 
104.32251579999865;0.0000;0.0000;-0.1377 
104.370359499997;0.2237;0.0000;0.0000 
104.41749859999982;0.0000;0.0000;0.0000 
104.46696709999742;0.0000;0.0000;0.0000 
104.51445379999859;0.4474;0.0000;0.1377 
104.56212439999945;0.0000;0.0000;0.0000 
104.61036969999986;0.2237;0.0000;0.2787 
104.65794230000029;0.0000;0.0000;0.0000 
104.70569319999777;0.0000;0.0000;0.0000 
104.75334229999862;0.2237;0.0000;-0.1377 
104.80147039999792;0.4474;0.0000;0.0000 
104.84999450000032;0.0000;0.0000;0.1377 
104.8986539999969;0.0000;0.0000;0.2753 
104.94658889999846;0.2237;0.0000;0.0000 
104.99454419999893;0.2237;0.0000;0.1377 
105.04340089999823;0.2237;0.0000;0.1377 
105.08941789999881;0.0000;0.0000;0.1377 
105.13775349999923;0.0000;0.0000;0.1377 
105.18565349999699;0.4474;0.0000;0.2787 
105.23376859999917;0.0000;0.0000;0.1377 
105.2815929999997;0.4474;0.0000;0.0000 
105.32940229999804;0.0000;0.0000;0.0000 
105.39329409999846;0.2237;0.0000;0.0034 
105.44133689999944;-0.2237;0.0000;0.0000 
105.48945249999815;-0.2237;0.0000;0.1377 
105.5380073999986;0.2237;0.0000;0.4130 
105.58599269999831;0.0000;0.0000;0.0000 
105.63423789999797;0.2237;0.0000;0.0000 
105.6815029999998;0.0000;0.0000;0.0000 
105.72947919999933;0.0000;0.0000;0.0000 
105.77757369999745;0.2237;0.0000;0.0000 
105.82585749999998;0.2237;0.0000;0.2787 
105.87358289999975;0.2237;0.0000;0.1377 
105.92162769999777;-0.2237;0.0000;0.0000 
105.96994119999727;0.0000;0.0000;-0.1377 
106.01864539999951;0.2237;0.0000;0.1377 
106.06662289999804;0.0000;0.0000;0.1377 
106.11380909999934;0.2237;0.0000;0.1377 
106.1614484999991;0.0000;0.0000;0.1377 
106.2099896999971;0.2237;0.0000;-0.1377 
106.25785099999848;0.2237;0.0000;0.1377 
106.30545209999764;0.2237;0.0000;0.1377 
106.35370049999983;-0.2237;0.0000;0.0000 
106.41745499999888;-0.2237;0.0000;0.0000 
106.46616329999961;0.4474;0.0000;-0.1377 
106.51364479999756;0.0000;0.0000;0.1377 
106.56144349999886;0.2237;0.0000;0.2753 
106.61006110000017;0.2237;0.0000;0.0000 
106.65752929999871;-0.2237;0.0000;0.0000 
106.70542919999934;0.2237;0.0000;0.1377 
106.75345279999965;-0.2237;0.0000;0.0000 
106.80152839999937;0.2237;0.0000;0.1377 
106.84938269999839;0.2237;0.0000;0.1377 
106.8975634999988;0.0000;0.0000;0.2753 
106.94592929999999;-0.2237;0.0000;0.1377 
106.99458749999758;0.4474;0.0000;0.0000 
107.04160330000013;0.2237;0.0000;-0.1377 
107.089798099998;0.2237;0.0000;0.0000 
107.13857879999705;0.0000;0.0000;0.1377 
107.18620939999892;0.0000;0.0000;0.2787 
107.23368709999704;0.2237;0.0000;0.2753 
107.28210709999985;0.0000;0.0000;0.1377 
107.32962909999696;0.0000;0.0000;0.0000 
107.37761409999803;0.0000;0.0000;0.1377 
107.4259936999988;0.0000;0.0000;0.0000 
107.4895777999991;0.0000;0.0000;-0.1377 
107.5373574999976;0.0000;0.0000;0.0000 
107.58544880000045;0.0000;0.0000;-0.1377 
107.63345800000025;0.0000;0.0000;0.1410 
107.6814646999992;0.0000;0.0000;0.0000 
107.73014029999831;0.2237;0.0000;0.1377 
107.7773778999981;0.2237;0.0000;-0.1377 
107.82597519999763;0.0000;0.0000;0.1377 
107.87365899999713;0.0000;0.0000;-0.1377 
107.92163909999726;0.2237;0.0000;0.0000 
107.96944950000034;0.2237;0.0000;0.1377 
108.01761009999973;0.0000;0.0000;0.0000 
108.06543779999993;0.0000;0.0000;0.0000 
108.11344289999761;0.2237;0.0000;-0.1377 
108.16185629999745;-0.2237;0.0000;0.0000 
108.20972319999782;0.2237;0.0000;0.1377 
108.25801819999833;0.0000;0.0000;0.1377 
108.32152979999955;-0.2237;0.0000;0.0000 
108.36929210000017;0.0000;0.0000;0.0000 
108.49374099999841;0.4474;0.0000;0.1377 
108.4982001999997;-0.2237;0.0000;0.0000 
108.51923829999942;-0.2237;0.0000;-0.1377 
123.19928280000022;0.0000;0.0000;0.0000 
123.24702180000168;0.4474;0.0000;0.0000 
123.29512809999869;0.2237;0.0000;-0.1377 
123.34340660000089;-0.8948;0.0000;-0.1377 
123.39153119999901;-0.4474;0.0000;0.2787 
123.43956089999847;-0.2237;0.0000;0.0034 
123.50304920000053;1.3422;0.0000;0.4163 
123.55114250000042;0.0000;0.0000;-0.2719 
123.59914199999912;0.4474;0.0000;0.2753 
123.64726000000155;-0.6711;0.0000;-1.6524 
123.69521099999838;0.4474;0.0000;-0.5506 
123.74337319999904;-5.1516;0.0000;-18.9284 
123.80705360000138;-0.2237;0.0000;0.0000 
123.85526110000137;-0.2237;0.0000;-0.2753 
123.9033187999994;-0.4474;0.0000;0.1377 
123.95136880000064;-0.2237;0.0000;-0.2753 
123.99925539999822;0.0000;0.0000;0.1377 
124.06301320000057;0.0000;0.0000;-0.2753 
124.11104709999927;-0.2237;0.0000;0.1410 
124.15918629999942;-0.2237;0.0000;-0.5506 
124.20721889999913;-0.2237;0.0000;-0.1377 
124.25528309999936;0.0000;0.0000;-0.4130 
124.30325209999864;-0.2237;0.0000;0.1377 
124.36704610000015;0.0000;0.0000;-0.2753 
124.41526689999955;-0.2237;0.0000;0.1377 
124.46311839999908;-0.4474;0.0000;0.1410 
124.51115230000141;-0.6711;0.0000;0.0000 
32.14951370000199;0.6711;0.0000;0.0000 
33.59932000000117;-11.4846;0.0000;-0.4382 
33.64771910000127;-11.4846;0.0000;0.9636 
33.72729460000119;17.4941;0.0000;9.9403 
33.77543510000032;0.4474;0.0000;1.7902 
33.82347550000122;0.2237;0.0000;-0.1377 
33.87140310000177;-0.2237;0.0000;0.0000 
33.91975810000076;0.0000;0.0000;-0.1377 
34.357281300002796;-0.2237;0.0000;-0.4130 
34.4053722000026;0.0000;0.0000;-0.1377 
34.453516199999285;-0.4474;0.0000;-0.1343 
34.51719360000061;-1.1185;0.0000;-3.7235 
34.565375700000004;-0.4474;0.0000;-0.1377 
34.613430000001244;-0.2237;0.0000;0.0000 
34.66150180000113;-0.4474;0.0000;-0.1377 
34.70952030000262;-0.2237;0.0000;-0.2753 
34.77354120000018;0.0000;0.0000;-0.2753 
34.821434400000726;-0.2237;0.0000;-0.1377 
34.869474700000865;-0.4474;0.0000;-0.1377 
34.91744390000167;-0.2237;0.0000;-0.1377 
34.98129080000217;-0.2237;0.0000;-0.1377 
35.029373100001976;-1.1185;0.0000;-0.2753 
35.077316099999734;0.4474;0.0000;0.2753 
35.12537929999962;-0.8948;0.0000;-1.2659 
35.17345410000053;-1.1185;0.0000;-3.2236 
35.237311200002296;-2.4613;0.0000;-3.2236 
35.28544479999982;-4.4782;0.0000;-5.8646 
35.333664400001;-3.5813;0.0000;-5.3035 
35.3976814000016;-6.2757;0.0000;-5.9938 
35.445668000000296;-4.0296;0.0000;-2.6118 
35.49335699999938;-2.9091;0.0000;3.8181 
35.54130390000137;-2.2374;0.0000;3.5723 
36.069305600001826;0.0000;0.0000;-2.6898 
36.117622600002505;-4.2539;0.0000;-3.3514 
36.181348699999944;-4.7026;0.0000;-5.8708 
36.22941859999992;-4.7026;0.0000;-7.6751 
36.27731590000258;-6.5007;0.0000;-6.4085 
36.32543980000264;-7.1766;0.0000;-8.7840 
36.38977689999956;-8.9841;0.0000;-6.8074 
36.43728920000285;-9.2106;0.0000;-7.9263 
36.48562520000269;-12.3991;0.0000;-8.0613 
36.54914020000069;-9.8911;0.0000;-9.7466 
36.597463199999765;-9.4373;0.0000;-7.2127 
36.645880000000034;-11.2564;0.0000;-5.9458 
36.70987140000216;-12.8576;0.0000;-8.8995 
36.7574268999997;-11.9414;0.0000;-7.0706 
36.80562280000231;-12.1702;0.0000;-9.0419 
36.86925960000008;-12.8576;0.0000;-10.0281 
36.91753880000033;-14.4690;0.0000;-9.3226 
36.98129770000014;-14.9315;0.0000;-11.8774 
37.02964470000006;-15.3950;0.0000;-11.0271 
37.09360550000201;-15.6271;0.0000;-12.0184 
37.14205249999941;-15.8595;0.0000;-10.7415 
37.20527159999983;-17.0257;0.0000;-11.5953 
37.25344020000193;-17.9638;0.0000;-11.8877 
37.31746470000144;-18.4347;0.0000;-12.4650 
37.381223399999726;-19.8554;0.0000;-12.4769 
37.42931420000241;-19.8554;0.0000;-13.2008 
37.49322600000232;-19.1435;0.0000;-13.3524 
37.54138779999994;-20.5705;0.0000;-13.2060 
37.60520650000035;-21.0491;0.0000;-13.7932 
37.653817599999456;-21.2890;0.0000;-13.3701 
37.7172438000016;-21.7699;0.0000;-13.9683 
37.765522699999565;-21.5292;0.0000;-13.8200 
37.82934020000175;-21.2890;0.0000;-13.3830 
37.877463000000716;-21.0491;0.0000;-12.9533 
37.94125310000163;-22.9794;0.0000;-12.6649 
37.98943119999967;-20.8096;0.0000;-13.7016 
38.05339920000188;-20.8096;0.0000;-12.2298 
38.1014682999994;-20.5705;0.0000;-11.9726 
38.16532709999956;-19.1435;0.0000;-9.8061 
38.213603399999556;-18.4347;0.0000;-8.3912 
38.277424700001575;-18.4347;0.0000;-7.5406 
38.32553159999952;-14.9315;0.0000;-4.8235 
38.37339260000226;-13.0871;0.0000;-4.2488 
38.43738890000168;-13.0871;0.0000;-4.3898 
38.48557559999972;-11.0284;0.0000;-0.5793 
38.54916930000036;-5.8258;0.0000;-0.3019 
38.59738160000052;-4.2539;0.0000;6.0980 
38.645394499999384;9.6641;0.0000;3.3174 
7.6211158000005526;1.3422;0.0000;-0.2719 
7.669054899997718;1.3422;0.0000;0.2753 
7.716836699997657;-0.6711;0.0000;-0.2753 
7.764973599998484;-0.2237;0.0000;-0.4130 
7.813233400000172;-0.2237;0.0000;0.1410 
7.861107400000037;0.0000;0.0000;-0.1377 
7.924869799997396;-0.2237;0.0000;-0.4130 
7.97298039999805;0.0000;0.0000;-0.1377 
8.020974999999453;-0.4474;0.0000;-0.1377 
8.068966399998317;0.0000;0.0000;0.0000 
8.117031199999474;-0.4474;0.0000;-0.1377 
8.180937999997695;-0.2237;0.0000;-0.1377 
8.228942599998845;-0.4474;0.0000;-0.2753 
8.27705380000043;-0.6711;0.0000;-0.1377 
8.325425499999255;-0.2237;0.0000;-0.2753 
8.38881069999843;-0.2237;0.0000;0.0000 
8.43686979999984;-0.2237;0.0000;-0.1377 
8.484920099999727;0.0000;0.0000;-0.1377 
8.533006800000294;-0.2237;0.0000;-0.2753 
8.58124780000071;-0.2237;0.0000;-0.1377 
8.64509790000011;-0.4474;0.0000;-0.2753 
8.693046000000322;-0.2237;0.0000;-0.1377 
8.740959899998415;0.0000;0.0000;0.0000 
8.78901919999771;-0.2237;0.0000;0.1377 
8.837086999999883;-0.2237;0.0000;-0.2753 
8.90084609999758;-0.2237;0.0000;-0.1377 
8.949146200000541;-0.2237;0.0000;0.1377 
8.996948699998029;-0.2237;0.0000;0.0000 
9.045030999997834;-0.4474;0.0000;-0.2753 
9.093027599999914;-0.4474;0.0000;0.0000 
9.157187900000281;-0.4474;0.0000;-0.1377 
9.204817699999694;-0.4474;0.0000;-0.1343 
9.253072199997405;-0.2237;0.0000;-0.1377 
9.301034000000072;0.0000;0.0000;0.0000 
9.349070199998096;-0.2237;0.0000;-0.1377 
9.412724899997556;0.0000;0.0000;-0.1377 
9.461036400000012;-0.4474;0.0000;-0.2753 
9.50887689999945;-0.2237;0.0000;0.0000 
9.55697869999858;-0.6711;0.0000;0.0000 
9.605279399998835;-0.4474;0.0000;-0.1377 
9.653258799997275;0.0000;0.0000;0.0000 
9.716714399997727;-0.2237;0.0000;-0.2753 
9.765099000000191;-0.4474;0.0000;0.0000 
9.812939799998276;0.0000;0.0000;0.0000 
9.861006200000702;-0.2237;0.0000;-0.1377 
9.909033299998555;-0.2237;0.0000;0.0000 
9.956878299999516;-0.2237;0.0000;-0.1377 
10.020885199999611;0.0000;0.0000;-0.1377 
10.069138399998337;-0.2237;0.0000;0.1410 
10.116930299998785;-0.2237;0.0000;0.0000 
10.165223500000138;0.0000;0.0000;-0.1377 
10.21292700000049;-0.4474;0.0000;-0.1377 
10.26093419999961;0.0000;0.0000;-0.1377 
10.325087999997777;0.0000;0.0000;-0.1377 
10.37294049999764;-0.4474;0.0000;-0.1377 
10.421246499998233;-0.4474;0.0000;-0.1377 
10.46906989999843;0.6711;0.0000;0.0034 
10.517077900000004;-0.4474;0.0000;-0.1343 
10.580830499999138;-0.2237;0.0000;-0.1343 
10.629197399997793;-0.2237;0.0000;0.0000 
10.676858899998479;-0.2237;0.0000;0.2753 
10.72496559999854;-0.2237;0.0000;0.0034 
10.774351000000024;-0.4474;0.0000;-0.1377 
10.836814499998582;-0.2237;0.0000;-0.2753 
10.885002299997723;-0.2237;0.0000;0.4130 
10.932957400000305;-0.2237;0.0000;-0.1377 
10.98143010000058;-0.2237;0.0000;-0.1377 
11.044796199999837;-0.4474;0.0000;-0.1377 
11.092845200000738;-0.4474;0.0000;-0.1377 
11.14098759999979;-0.2237;0.0000;-0.2753 
11.18899489999967;-0.2237;0.0000;-0.2753 
11.252906099998654;0.2237;0.0000;-0.1377 
11.300829699997848;-0.2237;0.0000;-0.1377 
11.349409399997967;0.0000;0.0000;-0.1377 
11.396853099999134;-0.4474;0.0000;-0.1377 
11.445191299997532;-0.2237;0.0000;0.0034 
11.50906109999778;-0.4474;0.0000;-0.1377 
11.556900499999756;-0.2237;0.0000;-0.2753 
11.6049826999988;0.0000;0.0000;0.0000 
11.652925499998673;0.0000;0.0000;0.0000 
11.700969800000166;0.0000;0.0000;0.1410 
11.749206000000413;-0.2237;0.0000;-0.1377 
11.797231900000043;0.0000;0.0000;-0.1377 
11.860801799997716;0.0000;0.0000;-0.1343 
11.90885630000048;-0.4474;0.0000;0.0000 
11.956947399998171;-0.2237;0.0000;0.1410 
12.004976099997293;0.0000;0.0000;-0.2753 
12.052947399999539;0.0000;0.0000;0.0034 
12.10097339999993;-0.6711;0.0000;-0.9637 
12.149064199998975;0.2237;0.0000;0.0000 
12.212728700000298;-0.2237;0.0000;-0.1377 
12.260954099998344;0.0000;0.0000;-0.6950 
12.309160599997995;-0.2237;0.0000;-0.4231 
12.356901699997252;-2.0136;0.0000;-4.3289 
12.40489399999933;-3.1331;0.0000;-5.0405 
12.46897639999952;-3.8054;0.0000;-6.9929 
12.516959799999313;-6.2757;0.0000;-6.6990 
12.565390100000513;-7.4021;0.0000;-8.3631 
12.628888499999448;-8.3053;0.0000;-7.0938 
12.678010699997685;-8.7577;0.0000;-8.7679 
12.724898699998448;-10.3455;0.0000;-8.3448 
12.788704299997335;-10.5730;0.0000;-8.0578 
12.836898599998676;-12.3991;0.0000;-8.1971 
12.885058100000606;-11.7129;0.0000;-8.6179 
12.949008699997648;-13.0871;0.0000;-8.8995 
12.996842699998524;-12.3991;0.0000;-9.0406 
13.060720999998011;-14.2381;0.0000;-9.3238 
13.108746999998402;-14.2381;0.0000;-9.4671 
13.157226499999524;-14.7001;0.0000;-9.4671 
13.2208189999983;-13.7770;0.0000;-8.9029 
13.268979500000569;-14.4690;0.0000;-8.6200 
13.332770699998946;-14.4690;0.0000;-8.7619 
13.38099449999936;-14.9315;0.0000;-8.4789 
13.429263999998511;-14.7001;0.0000;-8.1969 
13.492855099997541;-13.3169;0.0000;-7.4909 
13.541351100000611;-14.2381;0.0000;-6.7851 
13.604876699999295;-12.3991;0.0000;-5.6557 
13.652873899998667;-11.0284;0.0000;-4.9510 
13.70103139999992;-10.1182;0.0000;-3.8268 
13.764856999998301;-2.9091;0.0000;-2.7020 
13.812750299999607;-5.8258;0.0000;2.2343 
13.86087299999781;-3.3572;0.0000;3.3174 
13.909265099999175;-0.2237;0.0000;3.2902 
13.95697879999716;-0.8948;0.0000;2.7066 
14.004928599999403;-1.1185;0.0000;2.4922 
14.05303499999718;-0.4474;0.0000;0.2787 
14.117005099997186;0.2237;0.0000;-0.2753 
14.165016700000706;-0.2237;0.0000;0.0034 
14.212958599997364;-0.2237;0.0000;0.0000 
14.260858399997232;0.0000;0.0000;-0.4130 
14.30927999999767;1.1185;0.0000;-0.2753 
14.357175299999653;0.0000;0.0000;-0.6883 
14.405187399999704;-0.6711;0.0000;0.1377 
14.453082500000164;-0.2237;0.0000;0.0000 
14.516859899998963;-2.0136;0.0000;0.4130 
14.564977899997757;-0.2237;0.0000;-0.1343 
14.613144599999941;-0.2237;0.0000;-0.1343 
14.660870100000466;0.2237;0.0000;0.0000 
14.709047299998929;-0.6711;0.0000;-0.1377 
14.772962499999267;-0.4474;0.0000;0.0000 
14.820887899997615;-0.2237;0.0000;0.0000 
14.869090500000311;0.0000;0.0000;-0.1377 
14.917104799998924;-0.2237;0.0000;0.0000 
14.965074699997786;0.0000;0.0000;-0.1377 
15.0131008999997;-0.4474;0.0000;-0.2753 
15.061185899998236;-0.2237;0.0000;0.0000 
15.125014599998394;0.0000;0.0000;0.0034 
15.173156099997868;-0.4474;0.0000;0.0034 
15.221152899997833;-0.4474;0.0000;-0.2719 
15.269342199997482;0.0000;0.0000;-0.1377 
15.317136199999368;0.2237;0.0000;-0.2753 
15.3808683999996;-0.2237;0.0000;-0.1377 
15.428951699999743;0.0000;0.0000;-0.2753 
15.477010999999038;6.2757;0.0000;0.0000 
15.524766399998043;-2.0136;0.0000;4.8329 
15.573339299997315;-0.4474;0.0000;-1.9281 
15.621455199998309;-0.4474;0.0000;-1.6524 
15.68496949999826;-0.2237;0.0000;-0.1343 
15.732725300000311;0.2237;0.0000;0.0000 
15.780845499997668;-0.2237;0.0000;0.0000 
15.82911189999868;0.6711;0.0000;-0.2719 
15.876948699999048;-0.8948;0.0000;-0.1377 
15.925090499997168;2.0136;0.0000;-0.1377 
15.988885399998253;-1.1185;0.0000;-0.8260 
16.036977299998398;-0.4474;0.0000;-0.1377 
16.085072099998797;-0.2237;0.0000;0.2821 
16.13294759999917;0.4474;0.0000;0.1377 
16.181259099997988;-0.2237;0.0000;0.2753 
16.229243399997358;-0.4474;0.0000;-0.2753 
16.292786199999682;0.0000;0.0000;0.1512 
16.340875300000334;0.8948;0.0000;0.9940 
16.38923799999975;0.4474;0.0000;2.9382 
16.436844199997722;2.2374;0.0000;1.6924 
16.48481399999946;1.5660;0.0000;3.2071 
16.532849799998075;3.3572;0.0000;3.1974 
16.580754099999467;3.8054;0.0000;4.4635 
16.62884109999868;4.9271;0.0000;4.0373 
16.676836399998137;4.9271;0.0000;4.1632 
16.72484070000064;5.3763;0.0000;4.4340 
16.772867699997732;4.7026;0.0000;5.1365 
16.82099019999805;6.5007;0.0000;4.7134 
16.869020800000726;6.5007;0.0000;5.2723 
16.916885899998306;7.4021;0.0000;6.2498 
16.96486979999827;6.7259;0.0000;5.6857 
17.013197799999034;7.4021;0.0000;5.2603 
17.06149059999734;8.7577;0.0000;5.2560 
17.108957199998258;8.0793;0.0000;6.0982 
17.15689030000067;8.9841;0.0000;7.3605 
17.20480569999927;8.5314;0.0000;6.5143 
17.25279529999898;9.2106;0.0000;7.2195 
17.301002000000153;10.5730;0.0000;7.7793 
17.34917779999887;11.4846;0.0000;8.1979 
17.39708260000043;11.0284;0.0000;8.1963 
17.44500809999954;11.2564;0.0000;8.1963 
17.508730800000194;12.1702;0.0000;7.9150 
17.558365299999423;12.3991;0.0000;9.0405 
17.604733599997417;12.6282;0.0000;8.4771 
17.653085199999623;12.6282;0.0000;8.7586 
17.70086269999956;12.8576;0.0000;8.6175 
17.749346999997215;13.0871;0.0000;8.7588 
17.79734489999828;13.5468;0.0000;8.4782 
17.84506749999855;13.3169;0.0000;8.0536 
17.90898709999965;13.3169;0.0000;8.3365 
17.956855399999768;13.3169;0.0000;7.9123 
18.00493920000008;13.7770;0.0000;8.3379 
18.05302920000031;12.8576;0.0000;7.7713 
18.100856299999577;12.8576;0.0000;7.7724 
18.149301999997988;12.1702;0.0000;6.0788 
18.197048099998938;12.1702;0.0000;7.4893 
18.26076760000069;12.1702;0.0000;7.3486 
18.309636599999067;12.6282;0.0000;7.0674 
18.35689959999945;11.7129;0.0000;7.3481 
18.404872699997213;11.4846;0.0000;6.7853 
18.452898299998196;10.5730;0.0000;5.3745 
18.50105099999928;10.3455;0.0000;4.3900 
18.549166400000104;9.6641;0.0000;4.6752 
18.597026899999037;9.6641;0.0000;4.1123 
18.645280799999455;8.5314;0.0000;4.5382 
18.693060399997194;8.0793;0.0000;3.4167 
18.74113319999742;6.9512;0.0000;2.0122 
18.78888089999964;6.9512;0.0000;0.6084 
18.85277649999989;3.8054;0.0000;-0.4758 
18.9008952999975;4.2539;0.0000;-1.4568 
18.94879939999737;1.1185;0.0000;-1.3157 
18.996805799997674;1.3422;0.0000;-1.8604 
19.04492019999816;2.0136;0.0000;-4.0900 
19.092908399998123;-2.4613;0.0000;-3.8181 
19.140962599998602;-2.4613;0.0000;-3.6334 
19.204876100000547;-4.2539;0.0000;-5.4702 
19.25279489999957;-3.5813;0.0000;-6.6827 
19.301180499998736;-7.4021;0.0000;-6.9991 
19.36472859999776;-8.0793;0.0000;-7.9470 
19.413124399998196;-10.5730;0.0000;-8.2243 
19.460840499999904;-9.2106;0.0000;-8.6230 
19.52473159999863;-10.5730;0.0000;-9.3246 
19.573840799999743;-11.9414;0.0000;-8.6202 
19.620918099997652;-11.9414;0.0000;-10.1697 
19.685033899997507;-14.4690;0.0000;-10.0278 
19.732921899998473;-15.3950;0.0000;-11.5798 
19.796950500000094;-15.6271;0.0000;-13.5863 
19.86071979999906;-17.2597;0.0000;-12.4415 
19.909030200000416;-18.4347;0.0000;-13.5933 
19.972754799997347;-18.9069;0.0000;-14.0372 
20.020842199999606;-21.0491;0.0000;-13.0547 
20.084812299999612;-19.6178;0.0000;-12.6269 
20.132985199998075;-21.0491;0.0000;-13.0649 
20.19675719999941;-20.3318;0.0000;-13.4991 
20.245136999998067;-20.3318;0.0000;-13.4196 
20.309177099999943;-21.2890;0.0000;-12.6316 
20.357239999997546;-20.5705;0.0000;-13.9683 
20.42090610000014;-22.0110;0.0000;-13.8273 
20.46911199999886;-22.2524;0.0000;-14.2431 
20.532875499997317;-20.8096;0.0000;-13.1148 
20.581114000000525;-20.5705;0.0000;-12.1007 
20.64487150000059;-22.0110;0.0000;-9.3830 
20.693039800000406;-16.3252;0.0000;-9.1107 
20.756804500000726;-17.9638;0.0000;-7.7167 
20.80494220000037;-16.0922;0.0000;-7.3621 
20.86907059999794;-15.6271;0.0000;-6.9370 
20.91691290000017;-14.0074;0.0000;-6.0806 
20.964981900000566;-13.7770;0.0000;-5.8024 
21.029022200000327;-11.7129;0.0000;-6.2198 
21.076965899999777;-11.9414;0.0000;-5.3737 
21.14076319999731;-10.1182;0.0000;-4.3891 
21.188965199999075;-8.7577;0.0000;-4.8122 
21.23681619999843;-8.5314;0.0000;-3.2756 
21.285337499997695;-8.9841;0.0000;-2.8507 
21.349209599997266;-8.5314;0.0000;-2.8605 
21.39672040000005;-6.5007;0.0000;-3.2928 
21.44496199999776;-8.0793;0.0000;-3.7159 
21.493183899998257;-6.7259;0.0000;-4.1390 
21.557170599997335;-7.1766;0.0000;-4.1343 
21.605445999997755;-7.6277;0.0000;-4.5597 
21.653092599997763;-7.1766;0.0000;-4.1366 
21.71672860000035;-7.6277;0.0000;-4.6962 
21.764922499998647;-8.3053;0.0000;-4.8395 
21.812941399999545;-7.1766;0.0000;-4.2777 
21.860899399998743;-7.8535;0.0000;-5.2560 
21.925021899998683;-7.4021;0.0000;-4.8309 
21.97287779999897;-7.8535;0.0000;-4.6940 
22.02092139999877;-8.0793;0.0000;-4.8372 
22.069121699998504;-7.8535;0.0000;-4.6940 
22.132930699997814;-7.4021;0.0000;-4.5551 
22.181117899999663;-7.4021;0.0000;-4.4141 
22.229284499997448;-7.4021;0.0000;-5.1110 
22.292774899997312;-8.5314;0.0000;-4.8309 
22.340849599997455;-7.8535;0.0000;-4.8329 
22.389243399997213;-7.6277;0.0000;-4.8329 
22.43697609999799;-7.8535;0.0000;-5.2560 
22.50073060000068;-8.7577;0.0000;-4.9739 
22.54902840000068;-7.8535;0.0000;-5.2540 
22.597130899997865;-8.7577;0.0000;-4.9719 
22.645108199998504;-7.4021;0.0000;-5.3893 
22.709073199999693;-8.3053;0.0000;-4.5508 
22.757126399999834;-8.0793;0.0000;-4.6919 
22.80524279999736;-8.0793;0.0000;-4.4058 
22.854101599998103;-7.6277;0.0000;-4.5508 
22.9168537000005;-7.6277;0.0000;-4.4058 
22.965006799997354;-6.7259;0.0000;-3.8478 
23.01307199999792;-8.0793;0.0000;-3.5679 
23.076712499998393;-7.1766;0.0000;-3.2904 
23.12474459999794;-6.0507;0.0000;-3.1494 
23.172966399997676;-4.4782;0.0000;-2.1802 
23.220957599998655;-5.1516;0.0000;-1.8927 
23.284745900000416;-4.9271;0.0000;-1.2044 
23.333182899998064;-4.9271;0.0000;-1.3515 
23.38104779999776;-4.9271;0.0000;-1.3484 
23.429177099998924;-3.3572;0.0000;-1.2166 
23.492817999998806;-2.4613;0.0000;-0.2453 
23.540977399999974;-2.0136;0.0000;0.0236 
23.588990000000194;-1.3422;0.0000;-0.3831 
23.637189999997645;-2.4613;0.0000;-0.2519 
23.700822200000403;-0.8948;0.0000;-0.5439 
23.749116499999218;-2.4613;0.0000;0.1579 
23.797070699998585;-1.1185;0.0000;-0.2719 
23.845019599997613;-0.2237;0.0000;0.0169 
23.908858599999803;-1.1185;0.0000;-0.1208 
23.95704619999742;-0.6711;0.0000;-0.1208 
24.00501710000026;-0.4474;0.0000;0.1444 
24.053060799997183;0.0000;0.0000;0.1546 
24.10083189999932;-0.4474;0.0000;0.6984 
24.14897109999947;0.6711;0.0000;-0.1377 
24.197115299997677;0.0000;0.0000;0.2821 
24.24487600000066;0.0000;0.0000;-0.1410 
24.293296799998643;0.4474;0.0000;0.4231 
24.340979299999162;0.0000;0.0000;0.4130 
24.389233300000342;-0.4474;0.0000;-0.1444 
24.45280549999734;-0.4474;0.0000;-0.7086 
24.50074169999789;-0.2237;0.0000;-1.3901 
24.549148899997817;-2.2374;0.0000;-2.1122 
24.596956400000636;-2.2374;0.0000;-4.7363 
24.660789399997157;-3.3572;0.0000;-3.5090 
24.709021399998164;-4.4782;0.0000;-4.5893 
24.757012099998974;-2.9091;0.0000;-5.1719 
24.805487699999503;-5.6010;0.0000;-5.2698 
24.86891689999902;-6.5007;0.0000;-6.6879 
24.916881199998898;-8.7577;0.0000;-5.9535 
24.965157399998134;-7.1766;0.0000;-6.5342 
25.029096199999913;-9.4373;0.0000;-5.5360 
25.07682669999849;-8.0793;0.0000;-6.3784 
25.125100199998997;-9.6641;0.0000;-5.5322 
25.17288279999775;-9.2106;0.0000;-5.8076 
25.23680609999792;-8.5314;0.0000;-5.2501 
25.28478940000059;-9.6641;0.0000;-5.9486 
25.333041499998217;-8.5314;0.0000;-5.3950 
25.38124919999973;-9.6641;0.0000;-5.9471 
25.444945299997926;-8.7577;0.0000;-6.2266 
25.492944499997975;-9.8911;0.0000;-5.3893 
25.541129799999908;-9.6641;0.0000;-6.0882 
25.605088299998897;-8.5314;0.0000;-5.9458 
25.652907899999263;-9.8911;0.0000;-5.8076 
25.700780499999382;-8.3053;0.0000;-5.9471 
25.748788999997487;-11.0284;0.0000;-5.1110 
25.813136000000668;-8.3053;0.0000;-6.0882 
25.86139600000024;-9.2106;0.0000;-6.2279 
25.9094159999986;-9.6641;0.0000;-5.9471 
25.97294989999864;-9.6641;0.0000;-5.6681 
26.020738600000186;-8.9841;0.0000;-6.2266 
26.06904509999731;-9.2106;0.0000;-5.3893 
26.11738979999791;-9.2106;0.0000;-5.5287 
26.180875599999126;-9.4373;0.0000;-5.5287 
26.228763600000093;-9.4373;0.0000;-5.6681 
26.277276299999357;-8.7577;0.0000;-5.6665 
26.34073449999778;-9.8911;0.0000;-5.8076 
26.389126800000668;-9.4373;0.0000;-6.3665 
26.436986400000023;-10.1182;0.0000;-5.6665 
26.485369499998342;-9.4373;0.0000;-5.6681 
26.549147099998663;-9.6641;0.0000;-6.0868 
26.596813899999688;-9.4373;0.0000;-5.9471 
26.645413700000063;-9.8911;0.0000;-6.0856 
26.70878729999822;-9.6641;0.0000;-6.2266 
26.756858000000648;-9.8911;0.0000;-5.9471 
26.80507619999844;-9.4373;0.0000;-6.0868 
26.853019099999074;-9.4373;0.0000;-6.0868 
26.917062999997142;-10.1182;0.0000;-5.8076 
26.9650572999999;-10.1182;0.0000;-5.9471 
27.01299149999977;-8.9841;0.0000;-5.8076 
27.07684259999951;-9.4373;0.0000;-5.9458 
27.12618129999828;-9.4373;0.0000;-5.6665 
27.173370199998317;-8.7577;0.0000;-5.9471 
27.2208776999978;-9.8911;0.0000;-5.6665 
27.285033699998166;-9.4373;0.0000;-6.3665 
27.332974699998886;-9.4373;0.0000;-6.3654 
27.38188629999786;-8.9841;0.0000;-5.6681 
27.444730499999423;-8.9841;0.0000;-5.8076 
27.49292129999958;-9.2106;0.0000;-5.8061 
27.540999400000146;-9.6641;0.0000;-5.8076 
27.605035399999906;-9.4373;0.0000;-5.6651 
27.652817599999253;-9.2106;0.0000;-5.8061 
27.70094969999991;-9.6641;0.0000;-5.6665 
27.748936699998012;-10.3455;0.0000;-5.3845 
27.81292299999768;-8.9841;0.0000;-5.6665 
27.860982199999853;-8.9841;0.0000;-4.6860 
27.90886589999718;-8.7577;0.0000;-4.9662 
27.957311300000583;-8.3053;0.0000;-5.3830 
28.020920099999785;-7.6277;0.0000;-4.4004 
28.068929599998228;-6.7259;0.0000;-2.8627 
28.11751059999733;-6.7259;0.0000;-0.9002 
28.180691099998512;-5.1516;0.0000;-1.1797 
28.228937399999268;-4.4782;0.0000;-1.4618 
28.276981499999238;-3.3572;0.0000;-0.9224 
28.325062899999466;-4.7026;0.0000;0.0464 
28.38870549999774;-3.5813;0.0000;-1.3425 
28.436869999997725;-0.8948;0.0000;-0.2519 
28.484884199999215;-2.0136;0.0000;0.0236 
28.533035799999197;-2.2374;0.0000;-0.2618 
28.58085740000024;-1.7898;0.0000;0.1613 
28.644755099998292;-2.6852;0.0000;0.5844 
28.692900800000643;-1.3422;0.0000;2.6864 
28.740886600000522;-0.2237;0.0000;-0.2753 
28.788806000000477;0.0000;0.0000;-0.2753 
28.83690509999724;-1.7898;0.0000;-0.2753 
28.90080989999842;3.1331;0.0000;-0.5506 
28.949128699998255;-0.2237;0.0000;-2.3418 
28.996875199998613;0.4474;0.0000;-0.1377 
29.045038599997497;-1.5660;0.0000;0.4130 
29.092995599999995;-0.2237;0.0000;-0.2753 
29.156746500000736;-0.2237;0.0000;0.4130 
29.2048149000002;-0.6711;0.0000;0.0034 
29.25287159999789;0.0000;0.0000;0.2753 
29.30096709999998;-2.0136;0.0000;0.0000 
29.349102299998776;0.0000;0.0000;-0.2753 
29.39697789999991;0.2237;0.0000;0.1377 
29.44508859999769;0.0000;0.0000;0.0034 
29.493018699999084;-0.2237;0.0000;-0.4130 
29.556851800000004;-0.2237;0.0000;-0.1377 
29.60510489999797;-0.2237;0.0000;-0.1343 
29.652921199998673;-0.2237;0.0000;-0.2753 
29.7008081999993;-0.2237;0.0000;-0.1377 
29.748835399997915;-0.4474;0.0000;0.0000 
29.812786899998173;-0.2237;0.0000;-0.1377 
29.860980800000107;-0.2237;0.0000;-0.1377 
29.909383599999273;-0.4474;0.0000;0.0000 
29.95679839999866;-0.2237;0.0000;-0.1377 
30.005252399998426;-0.2237;0.0000;0.0034 
30.068644399998448;0.0000;0.0000;0.0034 
30.116750299999694;-0.2237;0.0000;0.0034 
30.164743099998304;-0.2237;0.0000;-0.1377 
30.212851399999636;-0.2237;0.0000;0.0000 
30.260824999997567;0.0000;0.0000;-0.1377 
30.309146299998247;-0.6711;0.0000;0.0034 
30.37287269999797;-0.2237;0.0000;-0.1377 
30.42100980000032;-0.4474;0.0000;0.0034 
30.468892299999425;-0.2237;0.0000;0.0000 
30.516852599997947;-0.4474;0.0000;0.1377 
30.565085099999123;-0.2237;0.0000;-0.2753 
30.628901799998857;-0.4474;0.0000;0.1410 
30.67699469999934;-0.4474;0.0000;0.0000 
30.724988800000574;-0.4474;0.0000;-0.2753 
30.773029799998767;-0.2237;0.0000;-0.2753 
30.82102859999941;0.0000;0.0000;-0.2753 
30.884876500000246;0.4474;0.0000;-0.1377 
30.93304949999947;-0.2237;0.0000;-0.1377 
30.98092159999942;-0.2237;0.0000;-0.2753 
31.029059000000416;-0.2237;0.0000;-0.1377 
31.077013800000714;-0.2237;0.0000;0.0034 
31.140861199997744;-0.6711;0.0000;-0.4130 
31.188912800000253;-0.2237;0.0000;0.0034 
31.237187599999743;0.0000;0.0000;-0.1343 
31.28500069999791;-0.2237;0.0000;0.0000 
31.33300749999762;-0.2237;0.0000;-0.1377 
31.38116049999735;-0.2237;0.0000;0.0034 
31.444939900000463;-0.2237;0.0000;0.0000 
31.49275199999829;-0.4474;0.0000;0.0000 
31.540922299998783;-0.4474;0.0000;-0.1377 
31.589129299998604;0.2237;0.0000;0.0034 
31.636982699998043;-0.2237;0.0000;-0.1377 
31.70070510000005;0.0000;0.0000;-0.1377 
31.748819399999775;-0.6711;0.0000;-0.1377 
31.796830399998726;0.0000;0.0000;-0.2753 
31.84616289999758;-0.2237;0.0000;-0.1377 
31.893211899998278;-0.4474;0.0000;0.0000 
31.94109000000026;-0.4474;0.0000;0.0000 
32.004808499998035;-0.4474;0.0000;-0.1377 
32.05292339999869;0.0000;0.0000;-0.1377 
32.10118449999936;-0.2237;0.0000;-0.1377 
32.149923499997385;-0.2237;0.0000;-0.1377 
32.212628099998255;0.0000;0.0000;-0.1377 
32.26071089999823;-0.2237;0.0000;0.0000 
32.30889219999881;-0.2237;0.0000;0.1410 
32.35719799999788;0.0000;0.0000;0.0000 
32.405847499998345;-0.2237;0.0000;-0.1377 
32.4534038999991;0.4474;0.0000;0.0000 
32.50107919999937;0.0000;0.0000;0.1410 
32.54906589999882;-0.2237;0.0000;0.0034 
32.59720820000075;0.0000;0.0000;-0.4130 
32.64529349999793;-0.2237;0.0000;0.0000 
32.70882999999958;0.0000;0.0000;-0.2719 
32.75684969999929;-0.2237;0.0000;-0.4130 
32.80577749999793;0.0000;0.0000;-0.2753 
32.85299590000068;0.0000;0.0000;0.0000 
32.90314699999726;-0.2237;0.0000;-0.1377 
32.94959089999975;0.0000;0.0000;-0.2753 
33.012905399999;-0.2237;0.0000;-0.1377 
33.061210500000016;-0.4474;0.0000;-0.2719 
33.109442999997555;-0.2237;0.0000;-0.1377 
33.15753089999998;-0.2237;0.0000;-0.4130 
33.20479179999893;0.0000;0.0000;0.0000 
33.26973889999863;-0.2237;0.0000;-0.2753 
33.316867399997136;-0.6711;0.0000;-0.1377 
33.36480709999887;-0.6711;0.0000;-0.1377 
33.4134226999995;-0.2237;0.0000;0.0034 
33.47699769999963;-0.4474;0.0000;0.0000 
33.52470750000066;0.0000;0.0000;0.0000 
33.572719299998425;-0.6711;0.0000;-0.1377 
33.620857899997645;0.0000;0.0000;-0.1377 
33.66935319999902;-0.4474;0.0000;0.0000 
33.71698859999742;-0.4474;0.0000;0.0000 
33.78064219999942;-0.8948;0.0000;-0.1377 
33.82868640000015;-0.2237;0.0000;0.0034 
33.87677029999759;-0.2237;0.0000;-0.1377 
33.9248391000001;0.0000;0.0000;-0.1343 
33.973050699998566;-0.2237;0.0000;0.4130 
34.020853300000454;0.0000;0.0000;0.0000 
34.068908099998225;-0.2237;0.0000;0.0000 
34.1327280000005;-0.2237;0.0000;0.0034 
34.18116539999755;0.0000;0.0000;-0.2753 
34.22881529999722;-0.4474;0.0000;-0.2753 
34.27803069999936;0.0000;0.0000;-0.1377 
34.32492459999776;-0.6711;0.0000;-0.2753 
34.388616000000184;0.0000;0.0000;0.0000 
34.4368121999978;-0.6711;0.0000;-0.2753 
34.48470499999894;-0.4474;0.0000;-0.1377 
34.532905799998844;-0.2237;0.0000;0.0034 
34.58137689999785;-0.2237;0.0000;0.0000 
34.644683200000145;-0.6711;0.0000;-0.1377 
34.692734199998085;0.0000;0.0000;-0.2753 
34.74084899999798;-0.2237;0.0000;-0.1343 
34.7890860999978;0.0000;0.0000;0.1410 
34.83698589999767;-0.2237;0.0000;-0.2753 
34.90142129999731;-0.4474;0.0000;-0.1377 
34.948716999999306;-0.2237;0.0000;-0.2753 
34.996856599998864;-0.2237;0.0000;-0.2753 
35.044712200000504;0.0000;0.0000;-0.1377 
35.09298900000067;-0.2237;0.0000;-0.1343 
35.15733579999869;0.0000;0.0000;0.0034 
35.204911199998605;-0.6711;0.0000;-0.1343 
35.25327119999929;-0.2237;0.0000;0.1410 
35.301301699997566;0.0000;0.0000;-0.2753 
35.34904800000004;-0.2237;0.0000;-0.1377 
35.412732400000095;-0.2237;0.0000;-0.2753 
35.46143010000014;-0.2237;0.0000;0.0000 
35.50963090000005;-0.2237;0.0000;-0.1377 
35.5567990999989;-0.2237;0.0000;0.0000 
35.604876699999295;-0.2237;0.0000;0.0034 
35.66934249999758;-0.6711;0.0000;-0.1343 
35.717083299998194;-0.2237;0.0000;-0.2753 
35.76489379999839;-0.2237;0.0000;-0.2719 
35.81357619999835;-0.2237;0.0000;-0.1377 
35.87696539999888;-0.2237;0.0000;-0.2753 
35.924643399997876;-0.2237;0.0000;0.0000 
35.97273999999743;-0.2237;0.0000;0.0000 
36.02080939999723;0.0000;0.0000;0.0000 
36.068729200000234;-0.2237;0.0000;0.0034 
36.116749900000286;-0.2237;0.0000;-0.5506 
36.18201869999757;-0.2237;0.0000;-0.1343 
36.229092199999286;0.0000;0.0000;-0.2753 
36.276938599999994;-0.4474;0.0000;0.0034 
36.324749799998244;-0.2237;0.0000;0.0000 
36.37310239999715;-0.2237;0.0000;-0.1377 
36.420809699997335;-0.2237;0.0000;0.1377 
36.48472409999886;-0.2237;0.0000;-0.1377 
36.53277849999722;0.0000;0.0000;-0.4130 
36.581165199997486;-0.4474;0.0000;-0.2719 
36.629035699999804;0.0000;0.0000;-0.1377 
36.67683179999949;0.0000;0.0000;-0.1377 
36.74080419999882;-0.2237;0.0000;0.0000 
36.78884729999845;0.0000;0.0000;-0.1377 
36.836941800000204;-0.2237;0.0000;-0.1343 
36.88507469999968;-0.2237;0.0000;0.0000 
36.93296869999904;0.0000;0.0000;0.0000 
36.980894099997386;-0.2237;0.0000;0.0000 
37.02927759999875;-0.2237;0.0000;-0.2753 
37.09280559999752;-0.2237;0.0000;-0.2753 
37.140760799997224;-0.2237;0.0000;0.0000 
37.189368499999546;-0.4474;0.0000;-0.1377 
37.23690379999971;-0.2237;0.0000;0.0000 
37.28654370000004;0.0000;0.0000;-0.1377 
37.34945019999941;-0.2237;0.0000;0.0000 
37.39719269999841;-0.4474;0.0000;0.0000 
37.445324000000255;-0.4474;0.0000;0.1377 
37.49295589999747;-0.2237;0.0000;0.0000 
37.54109229999813;0.0000;0.0000;-0.1377 
37.58930639999744;0.0000;0.0000;-0.1377 
37.63763459999973;-0.2237;0.0000;-0.1377 
37.70067779999954;0.2237;0.0000;-0.1377 
37.74876959999892;0.0000;0.0000;-0.1377 
37.796821799998725;0.0000;0.0000;0.0034 
37.84495959999913;-0.4474;0.0000;-0.1377 
37.89274569999907;-0.2237;0.0000;0.1410 
37.9407300999992;0.0000;0.0000;0.0000 
37.989443700000265;-0.6711;0.0000;0.0000 
38.05262769999899;-0.2237;0.0000;-0.1377 
38.10074170000007;-0.4474;0.0000;0.0034 
38.14914800000042;-0.2237;0.0000;-0.2753 
38.19749469999806;-0.2237;0.0000;-0.1377 
38.26199549999728;-0.4474;0.0000;-0.2753 
38.30966129999797;0.0000;0.0000;-0.1377 
38.35685240000021;-0.2237;0.0000;-0.1377 
38.40491359999942;0.2237;0.0000;0.0000 
38.45302179999999;-0.4474;0.0000;-0.2753 
38.50092439999935;0.0000;0.0000;0.0000 
38.56472379999832;-0.4474;0.0000;-0.2753 
38.61283600000024;-0.2237;0.0000;-0.1377 
38.66069249999782;0.2237;0.0000;-0.2753 
38.70935729999837;0.0000;0.0000;-0.2753 
38.75699809999787;-0.2237;0.0000;-0.1377 
38.82085659999939;-0.2237;0.0000;-0.1377 
38.868830100000196;-0.2237;0.0000;0.0000 
38.91677709999931;-0.4474;0.0000;-0.2753 
38.96490669999912;-0.2237;0.0000;-0.1343 
39.01281779999772;0.0000;0.0000;0.0000 
39.0768762000007;-0.4474;0.0000;-0.1377 
39.124759399997856;-0.4474;0.0000;0.0000 
39.17296609999903;-0.2237;0.0000;-0.2753 
39.220696399999724;0.0000;0.0000;0.0034 
39.26879120000012;0.0000;0.0000;0.0034 
39.31675049999831;-0.2237;0.0000;-0.1377 
39.380637999998726;0.0000;0.0000;0.0034 
39.428643600000214;0.0000;0.0000;-0.2753 
39.476627299998654;-0.2237;0.0000;-0.2753 
39.52491199999713;-0.4474;0.0000;-0.2753 
39.573176399997465;-0.4474;0.0000;-0.2719 
39.636975400000665;-0.2237;0.0000;-0.4130 
39.685216999998374;-0.4474;0.0000;-0.1377 
39.733161899999686;-0.2237;0.0000;-0.2753 
39.78088109999953;-0.6711;0.0000;-0.2753 
39.8541015999981;-0.2237;0.0000;-0.2753 
39.89301859999978;-0.2237;0.0000;-0.2719 
39.94091309999931;-0.4474;0.0000;-0.1377 
40.00474579999718;-0.2237;0.0000;-0.4096 
40.0527946000002;-0.2237;0.0000;-0.1343 
40.10088049999831;0.0000;0.0000;-0.1343 
40.1488774999998;0.0000;0.0000;-0.2753 
40.19687239999985;-0.4474;0.0000;-0.1343 
40.26075999999739;-0.2237;0.0000;-0.2753 
40.30877349999719;0.0000;0.0000;0.0000 
40.356891799998266;-0.2237;0.0000;0.0000 
40.40482870000051;-0.4474;0.0000;-0.2753 
40.45343629999843;0.0000;0.0000;-0.4130 
40.500875499998074;0.0000;0.0000;0.0000 
40.54875659999743;-0.4474;0.0000;0.0000 
40.61262329999954;-0.2237;0.0000;-0.1377 
40.661171199997625;0.0000;0.0000;0.0000 
40.70923860000039;-0.4474;0.0000;0.0000 
40.75692109999727;0.0000;0.0000;-0.2753 
40.80475359999764;-0.2237;0.0000;-0.2753 
40.85312889999841;-0.2237;0.0000;0.0000 
40.91694439999992;-0.6711;0.0000;-0.1377 
40.964697100000194;-0.4474;0.0000;0.0000 
41.013026000000536;-0.2237;0.0000;-0.1377 
41.06089079999947;-0.4474;0.0000;-0.1377 
41.10917879999761;-0.2237;0.0000;-0.1377 
41.17362149999826;-0.2237;0.0000;-0.2753 
41.2207785999999;0.0000;0.0000;-0.1377 
41.26904350000041;0.0000;0.0000;-0.1377 
41.317028999998;-0.2237;0.0000;0.0000 
41.36493680000058;-0.6711;0.0000;0.0034 
41.42887849999897;-0.2237;0.0000;-0.1377 
41.477075899998454;-0.4474;0.0000;-0.1343 
41.5249060999995;-0.2237;0.0000;-0.1343 
41.57301279999956;0.0000;0.0000;-0.1377 
41.62100839999766;-0.2237;0.0000;0.1410 
41.68477139999959;-0.4474;0.0000;-0.1377 
41.73272409999845;0.0000;0.0000;-0.2753 
41.78079689999868;0.0000;0.0000;-0.2753 
41.82915409999987;-0.2237;0.0000;0.1410 
41.877085199997964;0.0000;0.0000;-0.4130 
41.924890099999175;-0.4474;0.0000;0.0000 
41.98856180000075;0.0000;0.0000;0.0000 
42.036946699998225;-0.4474;0.0000;0.0000 
42.08473239999876;0.0000;0.0000;-0.1377 
42.132876299998316;-0.2237;0.0000;-0.1343 
42.180784099997254;0.0000;0.0000;-0.1377 
42.22939330000008;-0.2237;0.0000;0.0000 
42.27701619999789;-0.2237;0.0000;-0.1377 
42.34080549999999;-0.2237;0.0000;-0.1377 
42.38905840000007;-0.2237;0.0000;-0.1377 
42.436983199997485;-0.4474;0.0000;0.0000 
42.48511080000026;-0.2237;0.0000;-0.1343 
42.532773499999166;0.0000;0.0000;0.0000 
42.60606919999918;-0.2237;0.0000;-0.1377 
42.64484959999754;-0.4474;0.0000;-0.2753 
42.69275039999775;0.0000;0.0000;-0.2753 
42.740996699998504;-0.2237;0.0000;0.0000 
42.78898779999872;0.0000;0.0000;-0.1377 
42.85263639999903;-0.2237;0.0000;-0.1377 
42.900767299997824;-0.2237;0.0000;0.0000 
42.94888179999907;0.0000;0.0000;0.1377 
42.99677700000029;0.0000;0.0000;-0.4130 
43.04493580000053;-0.2237;0.0000;-0.2753 
43.093279099997744;-0.2237;0.0000;-0.2719 
43.15663900000072;-0.4474;0.0000;-0.1377 
43.20500560000073;0.0000;0.0000;-0.2753 
43.25299009999799;-0.2237;0.0000;-0.2753 
43.30113039999924;0.0000;0.0000;-0.1377 
43.349216999999044;0.0000;0.0000;0.0034 
43.397196599999006;0.0000;0.0000;-0.2753 
43.44504009999946;-0.2237;0.0000;0.0000 
43.50876959999732;-0.2237;0.0000;-0.1377 
43.55764129999807;-0.2237;0.0000;-0.1377 
43.60500669999965;-0.2237;0.0000;0.1410 
43.65305470000021;-0.2237;0.0000;-0.1377 
43.71717499999795;-0.2237;0.0000;-0.1377 
43.76483459999872;-0.2237;0.0000;-0.2753 
43.81281549999767;-0.2237;0.0000;0.0000 
43.86091459999807;-0.4474;0.0000;-0.1377 
43.90898430000016;0.0000;0.0000;0.1377 
43.972760099997686;-0.2237;0.0000;-0.2753 
44.02076019999731;-0.2237;0.0000;-0.2753 
44.06893259999924;0.2237;0.0000;-0.1377 
44.11703249999846;-0.2237;0.0000;0.1410 
44.164876200000435;-0.2237;0.0000;-0.1377 
44.213533899997856;-0.4474;0.0000;0.0034 
44.27681859999939;-0.2237;0.0000;0.0000 
44.32480679999935;-0.4474;0.0000;-0.2719 
44.37297509999917;-0.2237;0.0000;-0.2753 
44.42096419999871;-0.2237;0.0000;0.0000 
44.46895020000011;-0.2237;0.0000;0.0000 
44.532800199998746;0.0000;0.0000;-0.1377 
44.58082619999914;-0.4474;0.0000;-0.2753 
44.62898789999963;-0.2237;0.0000;-0.1377 
44.676805299997795;-0.2237;0.0000;0.0034 
44.72487980000005;0.0000;0.0000;0.0000 
44.78858769999715;-0.4474;0.0000;-0.2753 
44.83671770000001;-0.2237;0.0000;-0.2753 
44.884877500000584;-0.2237;0.0000;-0.2753 
44.93302879999828;-0.2237;0.0000;-0.2753 
44.99660919999951;-0.4474;0.0000;-0.1377 
45.04480899999908;-0.4474;0.0000;-0.2753 
45.09285969999837;0.0000;0.0000;0.0034 
45.14075269999739;-0.2237;0.0000;-0.1377 
45.188973299998906;0.0000;0.0000;-0.2753 
45.23696129999735;0.0000;0.0000;0.0000 
45.30061289999867;0.2237;0.0000;-0.2753 
45.348736500000086;-0.2237;0.0000;-0.2753 
45.39684569999736;-0.2237;0.0000;-0.2753 
45.444961400000466;0.0000;0.0000;-0.2753 
45.4928153999972;-0.4474;0.0000;-0.1377 
45.55676490000042;-0.4474;0.0000;0.1377 
45.60489740000048;0.0000;0.0000;-0.1377 
45.65294949999952;0.0000;0.0000;-0.1377 
45.7008453999988;0.0000;0.0000;0.1410 
45.749125399997865;-0.2237;0.0000;0.1377 
45.79696739999781;0.0000;0.0000;-0.1377 
45.84495659999811;-0.2237;0.0000;0.0034 
45.89308669999809;0.0000;0.0000;-0.1377 
45.95668339999975;0.0000;0.0000;0.0034 
46.00491770000008;0.0000;0.0000;0.0000 
46.052758199999516;-0.2237;0.0000;0.0000 
46.100918099997216;-0.6711;0.0000;0.0000 
46.14888869999777;-0.4474;0.0000;-0.1377 
46.19709679999869;-0.2237;0.0000;-0.1377 
46.26103729999886;-0.6711;0.0000;-0.1377 
46.30879450000066;-0.4474;0.0000;-0.2753 
46.356906199998775;-0.2237;0.0000;-0.1377 
46.40489379999781;-0.4474;0.0000;0.0034 
46.46880059999967;-0.2237;0.0000;-0.1377 
46.51680750000014;-0.2237;0.0000;0.0000 
46.564711299997725;-0.4474;0.0000;-0.4130 
46.61295059999975;0.2237;0.0000;-0.1377 
46.66089279999869;0.0000;0.0000;-0.1377 
46.70873009999923;0.2237;0.0000;-0.1377 
46.77270959999805;-0.2237;0.0000;-0.1377 
46.820666299998265;0.0000;0.0000;-0.1377 
46.869036599997344;-0.2237;0.0000;-0.1377 
46.916943000000174;-0.6711;0.0000;-0.1377 
46.98070599999846;-0.2237;0.0000;-0.2753 
47.02896549999787;-0.2237;0.0000;-0.2753 
47.07677689999764;-0.2237;0.0000;0.0034 
47.12568929999907;-0.2237;0.0000;-0.1377 
47.18880259999787;-0.2237;0.0000;-0.1377 
47.23670309999943;0.0000;0.0000;0.0000 
47.284723299999314;-0.2237;0.0000;-0.1377 
47.33274359999996;0.0000;0.0000;0.0000 
47.38081799999782;0.2237;0.0000;-0.2753 
47.429186199999094;-0.2237;0.0000;-0.1377 
47.47702749999735;0.0000;0.0000;-0.2753 
47.540880099997594;0.0000;0.0000;-0.1377 
47.58877509999729;0.0000;0.0000;-0.4130 
47.63687619999837;-0.2237;0.0000;0.0000 
47.68493309999758;0.0000;0.0000;-0.1377 
47.73280629999863;-0.2237;0.0000;0.0000 
47.7808363999975;-0.2237;0.0000;-0.2719 
47.82905649999884;0.6711;0.0000;0.0000 
47.87678539999979;-0.4474;0.0000;0.0000 
47.94069169999784;-0.4474;0.0000;-0.2753 
47.9890790999998;-0.4474;0.0000;-0.1377 
48.03685720000067;0.0000;0.0000;0.0034 
48.08494369999971;-0.2237;0.0000;-0.1343 
48.1487331999997;-0.4474;0.0000;-0.1377 
48.19676989999789;-0.2237;0.0000;-0.1343 
48.24495969999771;-0.2237;0.0000;0.0000 
48.292854299998;0.0000;0.0000;-0.1377 
48.34085570000025;-0.2237;0.0000;0.0000 
48.388957799998025;-0.4474;0.0000;-0.2753 
48.45273259999885;0.2237;0.0000;-0.1377 
48.500814699997136;-0.4474;0.0000;-0.2753 
48.54885369999829;-0.4474;0.0000;0.0000 
48.59714940000049;-0.2237;0.0000;-0.1343 
48.644946500000515;0.2237;0.0000;0.0034 
48.70884879999721;-0.4474;0.0000;-0.1377 
48.75692259999778;-0.6711;0.0000;-0.1377 
48.80467850000059;-0.2237;0.0000;-0.2753 
48.852992500000255;-0.4474;0.0000;-0.1377 
48.916714399998455;-0.2237;0.0000;-0.1377 
48.96469349999825;-0.4474;0.0000;0.0034 
49.013001899998926;-0.2237;0.0000;-0.2753 
49.06094459999804;-0.2237;0.0000;0.0000 
49.124648299999535;0.0000;0.0000;-0.1377 
49.172720999999;-0.2237;0.0000;0.0000 
49.22065929999735;-0.4474;0.0000;-0.1377 
49.26882679999835;-0.4474;0.0000;-0.1377 
49.31679609999992;0.0000;0.0000;-0.2719 
49.36504649999915;0.2237;0.0000;-0.1377 
49.42893799999729;-0.4474;0.0000;-0.4130 
49.476820699997916;0.0000;0.0000;-0.1377 
49.524843499999406;-0.2237;0.0000;-0.2753 
49.57282470000064;0.0000;0.0000;-0.2753 
49.63647629999832;-0.2237;0.0000;-0.1377 
49.685117199998786;-0.2237;0.0000;0.0000 
49.732838199997786;-0.2237;0.0000;-0.1377 
49.78084599999784;-0.4474;0.0000;-0.1377 
49.8287679999994;0.2237;0.0000;-0.4130 
49.892796299998736;-0.2237;0.0000;-0.2753 
49.94084350000048;-0.2237;0.0000;-0.1377 
49.988890900000115;0.0000;0.0000;-0.2753 
50.03791739999724;0.0000;0.0000;-0.1377 
50.08496639999794;-0.2237;0.0000;-0.1343 
50.14869479999834;0.2237;0.0000;-0.1377 
50.19666249999864;-0.2237;0.0000;0.0034 
50.24482390000048;-0.2237;0.0000;-0.2753 
50.29317810000066;0.0000;0.0000;-0.1377 
50.34088200000042;-0.2237;0.0000;0.2787 
50.38902409999719;-0.2237;0.0000;0.2787 
50.45258979999926;-0.4474;0.0000;0.0000 
50.500856399998156;-0.2237;0.0000;0.0000 
50.54896039999949;-0.4474;0.0000;0.0000 
50.59673599999951;0.0000;0.0000;-0.2753 
50.64500689999841;-0.2237;0.0000;-0.1377 
50.69301579999956;0.0000;0.0000;0.1410 
50.74088999999731;0.0000;0.0000;-0.1377 
50.78950419999819;0.0000;0.0000;-0.1377 
50.85257619999902;-0.2237;0.0000;0.1410 
50.90065429999959;-0.2237;0.0000;0.0000 
50.948793799998384;-0.6711;0.0000;-0.1377 
50.996768499997415;0.0000;0.0000;-0.1377 
51.04517909999777;-0.2237;0.0000;-0.1377 
51.09316100000069;-0.4474;0.0000;0.0000 
51.15659279999818;0.0000;0.0000;-0.1343 
51.204791000000114;-0.2237;0.0000;-0.1377 
51.25304139999935;-0.4474;0.0000;-0.1377 
51.301679899999726;-0.2237;0.0000;-0.1377 
51.364860199999384;0.0000;0.0000;-0.1377 
51.41279029999714;-0.4474;0.0000;-0.2753 
51.46075109999947;-0.2237;0.0000;-0.1343 
51.508850499998516;-0.4474;0.0000;0.0034 
51.57253750000018;-0.2237;0.0000;-0.4130 
51.62078520000068;-0.4474;0.0000;-0.1377 
51.66938469999877;-0.2237;0.0000;0.0034 
51.717557699998;0.0000;0.0000;-0.1377 
51.76498899999933;-0.2237;0.0000;0.0000 
51.81295060000048;0.0000;0.0000;-0.2753 
51.86098479999782;0.0000;0.0000;0.0000 
51.92471529999966;-0.2237;0.0000;-0.1377 
51.97273719999794;-0.2237;0.0000;0.0000 
52.02078719999918;0.0000;0.0000;-0.1377 
52.069330099999206;0.0000;0.0000;-0.1377 
52.116877399999794;-0.4474;0.0000;-0.2753 
52.1807618999992;-0.6711;0.0000;-0.1377 
52.22871579999992;-0.4474;0.0000;0.0034 
52.27702439999848;0.0000;0.0000;0.0034 
52.32494729999962;-0.4474;0.0000;-0.1377 
52.37297829999807;-0.2237;0.0000;-0.2753 
52.437392799998634;-0.2237;0.0000;-0.2753 
52.48481739999988;-0.2237;0.0000;-0.1377 
52.53279470000052;0.0000;0.0000;0.0034 
52.580781199998455;0.0000;0.0000;0.0000 
52.62878189999901;-0.4474;0.0000;-0.2719 
52.692569700000604;-0.2237;0.0000;-0.1343 
52.74072899999737;0.0000;0.0000;0.0000 
52.78867519999767;-0.2237;0.0000;0.1377 
52.83702859999903;-0.2237;0.0000;-0.1377 
52.88478869999744;-0.4474;0.0000;-0.2753 
52.932876700000634;-0.2237;0.0000;-0.1377 
52.99665499999901;0.0000;0.0000;-0.1377 
53.044698300000164;-0.4474;0.0000;-0.2753 
53.092751000000135;0.0000;0.0000;-0.1377 
53.14071129999866;-0.2237;0.0000;0.0000 
53.18901279999773;-0.4474;0.0000;-0.2753 
53.236792600000626;0.0000;0.0000;0.0000 
53.28488060000018;0.6711;0.0000;0.0000 
53.34865969999737;-0.2237;0.0000;-0.1377 
53.3967808999987;0.0000;0.0000;-0.2753 
53.44475020000027;-0.4474;0.0000;-0.1377 
53.49282799999855;-0.2237;0.0000;-0.1377 
53.540961299997434;-0.4474;0.0000;-0.1377 
53.60464529999808;0.0000;0.0000;-0.1377 
53.65266999999949;-0.4474;0.0000;0.0000 
53.70068779999929;0.0000;0.0000;0.1410 
53.74880370000028;-0.2237;0.0000;-0.4130 
53.796795099999144;0.2237;0.0000;0.0000 
53.844832799997675;-0.2237;0.0000;0.0000 
53.89298299999791;-0.6711;0.0000;0.0000 
53.94096770000033;0.0000;0.0000;-0.1377 
53.98890969999775;0.0000;0.0000;0.1410 
54.052742100000614;0.0000;0.0000;-0.1377 
54.10117249999894;-0.2237;0.0000;-0.1377 
54.14898119999998;0.2237;0.0000;-0.2753 
54.1969296999996;-0.2237;0.0000;-0.4130 
54.24494259999847;-0.4474;0.0000;-0.1377 
54.30926139999792;-0.2237;0.0000;-0.1343 
54.35679789999995;-0.4474;0.0000;-0.1377 
54.40485450000051;-0.2237;0.0000;-0.1377 
54.45286689999921;0.0000;0.0000;-0.1377 
54.5169270999977;-0.2237;0.0000;-0.1377 
54.56466419999924;0.0000;0.0000;0.0000 
54.61285169999974;-0.6711;0.0000;0.0000 
54.66062889999739;-0.2237;0.0000;0.0000 
54.70889499999976;0.0000;0.0000;-0.1377 
54.75691449999795;-0.4474;0.0000;-0.1343 
54.804928099998506;-0.4474;0.0000;-0.2753 
54.86862929999916;-0.2237;0.0000;-0.1377 
54.91724619999877;-0.2237;0.0000;-0.1377 
54.96490609999819;-0.2237;0.0000;0.0000 
55.01292109999849;0.0000;0.0000;-0.1343 
55.06112859999848;0.0000;0.0000;0.0000 
55.124646099997335;0.0000;0.0000;-0.2719 
55.17260309999983;0.0000;0.0000;0.0000 
55.22071099999812;0.2237;0.0000;-0.2753 
55.26869529999749;-0.2237;0.0000;-0.1377 
55.3170398000002;-0.2237;0.0000;-0.4130 
55.364829199999804;-0.4474;0.0000;-0.1343 
55.42857889999868;0.0000;0.0000;-0.2719 
55.476661999997305;-0.4474;0.0000;-0.1343 
55.52470119999998;0.2237;0.0000;0.0034 
55.572850699998526;-0.4474;0.0000;-0.1377 
55.620866499997646;-0.2237;0.0000;0.0000 
55.68448019999778;-1.1185;0.0000;-0.5473 
55.73278759999812;0.0000;0.0000;-0.2753 
55.7807447999985;-0.6711;0.0000;0.0034 
55.82898009999917;-0.6711;0.0000;0.0034 
55.876785099997505;-0.4474;0.0000;-0.2753 
55.9405184999996;0.2237;0.0000;-0.1377 
55.98868299999958;-0.2237;0.0000;-0.4130 
56.03669689999879;-0.2237;0.0000;-0.1377 
56.08480829999826;-0.4474;0.0000;0.1410 
56.13295709999875;0.0000;0.0000;0.0034 
56.18126069999926;-0.2237;0.0000;0.4130 
56.24474840000039;-0.4474;0.0000;-0.1377 
56.292884099999355;-0.2237;0.0000;-0.1377 
56.34090540000034;0.0000;0.0000;-0.1377 
56.38886099999945;-0.4474;0.0000;-0.1377 
56.43703099999766;-0.4474;0.0000;0.0000 
56.48490579999998;0.0000;0.0000;0.0000 
56.54870509999819;-0.4474;0.0000;-0.4130 
56.59685099999842;-0.2237;0.0000;-0.1377 
56.64518599999792;0.0000;0.0000;-0.1377 
56.69289209999988;-0.4474;0.0000;0.1377 
56.74074719999771;-0.2237;0.0000;-0.2753 
56.804662599999574;0.0000;0.0000;-0.1377 
56.85273089999828;-0.2237;0.0000;-0.1377 
56.90085149999868;-0.2237;0.0000;-0.2753 
56.94912420000037;-0.2237;0.0000;-0.1377 
57.012603999999556;0.2237;0.0000;-0.1377 
57.06076899999971;-0.4474;0.0000;0.0000 
57.10870570000043;0.0000;0.0000;0.0000 
57.1567006999976;-0.2237;0.0000;0.0034 
57.204735399998754;-0.4474;0.0000;-0.1377 
57.25319369999852;0.0000;0.0000;0.0000 
57.30093449999913;-0.4474;0.0000;-0.1377 
57.3648140999976;-0.2237;0.0000;-0.1377 
57.412651700000424;-0.6711;0.0000;-0.1377 
57.46073619999879;-0.2237;0.0000;-0.1377 
57.50886159999936;-0.4474;0.0000;-0.1377 
57.573033299999224;-0.2237;0.0000;0.1377 
57.6207574;0.0000;0.0000;-0.1377 
57.66922729999715;0.2237;0.0000;-0.1377 
57.716771999999764;0.0000;0.0000;0.0000 
57.764905299998645;-0.2237;0.0000;0.1410 
57.812912499997765;0.0000;0.0000;-0.2753 
57.86102000000028;0.2237;0.0000;-0.1377 
57.90891969999939;-0.2237;0.0000;-0.1377 
57.972660699997505;-0.4474;0.0000;-0.1377 
58.02062609999848;-0.4474;0.0000;-0.1377 
58.0693042999992;-0.2237;0.0000;0.2787 
58.11683709999852;-0.4474;0.0000;0.0000 
58.16507579999961;0.0000;0.0000;-0.1377 
58.2286346999972;-0.2237;0.0000;-0.1343 
58.27663089999987;-0.4474;0.0000;0.0000 
58.32476099999985;-0.2237;0.0000;0.0034 
58.372861199997715;0.0000;0.0000;-0.2753 
58.42084219999742;-0.4474;0.0000;0.0000 
58.468926399997144;-0.2237;0.0000;0.0034 
58.516885699998966;0.0000;0.0000;0.0034 
58.581161499998416;-0.4474;0.0000;-0.1377 
58.62931709999975;-0.4474;0.0000;0.1410 
58.67677769999864;-0.2237;0.0000;0.0034 
58.72502449999956;0.0000;0.0000;-0.1377 
58.7728380999979;0.0000;0.0000;-0.2753 
58.83709429999726;-0.4474;0.0000;-0.1377 
58.88474739999947;-0.2237;0.0000;0.0000 
58.932766199999605;0.0000;0.0000;-0.1377 
58.98064650000015;0.2237;0.0000;-0.1377 
59.029059399999824;0.4474;0.0000;0.0000 
59.07709319999776;-0.2237;0.0000;0.0000 
59.12505819999933;-0.4474;0.0000;-0.1377 
59.18865839999853;-0.4474;0.0000;0.0034 
59.23719870000059;0.0000;0.0000;-0.1377 
59.28473519999898;0.0000;0.0000;-0.1377 
59.33335889999944;-0.2237;0.0000;-0.1377 
59.38086159999875;0.0000;0.0000;-0.1377 
59.444522800000414;0.0000;0.0000;-0.1377 
59.49279899999965;-0.2237;0.0000;-0.1377 
59.54063039999892;-0.2237;0.0000;0.0034 
59.58955919999789;-0.6711;0.0000;-0.1377 
59.6369483999988;-0.4474;0.0000;-0.1377 
59.700628299997334;0.0000;0.0000;-0.2753 
59.74911969999812;-0.2237;0.0000;0.0000 
59.79693229999975;-0.2237;0.0000;0.0000 
59.84479730000021;-0.4474;0.0000;-0.4096 
59.89302350000071;-0.4474;0.0000;-0.1343 
59.95664549999856;-0.4474;0.0000;-0.2753 
60.004747700000735;0.0000;0.0000;-0.1377 
60.05273970000053;-0.2237;0.0000;0.0034 
60.1009410000006;-0.4474;0.0000;0.0000 
60.149058299997705;-0.4474;0.0000;-0.1377 
60.2125449999985;0.2237;0.0000;0.0000 
60.26050489999761;0.0000;0.0000;0.0000 
60.308682700000645;0.0000;0.0000;-0.1377 
60.35679159999927;-0.6711;0.0000;0.0034 
60.40476049999779;-0.4474;0.0000;-0.2753 
60.45287610000014;-0.2237;0.0000;0.0000 
60.51657509999859;-0.6711;0.0000;-0.1377 
60.564780299999256;-0.2237;0.0000;0.0000 
60.61273319999964;-0.2237;0.0000;-0.1343 
60.66084679999767;-0.2237;0.0000;-0.1377 
60.708949899999425;-0.2237;0.0000;-0.1377 
60.77264060000016;0.0000;0.0000;-0.2753 
60.82064270000046;-0.2237;0.0000;0.4130 
60.86879359999875;0.0000;0.0000;-0.2753 
60.91682619999847;-0.2237;0.0000;-0.2753 
60.96493129999726;-0.2237;0.0000;-0.1377 
61.02861219999977;-0.4474;0.0000;-0.2753 
61.07668669999839;-0.2237;0.0000;0.1410 
61.12492109999948;0.0000;0.0000;0.0034 
61.172656099999585;-0.2237;0.0000;0.0000 
61.22066359999735;-0.2237;0.0000;0.0000 
61.269067900000664;-0.6711;0.0000;-0.1377 
61.332758900000044;-0.2237;0.0000;-0.1377 
61.38066919999983;0.0000;0.0000;-0.1377 
61.42870050000056;-0.2237;0.0000;0.0034 
61.476725099997566;0.0000;0.0000;0.0034 
61.52474849999999;-0.4474;0.0000;0.1410 
61.57297999999719;-0.2237;0.0000;-0.1377 
61.636629199998424;-0.2237;0.0000;-0.1377 
61.68465699999797;-0.2237;0.0000;0.0000 
61.73267119999946;-0.4474;0.0000;0.0034 
61.78086919999987;-0.2237;0.0000;-0.1377 
61.828870299999835;0.2237;0.0000;-0.1377 
61.89258019999761;-0.2237;0.0000;-0.1377 
61.940640499997244;0.0000;0.0000;-0.1377 
61.98877200000061;-0.6711;0.0000;-0.2753 
62.03680399999939;0.0000;0.0000;-0.1377 
62.08486979999725;-0.4474;0.0000;-0.1377 
62.13303749999977;0.0000;0.0000;0.1410 
62.19664769999872;-0.4474;0.0000;0.0000 
62.24489469999753;-0.2237;0.0000;-0.1377 
62.29273139999714;0.0000;0.0000;-0.1377 
62.34175399999731;-0.4474;0.0000;-0.1343 
62.38884309999776;-0.2237;0.0000;-0.1343 
62.45268179999766;-0.2237;0.0000;-0.1377 
62.500777299999754;-0.4474;0.0000;-0.1377 
62.5488093999993;-0.2237;0.0000;0.0034 
62.59765129999869;0.0000;0.0000;0.0034 
62.644865799997206;0.0000;0.0000;-0.1377 
62.70933349999905;-0.4474;0.0000;-0.1377 
62.75697279999804;-0.6711;0.0000;-0.2753 
62.804736899997806;0.0000;0.0000;-0.1377 
62.85269259999768;-0.2237;0.0000;0.0034 
62.90116139999736;-0.2237;0.0000;0.0000 
62.96499019999828;0.0000;0.0000;-0.4096 
63.012713500000245;-0.2237;0.0000;-0.1377 
63.060860099998536;-0.4474;0.0000;-0.2753 
63.108763699998235;0.0000;0.0000;0.0000 
63.156911399997625;0.2237;0.0000;-0.1377 
63.22051409999767;-0.2237;0.0000;-0.1377 
63.26859499999773;-0.2237;0.0000;0.1410 
63.31667549999838;0.0000;0.0000;-0.4130 
63.36501739999949;-0.2237;0.0000;-0.1377 
63.41291629999978;0.0000;0.0000;-0.1377 
63.46091119999983;-0.4474;0.0000;-0.1377 
63.524642599997605;-0.2237;0.0000;-0.2753 
63.572964899998624;0.0000;0.0000;-0.1343 
63.62078929999916;-0.4474;0.0000;-0.1343 
63.668970399998216;-0.2237;0.0000;0.0000 
63.73258409999835;-0.2237;0.0000;-0.1377 
63.78065959999731;-0.4474;0.0000;-0.2753 
63.82875050000075;-0.4474;0.0000;0.0000 
63.87677939999776;0.0000;0.0000;-0.1377 
63.92479900000035;-0.4474;0.0000;-0.1377 
63.98861699999907;0.0000;0.0000;-0.2753 
64.03662549999717;-0.2237;0.0000;-0.1377 
64.08494149999751;-0.2237;0.0000;-0.2753 
64.1327472999983;-0.2237;0.0000;-0.1377 
64.18133419999867;0.0000;0.0000;0.0034 
64.22915039999862;-0.2237;0.0000;-0.2753 
64.29265680000026;-0.2237;0.0000;-0.1377 
64.34077319999778;-0.6711;0.0000;-0.2753 
64.3888466999997;-0.2237;0.0000;0.0000 
64.43684029999713;0.0000;0.0000;0.0034 
64.50055339999744;-0.4474;0.0000;-0.1377 
64.5486600999975;0.0000;0.0000;-0.1377 
64.59676769999714;0.0000;0.0000;-0.2753 
64.64516279999953;0.0000;0.0000;0.0034 
64.69265299999824;0.0000;0.0000;-0.4130 
64.74076489999788;-0.2237;0.0000;0.0000 
64.78869629999826;0.0000;0.0000;0.0034 
64.83666230000017;0.0000;0.0000;-0.2753 
64.88505950000035;0.0000;0.0000;0.0000 
64.94877519999864;-0.2237;0.0000;-0.1377 
64.9967343999997;-0.2237;0.0000;-0.1377 
65.04479530000026;-0.2237;0.0000;-0.2753 
65.0926944999992;-0.2237;0.0000;0.0000 
65.1407908000001;-0.2237;0.0000;0.1377 
65.20460470000035;-0.2237;0.0000;0.0000 
65.25282999999763;0.0000;0.0000;-0.1377 
65.30081449999852;0.0000;0.0000;-0.1377 
65.3488249999973;0.0000;0.0000;-0.1377 
65.39706239999941;0.0000;0.0000;0.1410 
65.44497249999768;0.0000;0.0000;0.0000 
65.49288610000076;-0.2237;0.0000;-0.1377 
65.55656610000005;-0.4474;0.0000;-0.1377 
65.60514200000034;-0.2237;0.0000;-0.1377 
65.65298729999995;0.0000;0.0000;-0.1377 
65.70092979999754;-0.2237;0.0000;0.0000 
65.7488588999986;-0.4474;0.0000;-0.1377 
65.81259109999883;-0.2237;0.0000;0.0034 
65.86059179999938;-0.4474;0.0000;0.0034 
65.90871469999911;-0.6711;0.0000;0.0000 
65.95673879999958;-0.2237;0.0000;0.0000 
66.00477749999845;0.0000;0.0000;-0.1377 
66.05319999999847;0.0000;0.0000;0.0000 
66.10090519999721;-0.4474;0.0000;0.0000 
66.16534509999838;-0.2237;0.0000;-0.2753 
66.21258630000011;-0.4474;0.0000;0.0000 
66.26084450000053;-0.2237;0.0000;-0.1377 
66.30875860000015;-0.2237;0.0000;0.1410 
66.35735349999959;-0.2237;0.0000;0.0000 
66.40499249999993;-0.4474;0.0000;0.0000 
66.46858559999964;-0.2237;0.0000;0.0000 
66.51678529999845;-0.2237;0.0000;-0.4130 
66.56492349999826;-0.2237;0.0000;-0.1377 
66.61393849999877;-0.2237;0.0000;-0.1377 
66.6609404999981;-0.4474;0.0000;0.0000 
66.72472259999995;-0.2237;0.0000;0.0034 
66.77330230000007;0.0000;0.0000;0.0034 
66.82064909999826;0.0000;0.0000;-0.1377 
66.86886779999986;0.0000;0.0000;-0.1377 
66.91678250000041;0.0000;0.0000;-0.2753 
66.96487569999954;-0.2237;0.0000;-0.2753 
67.02867669999978;-0.2237;0.0000;0.0000 
67.07682949999798;-0.2237;0.0000;-0.2753 
67.12481459999981;-0.2237;0.0000;-0.1377 
67.17280069999833;-0.2237;0.0000;-0.1377 
67.23714499999915;-0.2237;0.0000;-0.1377 
67.2847898;-0.4474;0.0000;-0.1377 
67.33288650000031;-0.2237;0.0000;-0.1377 
67.38078889999815;-0.2237;0.0000;0.0034 
67.44464080000034;-0.2237;0.0000;-0.1377 
67.49276280000049;0.0000;0.0000;-0.1377 
67.54070769999817;-0.2237;0.0000;-0.1377 
67.58901159999732;-0.4474;0.0000;0.0000 
67.63693419999981;-0.2237;0.0000;0.0034 
67.68502459999945;0.2237;0.0000;-0.1377 
67.74870519999968;-0.2237;0.0000;-0.1377 
67.79680720000033;0.0000;0.0000;-0.1377 
67.84468779999952;-0.2237;0.0000;0.1377 
67.89264679999906;-0.2237;0.0000;-0.2753 
67.94096010000067;-0.4474;0.0000;-0.2753 
68.00471280000056;-0.2237;0.0000;-0.1377 
68.05285179999919;-0.2237;0.0000;-0.1377 
68.10086509999746;-0.4474;0.0000;-0.2753 
68.14878490000046;0.0000;0.0000;0.0034 
68.19677120000051;-0.2237;0.0000;0.0000 
68.26087529999859;-0.2237;0.0000;-0.2753 
68.3087162999982;-0.2237;0.0000;-0.1377 
68.35735849999764;-0.2237;0.0000;-0.1343 
68.42055450000043;-0.6711;0.0000;-0.1377 
68.46860530000049;-0.4474;0.0000;0.0000 
68.51696179999999;-0.2237;0.0000;-0.2753 
68.56488510000054;0.0000;0.0000;-0.1377 
68.613734999999;-0.4474;0.0000;-0.1377 
68.66081289999784;0.0000;0.0000;0.0000 
68.72455830000035;-0.2237;0.0000;-0.2753 
68.77269679999881;-0.2237;0.0000;-0.1377 
68.82103039999856;-0.2237;0.0000;-0.1377 
68.86885459999758;-0.4474;0.0000;-0.2753 
68.93318739999813;0.2237;0.0000;-0.2753 
68.98093610000069;-0.6711;0.0000;0.0000 
69.02868630000012;-0.6711;0.0000;0.0034 
69.07695400000011;-0.2237;0.0000;-0.2753 
69.12486069999795;0.0000;0.0000;-0.1377 
69.18875189999744;-0.2237;0.0000;-0.1377 
69.23667379999824;-0.4474;0.0000;-0.2753 
69.28466649999973;-0.4474;0.0000;-0.1377 
69.33269019999716;-0.6711;0.0000;0.0000 
69.38061919999745;-0.2237;0.0000;0.2787 
69.44462729999941;-0.2237;0.0000;-0.1377 
69.49266969999735;-0.2237;0.0000;0.0000 
69.54070919999867;-0.2237;0.0000;-0.1377 
69.58887889999824;0.0000;0.0000;-0.2753 
69.63682159999735;-0.2237;0.0000;0.0034 
69.68472439999823;0.0000;0.0000;0.1410 
69.7484893999972;-0.2237;0.0000;0.1410 
69.79679449999821;-0.2237;0.0000;0.0000 
69.84470639999927;-0.4474;0.0000;0.0000 
69.89266900000075;-0.2237;0.0000;-0.1377 
69.94063109999843;-0.2237;0.0000;-0.1377 
69.98891899999944;-0.2237;0.0000;-0.1377 
70.05259849999857;0.0000;0.0000;-0.1377 
70.10068229999888;-0.2237;0.0000;0.0000 
70.14865009999994;0.0000;0.0000;0.0000 
70.19658219999837;-0.2237;0.0000;-0.2753 
70.24493739999889;-0.4474;0.0000;-0.1377 
70.30885299999863;-0.2237;0.0000;-0.1377 
70.35688019999725;-0.2237;0.0000;-0.1377 
70.40461279999727;-0.4474;0.0000;-0.2753 
70.45283689999997;-0.4474;0.0000;0.0000 
70.50096420000045;-0.2237;0.0000;-0.1377 
70.54901139999856;0.0000;0.0000;0.0000 
70.61260699999912;-0.2237;0.0000;-0.1377 
70.66099849999955;-0.2237;0.0000;-0.2753 
70.70883899999899;-0.2237;0.0000;-0.2753 
70.75686969999879;-0.4474;0.0000;-0.2753 
70.82083039999998;-0.2237;0.0000;0.0034 
70.86868599999798;-0.2237;0.0000;0.0000 
70.91684600000008;-0.2237;0.0000;-0.2753 
70.96487449999768;-0.2237;0.0000;-0.1377 
71.028526099999;-0.2237;0.0000;-0.1377 
71.07665989999805;-0.2237;0.0000;-0.4130 
71.12497449999864;-0.4474;0.0000;-0.2753 
71.17346259999977;-0.2237;0.0000;-0.1377 
71.23686619999717;-0.4474;0.0000;-0.4130 
71.28466539999863;-0.4474;0.0000;0.0000 
71.33287479999854;-0.2237;0.0000;0.0000 
71.38078719999976;-0.2237;0.0000;-0.1377 
71.42900029999873;-0.2237;0.0000;-0.1377 
71.4925192999981;0.0000;0.0000;0.4130 
71.54080550000072;-0.2237;0.0000;-0.1377 
71.58883579999747;0.0000;0.0000;-0.1377 
71.63669999999911;-0.2237;0.0000;0.1377 
71.68484739999985;0.0000;0.0000;-0.1377 
71.7328594999999;-0.2237;0.0000;-0.4130 
71.79669439999998;0.0000;0.0000;-0.2753 
71.84471329999724;-0.2237;0.0000;0.0034 
71.8928539999979;-0.2237;0.0000;0.0000 
71.9406240999997;-0.2237;0.0000;-0.1377 
71.98901969999861;0.0000;0.0000;-0.1343 
72.03693909999856;-0.2237;0.0000;0.0034 
72.10047889999987;-0.2237;0.0000;0.0000 
72.14944509999987;0.0000;0.0000;-0.2753 
72.19672720000017;0.2237;0.0000;-0.1377 
72.24471849999827;-0.4474;0.0000;0.1410 
72.29281249999985;0.0000;0.0000;0.0000 
72.34087979999822;-0.2237;0.0000;-0.1377 
72.38882240000021;-0.2237;0.0000;-0.2753 
72.45262639999783;-0.6711;0.0000;0.1410 
72.50132279999889;0.0000;0.0000;-0.1377 
72.54871819999971;-0.4474;0.0000;-0.1377 
72.59665079999832;0.0000;0.0000;0.2787 
72.64476830000058;-0.6711;0.0000;0.0000 
72.69283619999987;-0.4474;0.0000;0.0000 
72.74075239999729;0.0000;0.0000;0.0000 
72.80449749999752;-0.2237;0.0000;-0.1377 
72.85303609999755;-0.4474;0.0000;-0.2753 
72.90238909999971;-0.2237;0.0000;-0.1377 
72.94870280000032;0.0000;0.0000;-0.1377 
72.9967919999981;-0.4474;0.0000;-0.1377 
73.0606489999991;-0.2237;0.0000;-0.1377 
73.10897289999775;-0.2237;0.0000;-0.1377 
73.1567350999976;0.0000;0.0000;-0.1377 
73.20496799999819;-0.2237;0.0000;0.0000 
73.26854829999866;-0.2237;0.0000;-0.1377 
73.31654789999811;0.2237;0.0000;-0.1377 
73.3647424999981;-0.4474;0.0000;-0.2753 
73.41276329999891;-0.4474;0.0000;-0.1377 
73.4765230999983;-0.4474;0.0000;-0.1377 
73.52459330000056;-0.4474;0.0000;-0.1377 
73.57279489999928;0.0000;0.0000;-0.2753 
73.6209603999996;-0.2237;0.0000;-0.1377 
73.66999299999952;-0.4474;0.0000;-0.1377 
73.73256609999953;-0.4474;0.0000;0.1377 
73.7805511000006;-0.2237;0.0000;0.0000 
73.82883600000059;-0.2237;0.0000;-0.2753 
73.8767635999975;-0.2237;0.0000;-0.2753 
73.92575310000029;0.0000;0.0000;-0.2753 
73.98866830000043;0.0000;0.0000;-0.1377 
74.03665449999971;0.2237;0.0000;0.0000 
74.08466430000044;-0.2237;0.0000;-0.1377 
74.13281089999873;0.0000;0.0000;-0.4130 
74.18071729999792;0.0000;0.0000;0.1377 
74.22900300000038;-0.4474;0.0000;-0.4130 
74.27683949999846;-0.2237;0.0000;0.0000 
74.32499529999768;-0.6711;0.0000;0.0034 
74.38863709999714;-0.4474;0.0000;-0.2753 
74.43666089999897;-0.2237;0.0000;-0.1377 
74.48482529999819;-0.2237;0.0000;-0.1377 
74.54855189999944;-0.4474;0.0000;-0.1377 
74.59653489999982;0.0000;0.0000;0.1410 
74.64457389999734;-0.4474;0.0000;-0.1343 
74.69261449999976;-0.4474;0.0000;-0.1377 
74.74085930000001;-0.2237;0.0000;-0.1377 
74.78871199999776;0.0000;0.0000;0.0000 
74.85260500000004;-0.4474;0.0000;-0.1377 
74.90062739999848;-0.2237;0.0000;0.0000 
74.94888599999831;0.0000;0.0000;-0.2753 
74.99691560000065;-0.2237;0.0000;-0.1377 
75.04484219999722;-0.2237;0.0000;0.0000 
75.10850199999913;-0.2237;0.0000;-0.1377 
75.15662370000064;-0.6711;0.0000;-0.2753 
75.20485349999944;-0.4474;0.0000;0.1410 
75.2528089999978;-0.4474;0.0000;-0.2753 
75.30085719999988;-0.4474;0.0000;-0.1377 
75.36472379999759;0.0000;0.0000;-0.1377 
75.41269719999764;-0.2237;0.0000;0.0034 
75.46075129999736;-0.2237;0.0000;0.0000 
75.50883129999784;-0.2237;0.0000;-0.2753 
75.55680959999881;-0.2237;0.0000;-0.1377 
75.62066240000058;0.0000;0.0000;-0.1343 
75.66864010000063;-0.4474;0.0000;-0.1377 
75.71691989999817;-0.4474;0.0000;-0.1343 
75.76517629999944;-0.2237;0.0000;0.0034 
75.82860339999752;-0.2237;0.0000;-0.1377 
75.87665749999724;0.0000;0.0000;-0.2753 
75.9248611999974;-0.6711;0.0000;-0.1377 
75.97282419999829;0.0000;0.0000;0.1410 
76.02094209999996;0.0000;0.0000;-0.2753 
76.06888479999907;-0.4474;0.0000;-0.1377 
76.13287309999941;-0.2237;0.0000;0.0000 
76.18180790000042;-0.2237;0.0000;-0.5506 
76.22860220000075;-0.4474;0.0000;-0.2753 
76.27792079999927;-0.4474;0.0000;-0.1377 
76.34061309999743;-0.4474;0.0000;-0.2753 
76.38864589999866;-0.2237;0.0000;0.0000 
76.43663879999804;-0.4474;0.0000;0.2787 
76.48470639999869;-0.2237;0.0000;-0.1377 
76.53292809999766;0.0000;0.0000;0.0000 
76.58084980000058;-0.2237;0.0000;-0.1377 
76.64481859999796;-0.2237;0.0000;-0.1377 
76.69258020000052;-0.4474;0.0000;-0.1377 
76.74075169999924;-0.2237;0.0000;-0.1377 
76.80453789999956;-0.2237;0.0000;-0.1377 
76.85253039999952;0.0000;0.0000;0.1377 
76.90069159999985;-0.8948;0.0000;-0.2753 
76.94858469999963;-0.2237;0.0000;-0.1343 
76.99665649999952;-0.2237;0.0000;0.1410 
77.04468730000008;0.0000;0.0000;-0.2753 
77.09284119999938;-0.6711;0.0000;0.0000 
77.15651209999851;-0.4474;0.0000;-0.1377 
77.20463209999798;-0.2237;0.0000;-0.2753 
77.25276499999745;-0.2237;0.0000;0.0000 
77.30094180000015;0.0000;0.0000;0.0034 
77.34881739999764;-0.2237;0.0000;0.0000 
77.4127711000001;-0.2237;0.0000;-0.1377 
77.46058469999844;-0.2237;0.0000;-0.4130 
77.50861299999815;-0.4474;0.0000;0.0000 
77.5567267999977;-0.2237;0.0000;-0.1377 
77.60480090000055;-0.4474;0.0000;0.1410 
77.66852189999918;0.0000;0.0000;0.0000 
77.71654109999872;-0.4474;0.0000;0.0000 
77.76486529999966;-0.4474;0.0000;-0.1377 
77.81275009999808;-0.2237;0.0000;-0.4096 
77.86072649999915;-0.2237;0.0000;0.0000 
77.90897330000007;-0.2237;0.0000;0.0000 
77.97258890000012;-0.2237;0.0000;-0.2753 
78.0206932000001;-0.2237;0.0000;-0.1377 
78.06868929999837;-0.2237;0.0000;-0.1377 
78.11681549999776;-0.2237;0.0000;-0.2753 
78.18061250000028;-0.4474;0.0000;-0.1377 
78.22876709999764;-0.4474;0.0000;-0.1377 
78.27739749999819;-0.2237;0.0000;0.0000 
78.32491110000046;-0.4474;0.0000;-0.1377 
78.38860039999781;0.0000;0.0000;-0.2753 
78.4374207999972;-0.2237;0.0000;-0.2753 
78.48482519999743;0.0000;0.0000;-0.1377 
78.5327443999995;0.0000;0.0000;-0.1377 
78.58079839999846;-0.2237;0.0000;-0.1377 
78.62868179999714;0.0000;0.0000;-0.1377 
78.6933026000006;-0.2237;0.0000;-0.1377 
78.74069559999771;-0.2237;0.0000;0.0034 
78.78875509999853;-0.4474;0.0000;-0.2753 
78.83675980000044;-0.2237;0.0000;0.0034 
78.88491449999856;0.0000;0.0000;0.0000 
78.93273810000028;-0.2237;0.0000;0.0000 
78.99657549999756;0.0000;0.0000;-0.1377 
79.04490259999875;0.0000;0.0000;-0.1377 
79.0927116999992;-0.2237;0.0000;-0.1377 
79.14075939999748;-0.2237;0.0000;-0.1377 
79.18945879999956;0.0000;0.0000;0.0000 
79.23679379999885;-0.4474;0.0000;0.0000 
79.28482389999772;0.0000;0.0000;-0.1377 
79.3487260999973;-0.2237;0.0000;-0.1377 
79.39668170000004;-0.2237;0.0000;0.0034 
79.4454012999995;-0.8948;0.0000;0.1410 
79.49277269999948;0.2237;0.0000;-0.2753 
79.54102769999736;-0.2237;0.0000;0.0000 
79.60455539999748;-0.2237;0.0000;0.0034 
79.65266960000008;-0.2237;0.0000;-0.1377 
79.70049909999943;-0.2237;0.0000;0.0000 
79.74887979999767;-0.4474;0.0000;-0.1377 
79.79663559999972;0.0000;0.0000;-0.2753 
79.84483289999844;0.2237;0.0000;-0.1377 
79.90858259999732;-0.4474;0.0000;0.0000 
79.95728159999999;-0.2237;0.0000;-0.1377 
80.00493329999881;-0.4474;0.0000;-0.1377 
80.05271150000044;-0.2237;0.0000;0.0000 
80.10103379999782;0.0000;0.0000;-0.1377 
80.16472309999881;-0.2237;0.0000;-0.1343 
80.21250159999909;0.0000;0.0000;0.0000 
80.26065849999941;-0.4474;0.0000;-0.4130 
80.30908179999824;-0.2237;0.0000;0.0034 
80.35680320000029;-0.2237;0.0000;-0.2753 
80.40510419999919;-0.4474;0.0000;0.0000 
80.46865319999779;0.0000;0.0000;-0.1343 
80.51682620000065;0.0000;0.0000;-0.1377 
80.56490389999817;0.0000;0.0000;-0.1343 
80.61266930000056;-0.2237;0.0000;0.0034 
80.66059719999976;-0.2237;0.0000;0.0000 
80.70892049999748;-0.2237;0.0000;0.1410 
80.75704679999762;-0.4474;0.0000;0.0000 
80.82056589999775;-0.4474;0.0000;-0.1377 
80.8686639999978;-0.4474;0.0000;-0.1377 
80.91668349999964;-0.2237;0.0000;0.0000 
80.96474730000045;-0.2237;0.0000;-0.2753 
81.01309819999733;-0.2237;0.0000;-0.1343 
81.0765298999977;0.0000;0.0000;0.0034 
81.12478419999752;-0.6711;0.0000;-0.1377 
81.17283110000062;-0.4474;0.0000;-0.1377 
81.22082699999737;-0.2237;0.0000;-0.1377 
81.28455739999845;-0.2237;0.0000;-0.2753 
81.33274979999987;-0.2237;0.0000;-0.1377 
81.38055809999787;-0.2237;0.0000;0.0000 
81.42871770000056;-0.2237;0.0000;0.2753 
81.47697379999954;-0.2237;0.0000;0.1377 
81.52460339999743;-0.4474;0.0000;0.1410 
81.58846809999886;0.0000;0.0000;-0.1377 
81.6366132999974;-0.4474;0.0000;0.1377 
81.68494669999927;-0.4474;0.0000;-0.1377 
81.73384850000002;-0.2237;0.0000;0.0000 
81.78095100000064;-0.2237;0.0000;0.0000 
81.82881690000067;-0.4474;0.0000;0.0000 
81.89283879999857;-0.2237;0.0000;-0.1377 
81.94065179999961;-0.2237;0.0000;-0.1377 
81.98858619999737;0.0000;0.0000;0.0000 
82.03681009999855;-0.2237;0.0000;-0.1377 
82.08496369999921;0.0000;0.0000;-0.2753 
82.13302389999808;-0.6711;0.0000;0.0000 
82.19668479999746;-0.2237;0.0000;-0.1377 
82.24469739999768;-0.2237;0.0000;-0.1377 
82.29278989999875;-0.4474;0.0000;-0.1377 
82.34082569999737;-0.2237;0.0000;0.1377 
82.38919489999898;0.0000;0.0000;-0.1377 
82.45265889999791;-0.2237;0.0000;-0.2753 
82.50078229999781;-0.2237;0.0000;-0.1377 
82.54870759999903;-0.2237;0.0000;0.0000 
82.59731330000068;0.0000;0.0000;-0.1377 
82.64467929999955;-0.2237;0.0000;0.0000 
82.70856189999904;-0.2237;0.0000;-0.2753 
82.75674249999793;0.0000;0.0000;-0.1377 
82.80486369999926;-0.2237;0.0000;-0.1377 
82.85296259999814;-0.2237;0.0000;-0.2753 
82.91659660000005;-0.4474;0.0000;-0.1377 
82.9650576999993;0.4474;0.0000;0.1377 
83.01274700000067;-0.2237;0.0000;-0.1377 
83.06072750000021;0.0000;0.0000;-0.1377 
83.10891899999842;-0.2237;0.0000;-0.1377 
83.15679439999803;-0.6711;0.0000;0.1410 
83.2207355999999;-0.4474;0.0000;0.0000 
83.26886919999743;-0.2237;0.0000;-0.1377 
83.31672500000059;-0.2237;0.0000;-0.2753 
83.36475040000005;-0.2237;0.0000;0.0000 
83.41271969999798;-0.2237;0.0000;-0.4130 
83.47666290000052;-0.2237;0.0000;-0.1343 
83.52461179999955;-0.4474;0.0000;-0.2753 
83.57268739999927;-0.6711;0.0000;0.0000 
83.62081190000026;0.0000;0.0000;-0.1377 
83.68450069999744;-0.4474;0.0000;-0.2753 
83.73258929999793;0.0000;0.0000;-0.1377 
83.7808898000003;-0.2237;0.0000;0.1377 
83.82897589999993;-0.4474;0.0000;-0.1377 
83.87677789999725;0.0000;0.0000;-0.1377 
83.92502859999877;0.0000;0.0000;-0.2753 
83.98855869999898;-0.2237;0.0000;0.0000 
84.03654819999792;0.0000;0.0000;-0.2753 
84.08462139999756;-0.2237;0.0000;-0.1377 
84.1329487999974;-0.6711;0.0000;-0.1377 
84.18105139999898;-0.6711;0.0000;0.1410 
84.24447149999833;-0.2237;0.0000;-0.2753 
84.29255679999915;-0.2237;0.0000;0.0000 
84.34175219999815;0.0000;0.0000;0.0034 
84.38872429999901;-0.2237;0.0000;-0.4130 
84.43664200000057;-0.2237;0.0000;-0.1377 
84.50047899999845;0.0000;0.0000;-0.1343 
84.54884239999956;-0.2237;0.0000;-0.2753 
84.59869939999771;0.0000;0.0000;-0.1377 
84.64481999999771;0.0000;0.0000;-0.1377 
84.69268960000045;0.0000;0.0000;0.0000 
84.74059439999837;-0.2237;0.0000;-0.2753 
84.78874219999852;-0.4474;0.0000;0.2787 
84.83676639999976;-0.2237;0.0000;0.1377 
84.9005307999978;-0.4474;0.0000;-0.1343 
84.9485539999987;-0.2237;0.0000;-0.1377 
84.99675639999987;0.0000;0.0000;-0.1377 
85.04491430000053;-0.2237;0.0000;-0.2753 
85.10846879999735;0.0000;0.0000;0.0000 
85.15657569999894;0.0000;0.0000;-0.1377 
85.20466999999917;-0.2237;0.0000;-0.2753 
85.2526199999993;-0.2237;0.0000;0.0000 
85.30077589999928;-0.4474;0.0000;-0.1377 
85.34883229999832;-0.2237;0.0000;-0.2753 
85.41253239999787;-0.2237;0.0000;0.1410 
85.46151989999998;0.0000;0.0000;-0.2753 
85.50920819999737;0.2237;0.0000;0.2787 
85.55688499999815;-0.4474;0.0000;0.0000 
85.60469860000012;-0.2237;0.0000;0.0000 
85.65338509999856;-0.2237;0.0000;-0.4130 
85.70226289999846;-0.2237;0.0000;-0.1377 
85.76550029999999;-0.4474;0.0000;-0.2753 
85.81306409999888;0.0000;0.0000;-0.1377 
85.86130029999913;-0.4474;0.0000;0.1410 
85.90875669999878;-0.4474;0.0000;-0.1377 
85.95651779999753;0.0000;0.0000;0.0000 
86.00457710000046;-0.4474;0.0000;-0.1377 
86.0689108000006;-0.2237;0.0000;-0.1377 
86.11654419999832;-0.2237;0.0000;-0.1377 
86.16504399999758;-0.2237;0.0000;-0.1377 
86.21298369999931;-0.4474;0.0000;0.0000 
86.27715849999731;0.0000;0.0000;0.0000 
86.32467220000035;-0.2237;0.0000;-0.1377 
86.37260169999718;0.0000;0.0000;-0.1343 
86.42071769999893;-0.2237;0.0000;-0.2753 
86.46891329999926;-0.2237;0.0000;-0.2753 
86.5330928000003;-0.4474;0.0000;0.0034 
86.58056569999826;-0.4474;0.0000;0.0034 
86.6292515999994;-0.2237;0.0000;-0.2753 
86.67660599999726;-0.4474;0.0000;-0.2753 
86.72481229999903;0.0000;0.0000;-0.1377 
86.7887430999981;-0.4474;0.0000;-0.1377 
86.83658400000058;0.0000;0.0000;0.1377 
86.88467129999844;-0.6711;0.0000;0.0000 
86.93273670000053;-0.2237;0.0000;-0.2753 
86.98120729999937;-0.2237;0.0000;-0.2753 
87.04447219999929;-0.2237;0.0000;-0.2753 
87.09292359999745;-0.4474;0.0000;-0.1377 
87.14061980000042;-0.6711;0.0000;-0.2753 
87.18868129999828;-0.2237;0.0000;0.0034 
87.23663619999934;0.0000;0.0000;0.1377 
87.30056870000044;-0.4474;0.0000;-0.2753 
87.34857719999854;-0.2237;0.0000;-0.1377 
87.39653479999834;-0.2237;0.0000;0.0034 
87.44462339999882;0.6711;0.0000;0.0000 
87.49258030000055;-0.2237;0.0000;0.0000 
87.54066299999977;-0.2237;0.0000;-0.1377 
87.6045226999995;-0.2237;0.0000;-0.1377 
87.65253309999753;0.2237;0.0000;-0.1377 
87.70070269999997;0.2237;0.0000;-0.1377 
87.7486413000006;-0.2237;0.0000;0.2753 
87.79657079999743;0.0000;0.0000;-0.4130 
87.84461799999917;-0.4474;0.0000;-0.1377 
87.90855969999757;-0.2237;0.0000;0.0000 
87.9566507999989;-0.4474;0.0000;0.0034 
88.00466699999743;-0.4474;0.0000;-0.1377 
88.052843999998;-0.4474;0.0000;-0.2753 
88.11652789999789;-0.2237;0.0000;-0.1377 
88.16472179999982;-0.4474;0.0000;-0.1377 
88.2128675999993;0.2237;0.0000;0.1410 
88.2606581;-0.2237;0.0000;-0.1377 
88.30889799999932;0.0000;0.0000;-0.1377 
88.37276949999796;-0.2237;0.0000;-0.2753 
88.42064489999757;-0.4474;0.0000;0.1410 
88.46861229999922;0.2237;0.0000;-0.1377 
88.51675389999946;0.0000;0.0000;-0.1377 
88.5651517999977;-0.2237;0.0000;-0.1377 
88.61326890000055;-0.2237;0.0000;-0.2753 
88.67697699999917;0.0000;0.0000;-0.2753 
88.72500159999981;0.0000;0.0000;0.1410 
88.77264359999754;0.0000;0.0000;0.0034 
88.82100659999924;-0.4474;0.0000;0.0000 
88.86888049999834;-0.2237;0.0000;-0.1377 
88.91795649999767;-0.4474;0.0000;-0.1377 
88.98099459999867;-0.4474;0.0000;0.0000 
89.02911250000034;-0.2237;0.0000;-0.1377 
89.07719469999938;0.0000;0.0000;-0.1377 
89.12484839999888;-0.2237;0.0000;0.0034 
89.17277800000011;0.0000;0.0000;-0.1377 
89.22090359999856;0.2237;0.0000;-0.1377 
89.26869090000037;-0.2237;0.0000;0.0000 
89.33250079999925;-0.6711;0.0000;0.0000 
89.38060749999931;0.0000;0.0000;-0.2753 
89.4289362999989;-0.2237;0.0000;-0.1377 
89.47693760000038;-0.2237;0.0000;-0.1377 
89.54076929999792;-0.2237;0.0000;-0.1377 
89.58852939999997;-0.2237;0.0000;-0.1377 
89.63672229999793;-0.2237;0.0000;0.0034 
89.68460589999813;0.0000;0.0000;-0.1377 
89.73260329999903;0.0000;0.0000;0.0000 
89.78067989999909;-0.2237;0.0000;-0.1377 
89.84438059999957;-0.2237;0.0000;-0.1377 
89.89260469999863;-0.2237;0.0000;-0.1377 
89.94056699999783;-0.2237;0.0000;-0.1377 
89.98870899999747;-0.4474;0.0000;0.0000 
90.03759630000059;-0.2237;0.0000;0.0034 
90.1003748999974;0.2237;0.0000;0.0000 
90.14847919999738;-0.4474;0.0000;-0.1377 
90.19667109999864;-0.2237;0.0000;-0.2753 
90.24453409999842;-0.4474;0.0000;-0.2753 
90.3084209999979;-0.4474;0.0000;-0.1343 
90.35669739999867;-0.4474;0.0000;0.0000 
90.40461429999777;-0.2237;0.0000;-0.1377 
90.45278340000004;-0.6711;0.0000;-0.1377 
90.5010274999986;-0.2237;0.0000;-0.4130 
90.56449129999964;-0.2237;0.0000;0.1410 
90.61262150000039;0.0000;0.0000;-0.2753 
90.66059469999891;-0.4474;0.0000;-0.2753 
90.70893719999731;-0.6711;0.0000;0.0034 
90.75736010000037;-0.4474;0.0000;0.0000 
90.80493550000028;0.0000;0.0000;-0.1377 
90.86942099999942;0.0000;0.0000;-0.1377 
90.91730489999827;-0.2237;0.0000;-0.1377 
90.9645872000001;-0.2237;0.0000;-0.1377 
91.01275759999771;-0.6711;0.0000;-0.1377 
91.07684130000052;-0.2237;0.0000;-0.2753 
91.12446309999723;-0.4474;0.0000;-0.1377 
91.17263619999721;-0.6711;0.0000;-0.1377 
91.2207355999999;0.0000;0.0000;-0.4130 
91.28437069999927;-0.4474;0.0000;-0.1377 
91.33257679999952;-0.4474;0.0000;-0.5506 
91.38063789999796;-0.4474;0.0000;0.0034 
91.42867959999785;-0.4474;0.0000;0.0000 
91.47661359999984;0.0000;0.0000;0.1410 
91.52459520000048;-0.4474;0.0000;-0.1377 
91.58852839999963;0.0000;0.0000;-0.1377 
91.63668939999843;-0.4474;0.0000;0.1410 
91.68447109999761;-0.2237;0.0000;-0.4130 
91.7326123999992;-0.2237;0.0000;0.0034 
91.78076800000053;-0.4474;0.0000;-0.1377 
91.84468220000053;-0.6711;0.0000;-0.1377 
91.89274099999966;0.0000;0.0000;-0.1377 
91.94066849999945;-0.4474;0.0000;0.0000 
91.98865110000042;-0.2237;0.0000;-0.2753 
92.03677590000007;0.2237;0.0000;-0.4130 
92.10053699999844;-0.2237;0.0000;0.0000 
92.14877879999767;-0.4474;0.0000;-0.1343 
92.19681990000026;-0.2237;0.0000;-0.1377 
92.2446729000003;0.0000;0.0000;-0.1377 
92.29295920000004;-0.2237;0.0000;0.1377 
92.35644189999948;0.0000;0.0000;-0.1377 
92.40475689999948;-0.4474;0.0000;0.0000 
92.45260199999757;-0.2237;0.0000;-0.1377 
92.50065879999966;-0.4474;0.0000;0.0000 
92.54935370000021;-0.2237;0.0000;-0.1377 
92.59691979999843;-0.2237;0.0000;-0.1377 
92.66055509999933;-0.2237;0.0000;-0.2753 
92.70901329999833;-0.2237;0.0000;-0.2753 
92.75682419999794;0.0000;0.0000;0.0034 
92.805499099999;-0.2237;0.0000;-0.2753 
92.85278610000023;-0.2237;0.0000;0.0000 
92.91687989999991;-0.2237;0.0000;-0.5506 
92.96532309999748;-0.2237;0.0000;0.1410 
93.01264209999863;0.0000;0.0000;-0.1377 
93.06058180000036;-0.4474;0.0000;0.0034 
93.10896270000012;0.0000;0.0000;0.0034 
93.15662569999768;-0.4474;0.0000;0.0000 
93.22059069999887;-0.2237;0.0000;-0.2753 
93.26867329999732;0.0000;0.0000;-0.1377 
93.31660249999914;-0.2237;0.0000;0.0000 
93.36491100000057;-0.2237;0.0000;-0.1377 
93.41292160000012;-0.2237;0.0000;-0.1377 
93.47637199999735;0.0000;0.0000;-0.2753 
93.52443270000003;0.0000;0.0000;-0.1377 
93.57264759999816;-0.2237;0.0000;-0.1377 
93.62053879999803;-0.2237;0.0000;0.1377 
93.66857159999927;0.0000;0.0000;-0.1377 
93.71676799999841;0.0000;0.0000;-0.2753 
93.76493759999721;-0.2237;0.0000;-0.1377 
93.8284120999997;0.0000;0.0000;0.0000 
93.87652809999781;-0.2237;0.0000;0.0000 
93.92461360000016;-0.2237;0.0000;-0.1377 
93.9727361999976;-0.2237;0.0000;-0.1377 
94.02060250000068;-0.2237;0.0000;-0.4096 
94.08449649999966;-0.2237;0.0000;-0.1377 
94.1327547999972;-0.2237;0.0000;0.1377 
94.18060379999952;-0.6711;0.0000;-0.1377 
94.22854929999812;-0.2237;0.0000;-0.2753 
94.27683310000066;-0.2237;0.0000;0.0000 
94.34042219999901;-0.2237;0.0000;-0.2753 
94.38871169999766;0.0000;0.0000;-0.2753 
94.43652219999785;-0.2237;0.0000;-0.1377 
94.48510449999958;-0.2237;0.0000;-0.4130 
94.5484976000007;-0.2237;0.0000;0.0000 
94.59650169999804;-0.2237;0.0000;0.0034 
94.64470479999727;-0.2237;0.0000;-0.2753 
94.69268109999757;-0.2237;0.0000;-0.1377 
94.7406596999972;-0.6711;0.0000;-0.1377 
94.80465009999898;-0.2237;0.0000;0.1377 
94.85259239999868;-0.2237;0.0000;-0.1377 
94.9016692999976;-0.2237;0.0000;-0.4130 
94.94890259999738;-0.2237;0.0000;0.0000 
94.99665049999749;-0.2237;0.0000;-0.1377 
95.0605149999974;-0.2237;0.0000;-0.1377 
95.10888250000062;-0.2237;0.0000;-0.1343 
95.15649180000037;-0.4474;0.0000;-0.2753 
95.20468339999934;-0.2237;0.0000;-0.1377 
95.26877260000037;0.0000;0.0000;0.0034 
95.31713699999818;-0.6711;0.0000;0.0034 
95.36449249999714;-0.2237;0.0000;-0.4130 
95.41282719999799;-0.4474;0.0000;0.0000 
95.46077769999829;-0.4474;0.0000;-0.2753 
95.52502589999858;-0.4474;0.0000;-0.1377 
95.5734386999975;-0.4474;0.0000;-0.1343 
95.62054669999998;-0.2237;0.0000;-0.1377 
95.66880609999862;-0.2237;0.0000;-0.5506 
95.73257629999716;-0.2237;0.0000;-0.2753 
95.780720499999;-0.2237;0.0000;-0.1377 
95.82959209999899;-0.2237;0.0000;-0.1377 
95.87683509999988;-0.4474;0.0000;-0.2753 
95.94108399999823;-0.2237;0.0000;-0.1377 
95.98860710000008;-0.4474;0.0000;-0.1377 
96.03668990000006;-0.4474;0.0000;0.2753 
96.08481629999733;0.2237;0.0000;-0.2753 
96.13260529999752;-0.2237;0.0000;-0.4130 
96.19659179999871;-0.4474;0.0000;-0.2753 
96.24471509999785;-0.2237;0.0000;-0.2753 
96.29267880000043;-0.2237;0.0000;0.0000 
96.34075639999719;-0.2237;0.0000;0.0000 
96.38861719999841;-0.2237;0.0000;-0.1343 
96.45270840000012;-0.2237;0.0000;-0.1377 
96.50055249999787;0.0000;0.0000;-0.1377 
96.54881729999761;-0.2237;0.0000;-0.1377 
96.59758560000046;-0.2237;0.0000;-0.2753 
96.6604898000005;-0.4474;0.0000;0.0000 
96.70863049999753;-0.4474;0.0000;0.1410 
96.75670609999725;0.0000;0.0000;-0.4130 
96.80488920000062;-0.4474;0.0000;-0.4130 
96.85325379999995;-0.2237;0.0000;-0.1377 
96.91665339999963;0.0000;0.0000;-0.1377 
96.96452449999924;-0.2237;0.0000;0.0000 
97.01320610000039;-0.4474;0.0000;-0.1377 
97.06071499999962;-0.4474;0.0000;-0.1343 
97.10902569999962;-0.2237;0.0000;-0.2753 
97.17269209999722;-0.2237;0.0000;-0.1377 
97.2205329999997;0.0000;0.0000;0.0000 
97.26866700000028;-0.4474;0.0000;-0.2753 
97.3167297;0.2237;0.0000;-0.1377 
97.36496989999796;0.0000;0.0000;-0.1377 
97.4126174999983;-0.2237;0.0000;0.0034 
97.47649509999974;-0.2237;0.0000;-0.1377 
97.52462100000048;-0.4474;0.0000;-0.1377 
97.57325529999798;-0.4474;0.0000;-0.2753 
97.62077409999984;-0.4474;0.0000;-0.1377 
97.68455109999923;-0.2237;0.0000;-0.2753 
97.73255209999843;-0.2237;0.0000;-0.2753 
97.7806457000006;0.0000;0.0000;0.0000 
97.82883679999941;-0.2237;0.0000;-0.2753 
97.87685819999751;0.0000;0.0000;0.0000 
97.94057859999884;-0.2237;0.0000;-0.1377 
97.98861029999898;0.0000;0.0000;-0.2753 
98.03668349999862;0.0000;0.0000;-0.1377 
98.08457559999806;-0.2237;0.0000;0.0034 
98.13350299999729;-0.2237;0.0000;-0.1377 
98.19687580000027;-0.4474;0.0000;-0.2753 
98.24502159999975;-0.6711;0.0000;0.0000 
98.29325790000075;-0.2237;0.0000;0.0000 
98.34063809999861;-0.2237;0.0000;0.1410 
98.38876919999893;-0.2237;0.0000;-0.1377 
98.43673639999906;-0.2237;0.0000;0.0000 
98.50199229999998;-0.2237;0.0000;-0.1343 
98.54853609999918;0.0000;0.0000;-0.1377 
98.59688719999758;-0.2237;0.0000;0.0034 
98.64473459999863;0.0000;0.0000;0.0034 
98.6927367999997;-0.2237;0.0000;-0.1377 
98.75640919999933;-0.4474;0.0000;-0.1377 
98.80455909999728;-0.2237;0.0000;-0.2753 
98.85357409999779;-0.2237;0.0000;0.0000 
98.90076749999935;-0.2237;0.0000;-0.2753 
98.94884459999957;-0.2237;0.0000;-0.2753 
99.01278309999907;-0.2237;0.0000;-0.1377 
99.0606071000002;-0.2237;0.0000;-0.2753 
99.10911029999988;-0.2237;0.0000;-0.1377 
99.17251199999737;-0.2237;0.0000;-0.2753 
99.2210183999996;-0.4474;0.0000;-0.1377 
99.26863329999833;0.0000;0.0000;0.0000 
99.3166816999983;-0.2237;0.0000;0.0000 
99.36467709999852;-0.2237;0.0000;0.0034 
99.4127606999973;0.0000;0.0000;0.0000 
99.46067509999921;-0.4474;0.0000;-0.1377 
99.52451129999827;0.0000;0.0000;-0.1377 
99.5725242999979;-0.2237;0.0000;-0.4130 
99.62075639999966;-0.2237;0.0000;-0.1377 
99.66878709999946;-0.4474;0.0000;0.0034 
99.71690829999716;-0.2237;0.0000;-0.1377 
99.78048130000025;-0.2237;0.0000;-0.1343 
99.82897999999841;-0.4474;0.0000;-0.1377 
99.87662959999943;-0.2237;0.0000;-0.1343 
99.9246381999983;0.0000;0.0000;-0.1377 
99.98859470000025;-0.4474;0.0000;-0.2753 
100.03664220000064;-0.4474;0.0000;-0.2753 
100.08487160000004;0.0000;0.0000;-0.2753 
100.1326369999988;-0.4474;0.0000;0.0000 
100.18069019999893;0.2237;0.0000;-0.1377 
100.22887869999977;-0.2237;0.0000;0.1410 
100.29294289999962;-0.4474;0.0000;-0.1343 
100.3407535999977;0.0000;0.0000;-0.1377 
100.38862899999731;-0.2237;0.0000;0.1377 
100.4368805999984;-0.2237;0.0000;-0.1377 
100.48460879999766;-0.4474;0.0000;0.0000 
100.5485211999985;-0.2237;0.0000;-0.2753 
100.59662910000043;-0.4474;0.0000;-0.4130 
100.64470049999727;0.0000;0.0000;0.0000 
100.69261840000036;0.0000;0.0000;0.0000 
100.74068669999906;0.0000;0.0000;-0.2753 
100.7888853000004;-0.2237;0.0000;-0.1377 
100.85336029999962;-0.2237;0.0000;-0.2753 
100.90060399999857;-0.4474;0.0000;-0.1377 
100.94923070000004;-0.2237;0.0000;0.0000 
100.99654919999739;-0.6711;0.0000;0.0000 
101.04479960000026;-0.4474;0.0000;0.0000 
101.0928122999976;-0.2237;0.0000;0.0034 
101.15660399999979;-0.4474;0.0000;-0.1343 
101.20463039999959;0.2237;0.0000;-0.1377 
101.2526930999993;0.0000;0.0000;0.0000 
101.30057209999723;-0.2237;0.0000;-0.1377 
101.3494733999978;-0.8948;0.0000;-0.2753 
101.4123655000003;-0.4474;0.0000;-0.1377 
101.46056490000046;0.0000;0.0000;0.0034 
101.50861140000052;-0.6711;0.0000;-0.1377 
101.55679249999957;-0.2237;0.0000;-0.2753 
101.60632339999938;-0.6711;0.0000;-0.1377 
101.66953369999828;-0.2237;0.0000;0.0000 
101.7167558000001;-0.4474;0.0000;-0.1377 
101.76466059999802;-0.4474;0.0000;-0.1377 
101.81259759999739;-0.4474;0.0000;0.0000 
101.86136169999736;-0.2237;0.0000;0.1410 
101.92442999999912;0.2237;0.0000;-0.1377 
101.97243439999875;0.0000;0.0000;0.0000 
102.02055739999923;-0.2237;0.0000;-0.1377 
102.06856759999937;0.0000;0.0000;0.0000 
102.11648169999899;-0.2237;0.0000;0.0000 
102.16459910000049;-0.2237;0.0000;-0.1377 
102.21349209999971;-0.2237;0.0000;0.0000 
102.27647019999858;0.0000;0.0000;-0.1377 
102.32443679999778;0.0000;0.0000;0.0000 
102.37260319999768;-0.2237;0.0000;-0.1377 
102.42061739999917;-0.4474;0.0000;0.1377 
102.4686335999977;-0.2237;0.0000;0.0000 
102.51670969999759;-0.2237;0.0000;-0.1377 
102.58042980000027;-0.4474;0.0000;-0.1377 
102.62847319999855;-0.4474;0.0000;-0.1377 
102.67654489999768;-0.2237;0.0000;-0.4130 
102.72473750000063;0.0000;0.0000;-0.1377 
102.77301819999775;-0.4474;0.0000;0.0000 
102.83643479999955;-0.4474;0.0000;-0.2753 
102.88461339999776;0.0000;0.0000;0.0034 
102.93293739999717;-0.2237;0.0000;0.1410 
102.98086340000009;-0.2237;0.0000;-0.1377 
103.02890529999786;-0.2237;0.0000;-0.1377 
103.09257579999758;0.0000;0.0000;-0.1377 
103.14052810000067;-0.6711;0.0000;0.1410 
103.18876639999871;0.0000;0.0000;-0.1377 
103.23664359999748;-0.2237;0.0000;0.0034 
103.28497459999926;-0.2237;0.0000;-0.2753 
103.33283529999972;-0.2237;0.0000;0.0000 
103.39646299999731;-0.4474;0.0000;0.1410 
103.44467339999755;-0.2237;0.0000;-0.1377 
103.49275299999863;-0.2237;0.0000;-0.1377 
103.54055499999959;-0.4474;0.0000;-0.1377 
103.60449709999739;0.0000;0.0000;-0.1377 
103.65271459999713;-0.4474;0.0000;0.1410 
103.70058789999894;-0.2237;0.0000;-0.1377 
103.74868129999959;-0.2237;0.0000;-0.1377 
103.79698970000027;-0.2237;0.0000;-0.1377 
103.86061589999736;0.0000;0.0000;-0.1377 
103.90851209999892;-0.4474;0.0000;-0.2753 
103.9565634999999;0.0000;0.0000;0.0000 
104.00466729999971;-0.6711;0.0000;0.1410 
104.05261429999882;-0.4474;0.0000;0.0000 
104.10073059999922;-0.6711;0.0000;-0.2753 
104.16456259999904;0.0000;0.0000;-0.1377 
104.21251549999943;0.0000;0.0000;-0.1377 
104.26051509999888;-0.4474;0.0000;-0.1377 
104.30854689999978;-0.2237;0.0000;-0.2753 
104.35703020000074;-0.2237;0.0000;-0.1377 
104.42052509999849;-0.4474;0.0000;-0.1377 
104.46873819999746;0.0000;0.0000;-0.2753 
104.51677779999955;-0.6711;0.0000;0.0000 
104.56476539999858;-0.4474;0.0000;-0.4130 
104.61272950000057;-0.4474;0.0000;0.0000 
104.6765419000003;0.2237;0.0000;-0.1377 
104.72456249999959;-0.4474;0.0000;0.0034 
104.77268919999915;-0.2237;0.0000;0.0000 
104.82067079999979;-0.4474;0.0000;0.1410 
104.86856239999906;-0.2237;0.0000;0.0000 
104.91704499999832;-0.4474;0.0000;-0.1343 
104.98053129999971;-0.2237;0.0000;0.0034 
105.02858379999816;-0.2237;0.0000;-0.1377 
105.07689860000028;-0.2237;0.0000;-0.1377 
105.12473999999929;-0.6711;0.0000;-0.2753 
105.17266889999883;-0.4474;0.0000;0.0000 
105.23655019999933;-0.4474;0.0000;-0.1377 
105.28471379999974;0.0000;0.0000;0.0000 
105.3325948999991;-0.2237;0.0000;-0.2753 
105.38148899999942;0.0000;0.0000;0.1410 
105.4287347999998;0.0000;0.0000;-0.4130 
105.47690909999801;0.0000;0.0000;-0.1377 
105.54043989999991;-0.2237;0.0000;-0.1377 
105.58863729999939;-0.2237;0.0000;0.1410 
105.63698999999906;-0.2237;0.0000;-0.4130 
105.68458679999821;-0.2237;0.0000;-0.1377 
105.73264719999861;0.0000;0.0000;-0.1377 
105.79652079999869;0.0000;0.0000;-0.1343 
105.84463229999892;0.0000;0.0000;-0.1377 
105.8925922999988;0.0000;0.0000;-0.1377 
105.94065099999716;-0.2237;0.0000;-0.1377 
105.98871359999976;-0.4474;0.0000;-0.2753 
106.03701000000001;0.0000;0.0000;-0.1377 
106.10045320000063;-0.2237;0.0000;-0.1377 
106.14862079999875;-0.4474;0.0000;0.0000 
106.19672259999788;-0.2237;0.0000;0.0000 
106.24473070000022;-0.2237;0.0000;0.0000 
106.29275869999765;-0.4474;0.0000;-0.2753 
106.35650009999881;-0.2237;0.0000;0.0034 
106.40462329999718;-0.2237;0.0000;-0.1377 
106.45263509999859;0.0000;0.0000;-0.1377 
106.50125649999973;-0.4474;0.0000;0.0034 
106.54881879999812;0.0000;0.0000;-0.1377 
106.61243489999833;-0.2237;0.0000;-0.1377 
106.66043290000016;-0.4474;0.0000;-0.2753 
106.70925580000039;0.0000;0.0000;-0.1377 
106.75672819999818;-0.2237;0.0000;-0.1377 
106.80472689999806;-0.2237;0.0000;0.0000 
106.85275569999794;-0.2237;0.0000;0.1410 
106.91647809999995;-0.2237;0.0000;-0.1377 
106.96447009999974;-0.2237;0.0000;-0.4130 
107.01253729999735;-0.2237;0.0000;-0.2753 
107.06098049999855;-0.2237;0.0000;-0.1343 
107.12469529999726;-0.4474;0.0000;-0.2753 
107.17244559999745;0.0000;0.0000;-0.1377 
107.22053589999996;-0.2237;0.0000;0.0034 
107.26866439999867;-0.4474;0.0000;-0.1377 
107.31669619999957;-0.2237;0.0000;0.1377 
107.38033619999987;-0.2237;0.0000;0.0000 
107.42859619999945;-0.4474;0.0000;0.0000 
107.47666169999866;-0.2237;0.0000;-0.1377 
107.52467889999753;0.0000;0.0000;0.0000 
107.5732575999973;-0.4474;0.0000;-0.1377 
107.6209366999974;-0.2237;0.0000;-0.2753 
107.68444149999777;0.0000;0.0000;-0.1377 
107.73261429999911;0.0000;0.0000;-0.1377 
107.78059650000068;-0.2237;0.0000;-0.2753 
107.82869829999981;-0.2237;0.0000;0.2787 
107.8769042999993;-0.4474;0.0000;0.0034 
107.94055540000045;-0.2237;0.0000;-0.2753 
107.98859159999847;0.0000;0.0000;-0.2753 
108.03668289999769;-0.4474;0.0000;-0.1377 
108.08484519999911;-0.2237;0.0000;-0.1377 
108.1327676999972;0.0000;0.0000;0.1377 
108.18070380000063;0.0000;0.0000;0.0034 
108.24476249999861;-0.4474;0.0000;-0.2753 
108.29265369999848;-0.4474;0.0000;-0.2753 
108.34065209999972;-0.2237;0.0000;-0.1343 
108.38873079999757;0.0000;0.0000;-0.2753 
108.45242239999789;-0.2237;0.0000;-0.1377 
108.50046189999921;-0.2237;0.0000;0.0034 
108.54851609999969;0.0000;0.0000;-0.1377 
108.59680699999808;-0.2237;0.0000;-0.1377 
108.64477649999753;-0.2237;0.0000;-0.1377 
108.69284399999742;-0.4474;0.0000;0.0000 
108.75661919999766;-0.2237;0.0000;-0.2753 
108.80461680000008;0.0000;0.0000;0.1410 
108.8531613999985;-0.2237;0.0000;-0.1377 
108.90063949999967;-0.2237;0.0000;-0.1343 
108.96441969999796;-0.6711;0.0000;-0.1377 
109.01257179999811;-0.2237;0.0000;0.0034 
109.06049489999714;0.0000;0.0000;-0.1377 
109.10864659999788;-0.2237;0.0000;-0.1377 
109.15739290000056;0.0000;0.0000;-0.1377 
109.20483799999784;-0.4474;0.0000;0.1410 
109.26857029999883;-0.4474;0.0000;-0.1377 
109.3164883999998;0.2237;0.0000;-0.2753 
109.3645835999996;-0.2237;0.0000;-0.1377 
109.41271929999857;-0.2237;0.0000;-0.1377 
109.4764952000005;-0.2237;0.0000;0.0034 
109.5244466999975;-0.2237;0.0000;0.0034 
109.57298769999761;-0.2237;0.0000;-0.1377 
109.6212846999988;-0.4474;0.0000;-0.2753 
109.66948209999828;-0.2237;0.0000;0.0000 
109.73253839999961;-0.2237;0.0000;-0.1377 
109.7805148999978;0.0000;0.0000;0.0034 
109.8285735999998;-0.2237;0.0000;0.1410 
109.8769719999982;-0.4474;0.0000;-0.1377 
109.92480649999925;-0.2237;0.0000;-0.1377 
109.98856909999813;-0.4474;0.0000;-0.1377 
110.0365856999997;-0.2237;0.0000;0.0000 
110.08451179999975;-0.4474;0.0000;-0.1377 
110.13272549999965;-0.4474;0.0000;0.0034 
110.18082839999988;-0.2237;0.0000;0.0000 
110.24461399999927;-0.4474;0.0000;-0.2753 
110.29264719999992;-0.2237;0.0000;0.4163 
110.34063049999895;-0.2237;0.0000;-0.1377 
110.39047120000032;-0.4474;0.0000;-0.4130 
110.45249909999984;-0.4474;0.0000;-0.1343 
110.50051209999947;0.0000;0.0000;-0.1377 
110.54873450000014;0.0000;0.0000;-0.4130 
110.59686489999876;-0.2237;0.0000;-0.1377 
110.64502569999968;-0.2237;0.0000;0.0034 
110.70850620000056;0.4474;0.0000;-0.2753 
110.75670750000063;-0.2237;0.0000;-0.1377 
110.8045964999983;-0.2237;0.0000;-0.1377 
110.85269409999819;-0.4474;0.0000;-0.2753 
110.90060449999874;0.0000;0.0000;0.0000 
110.96457939999891;0.0000;0.0000;-0.2753 
111.01284909999958;0.0000;0.0000;-0.4130 
111.06061919999775;-0.2237;0.0000;0.0000 
111.10865550000017;-0.2237;0.0000;-0.2753 
111.15718999999808;-0.2237;0.0000;0.0000 
111.20485940000071;-0.2237;0.0000;-0.1377 
111.25275619999957;0.0000;0.0000;0.0000 
111.30080069999894;-0.4474;0.0000;0.0000 
111.36462799999936;-0.4474;0.0000;-0.1377 
111.41312289999769;-0.4474;0.0000;-0.4130 
111.46073310000065;-0.2237;0.0000;-0.2719 
111.50867490000019;0.0000;0.0000;0.0000 
111.55706929999724;-0.2237;0.0000;0.0000 
111.6203992999981;-0.4474;0.0000;0.0034 
111.66888489999837;0.0000;0.0000;-0.2753 
111.71685140000045;-0.2237;0.0000;-0.1377 
111.76495579999755;0.0000;0.0000;-0.2753 
111.81279689999792;-0.2237;0.0000;-0.4130 
111.87646549999772;-0.2237;0.0000;0.0000 
111.9245407999988;-0.2237;0.0000;0.0000 
111.97273309999946;-0.2237;0.0000;-0.1377 
112.0205950999989;-0.2237;0.0000;-0.1377 
112.06876369999736;-0.4474;0.0000;0.0000 
112.13251609999861;-0.4474;0.0000;-0.2753 
112.18047669999942;-0.2237;0.0000;-0.2753 
112.2285367000004;-0.4474;0.0000;-0.1377 
112.27704230000018;-0.4474;0.0000;0.0000 
112.32482270000037;-0.6711;0.0000;0.0000 
112.38846189999822;-0.4474;0.0000;-0.1377 
112.43646369999988;0.2237;0.0000;0.4130 
112.48456449999867;0.0000;0.0000;-0.1377 
112.53266389999771;-0.2237;0.0000;0.0000 
112.58046090000062;-0.2237;0.0000;-0.2719 
112.62906689999727;0.0000;0.0000;0.0000 
112.67688469999848;0.0000;0.0000;0.0034 
112.74037079999835;-0.2237;0.0000;-0.1377 
112.78849260000061;-0.2237;0.0000;0.0000 
112.83664040000076;-0.2237;0.0000;-0.2753 
112.88473560000057;-0.2237;0.0000;-0.1343 
112.93318619999991;-0.4474;0.0000;-0.1377 
112.99657499999739;-0.2237;0.0000;-0.1377 
113.04463209999813;0.0000;0.0000;-0.2753 
113.09285049999744;-0.2237;0.0000;-0.2753 
113.14078019999943;0.0000;0.0000;-0.2753 
113.18977719999748;0.2237;0.0000;0.0000 
113.25243649999902;-0.2237;0.0000;-0.1377 
113.3004641999978;-0.4474;0.0000;-0.4130 
113.34858410000015;-0.2237;0.0000;0.0000 
113.39680509999744;-0.4474;0.0000;-0.1377 
113.44469409999874;0.0000;0.0000;0.0000 
113.49271170000065;0.0000;0.0000;-0.1377 
113.55672149999737;-0.4474;0.0000;-0.1377 
113.60461469999791;-0.2237;0.0000;-0.4130 
113.65263190000042;0.0000;0.0000;-0.1343 
113.70048440000028;-0.4474;0.0000;-0.1377 
113.74858879999738;-0.2237;0.0000;0.0000 
113.81275239999741;-0.2237;0.0000;-0.1377 
113.86079029999746;0.0000;0.0000;-0.2753 
113.90869269999894;-0.2237;0.0000;-0.1343 
113.95683389999976;-0.4474;0.0000;0.0000 
114.00472589999845;0.0000;0.0000;0.0034 
114.05276319999757;-0.2237;0.0000;-0.1377 
114.11715969999932;0.0000;0.0000;0.0000 
114.16446799999903;-0.2237;0.0000;0.0000 
114.212516399999;0.0000;0.0000;0.0034 
114.26061149999805;0.0000;0.0000;-0.1377 
114.30870149999828;0.0000;0.0000;0.0000 
114.35666700000002;-0.8948;0.0000;-0.1377 
114.40476569999737;-0.4474;0.0000;-0.2753 
114.46848049999971;-0.4474;0.0000;0.0000 
114.51653420000002;0.0000;0.0000;0.0000 
114.56508829999802;-0.4474;0.0000;-0.1343 
114.6126239999976;-0.2237;0.0000;0.0000 
114.66064310000002;-0.2237;0.0000;-0.1377 
114.70867989999897;0.2237;0.0000;0.0000 
114.75677179999911;-0.2237;0.0000;-0.2753 
114.82052289999774;-0.4474;0.0000;-0.1377 
114.86862859999746;-0.4474;0.0000;-0.2753 
114.91662429999997;-0.2237;0.0000;-0.1377 
114.96477260000029;0.2237;0.0000;-0.2753 
115.01273759999822;0.0000;0.0000;0.0000 
115.07658389999779;-0.4474;0.0000;-0.1377 
115.12468509999962;-0.6711;0.0000;-0.1343 
115.17324999999983;0.0000;0.0000;-0.1377 
115.22050590000072;-0.2237;0.0000;0.0000 
115.2686689000002;0.0000;0.0000;-0.4130 
115.33257869999943;-0.2237;0.0000;-0.1377 
115.38051649999761;-0.4474;0.0000;-0.1377 
115.42861819999962;-0.2237;0.0000;0.0000 
115.47661139999764;0.0000;0.0000;-0.1377 
115.52457619999768;0.0000;0.0000;0.0000 
115.57291020000048;-0.2237;0.0000;-0.1377 
115.63642809999874;0.0000;0.0000;-0.1343 
115.6851917999993;-0.2237;0.0000;0.0000 
115.73252560000037;-0.6711;0.0000;0.0000 
115.7805578999978;-0.2237;0.0000;0.0000 
115.8286010999982;-0.2237;0.0000;-0.1377 
115.87685579999743;-0.2237;0.0000;0.0000 
115.94096239999999;-0.2237;0.0000;-0.1377 
115.98857759999737;-0.6711;0.0000;-0.1343 
116.03649329999826;-0.2237;0.0000;0.0000 
116.08466249999765;-0.4474;0.0000;0.0000 
116.13292369999908;-0.2237;0.0000;0.0000 
116.18067069999961;-0.4474;0.0000;-0.1377 
116.24473579999903;-0.2237;0.0000;-0.1377 
116.29298189999827;-0.2237;0.0000;-0.1377 
116.34080759999779;-0.2237;0.0000;-0.2753 
116.40486629999941;-0.4474;0.0000;-0.2753 
116.45317729999806;0.0000;0.0000;-0.1377 
116.50044229999912;-0.4474;0.0000;-0.2753 
116.54866779999793;-0.2237;0.0000;-0.1377 
116.59678480000002;-0.2237;0.0000;-0.2753 
116.66063159999976;-0.4474;0.0000;-0.1377 
116.70847399999911;-0.2237;0.0000;0.0000 
116.75662319999901;-0.4474;0.0000;0.0000 
116.80503060000046;-0.4474;0.0000;0.1377 
116.85300020000068;-0.4474;0.0000;-0.1377 
116.90075449999858;0.0000;0.0000;-0.4130 
116.96445549999771;-0.2237;0.0000;0.2787 
117.01283569999941;-0.4474;0.0000;-0.1377 
117.0606388999986;-0.4474;0.0000;-0.1377 
117.10851799999728;-0.2237;0.0000;-0.2753 
117.1724506999999;-0.4474;0.0000;-0.1377 
117.22051609999835;-0.2237;0.0000;0.1377 
117.26858209999773;-0.4474;0.0000;-0.1377 
117.31675629999881;-0.6711;0.0000;0.0000 
117.3649669999977;0.0000;0.0000;-0.1377 
117.42852779999885;-0.2237;0.0000;-0.2753 
117.47654920000059;-0.4474;0.0000;-0.1343 
117.52463209999769;0.0000;0.0000;-0.1343 
117.57271679999758;0.0000;0.0000;-0.1377 
117.62068910000016;-0.2237;0.0000;-0.2753 
117.68442789999972;-0.2237;0.0000;0.1410 
117.73237840000002;0.0000;0.0000;-0.1377 
117.78054440000051;-0.4474;0.0000;0.0000 
117.82856600000014;-0.4474;0.0000;0.0000 
117.87660279999909;-0.6711;0.0000;-0.4130 
117.92477009999857;-0.2237;0.0000;0.0034 
117.98847229999956;-0.2237;0.0000;-0.1377 
118.03655529999742;-0.4474;0.0000;-0.2753 
118.08477379999749;0.0000;0.0000;0.0034 
118.13263979999829;-0.2237;0.0000;-0.1377 
118.19642249999742;-0.2237;0.0000;-0.2753 
118.24471119999725;0.0000;0.0000;-0.1377 
118.29328859999805;-0.2237;0.0000;0.0000 
118.34052080000038;-0.4474;0.0000;-0.1343 
118.38849049999772;-0.4474;0.0000;-0.4130 
118.45343990000038;-0.2237;0.0000;-0.2753 
118.50061959999948;-0.6711;0.0000;-0.2753 
118.54885909999939;-0.2237;0.0000;0.0034 
118.5970527999998;-0.6711;0.0000;0.0000 
118.6447162000004;-0.2237;0.0000;-0.2753 
118.708929299999;-0.6711;0.0000;0.0000 
118.77694899999915;0.4474;0.0000;0.0034 
118.80461659999855;-0.6711;0.0000;-0.1377 
118.85251549999884;-0.2237;0.0000;-0.1377 
118.90063219999865;-0.2237;0.0000;-0.4130 
118.96447559999797;0.0000;0.0000;-0.1343 
119.01262940000015;-0.4474;0.0000;0.0034 
119.06046339999739;-0.4474;0.0000;-0.4130 
119.10850149999897;-0.2237;0.0000;0.0034 
119.17238999999972;-0.2237;0.0000;-0.1377 
119.22063609999896;-0.2237;0.0000;0.0000 
119.26877769999919;0.0000;0.0000;-0.1343 
119.3164887999992;-0.2237;0.0000;-0.1377 
119.36465309999767;-0.2237;0.0000;-0.1377 
119.42854839999927;0.0000;0.0000;-0.2753 
119.47667029999866;-0.2237;0.0000;0.0000 
119.52464609999879;-0.4474;0.0000;0.0034 
119.57294289999845;-0.6711;0.0000;-0.1377 
119.6205721999977;-0.2237;0.0000;-0.1377 
119.6844792999982;-0.2237;0.0000;-0.1377 
119.73244639999757;-0.4474;0.0000;-0.1377 
119.78050439999788;-0.4474;0.0000;-0.2753 
119.82872510000016;-0.2237;0.0000;0.1410 
119.89247869999963;-0.4474;0.0000;-0.1377 
119.94038989999899;0.0000;0.0000;0.0000 
119.98892449999767;-0.2237;0.0000;0.0000 
120.0365712999992;-0.2237;0.0000;-0.1377 
120.08490789999996;-0.2237;0.0000;0.0000 
120.13250949999929;-0.4474;0.0000;-0.2753 
120.19641169999886;-0.2237;0.0000;0.0034 
120.24455029999808;0.2237;0.0000;-0.1343 
120.29257180000059;-0.2237;0.0000;-0.1377 
120.34080750000066;-0.4474;0.0000;0.1410 
120.3887595999986;-0.2237;0.0000;-0.2719 
120.45322859999942;0.0000;0.0000;-0.2753 
120.50055969999812;-0.2237;0.0000;-0.1377 
120.54852179999943;-0.2237;0.0000;-0.1377 
120.59651830000075;-0.2237;0.0000;-0.1377 
120.6603744999993;0.0000;0.0000;-0.1377 
120.70921129999988;-0.6711;0.0000;-0.1377 
120.7565969999996;-0.2237;0.0000;-0.1377 
120.80466249999881;-0.6711;0.0000;-0.1377 
120.8683517999998;-0.2237;0.0000;-0.1377 
120.91640600000028;0.0000;0.0000;-0.2753 
120.96524990000034;0.0000;0.0000;0.0000 
121.01244139999835;-0.2237;0.0000;0.1377 
121.06066099999953;0.0000;0.0000;0.0000 
121.10858069999813;0.0000;0.0000;-0.4130 
121.1564741000002;-0.4474;0.0000;0.0000 
121.20457779999924;-0.2237;0.0000;0.0034 
121.26836099999855;-0.6711;0.0000;-0.1377 
121.3165528999998;0.0000;0.0000;-0.1377 
121.36462100000062;-0.2237;0.0000;-0.2753 
121.4127133999973;-0.4474;0.0000;-0.1377 
121.46137859999726;0.2237;0.0000;0.0000 
121.5090526999993;0.0000;0.0000;-0.4130 
121.57244759999958;-0.2237;0.0000;0.0000 
121.62062439999863;-0.2237;0.0000;-0.1343 
121.66861699999936;-0.2237;0.0000;0.0000 
121.71683299999859;-0.4474;0.0000;-0.2753 
121.76514979999774;-0.4474;0.0000;0.0000 
121.82859379999718;0.0000;0.0000;-0.2753 
121.87642240000059;0.0000;0.0000;0.0034 
121.92453499999829;-0.2237;0.0000;-0.1377 
121.97237419999874;0.0000;0.0000;-0.1377 
122.02045569999973;-0.4474;0.0000;-0.2753 
122.06850900000063;-0.4474;0.0000;-0.1377 
122.1325055999987;0.0000;0.0000;-0.1377 
122.18038979999983;-0.4474;0.0000;-0.1377 
122.22890339999867;-0.2237;0.0000;-0.1377 
122.27672229999735;-0.2237;0.0000;-0.1343 
122.32456789999924;0.2237;0.0000;0.1410 
122.38841350000075;0.0000;0.0000;-0.1343 
122.43651820000014;-0.2237;0.0000;-0.2753 
122.48466689999987;-0.2237;0.0000;-0.1377 
122.53266889999941;-0.2237;0.0000;0.2753 
122.59647519999999;-0.2237;0.0000;-0.1377 
122.64454629999818;-0.2237;0.0000;-0.1377 
122.69265939999968;-0.2237;0.0000;-0.1377 
122.74053329999879;-0.2237;0.0000;-0.1377 
122.78911019999941;0.2237;0.0000;-0.1377 
122.85246879999977;-0.2237;0.0000;-0.2753 
122.90047509999931;-0.2237;0.0000;-0.1377 
122.94860889999836;-0.2237;0.0000;0.0000 
122.99646329999814;-0.2237;0.0000;0.0000 
123.0447693999995;-0.2237;0.0000;-0.1377 
123.10845139999947;0.0000;0.0000;-0.1377 
123.15649040000062;-0.4474;0.0000;-0.1377 
123.2048137999991;-0.4474;0.0000;-0.1377 
123.2531186999986;0.0000;0.0000;0.0000 
123.3012916000007;-0.4474;0.0000;-0.1377 
123.36442109999916;-0.4474;0.0000;0.0034 
123.41261459999805;-0.2237;0.0000;-0.1377 
123.46052919999784;-0.4474;0.0000;-0.2753 
123.50871310000002;0.0000;0.0000;-0.1377 
123.556783;-0.4474;0.0000;0.0000 
123.62040870000055;0.0000;0.0000;-0.2753 
123.66862829999809;0.0000;0.0000;0.0034 
123.71654269999999;-0.2237;0.0000;-0.2753 
123.76467879999836;-0.2237;0.0000;0.0000 
123.81270009999935;-0.2237;0.0000;-0.4130 
123.86050329999853;0.0000;0.0000;0.0034 
123.92480319999959;0.0000;0.0000;-0.4130 
123.97243039999739;0.0000;0.0000;0.0000 
124.02047200000015;-0.2237;0.0000;-0.1377 
124.0686128999987;0.0000;0.0000;0.1377 
124.11664229999951;-0.2237;0.0000;0.0000 
124.16490060000069;-0.4474;0.0000;-0.1377 
124.21246489999976;0.0000;0.0000;0.0000 
124.26059449999957;-0.2237;0.0000;-0.1377 
124.32451349999974;-0.4474;0.0000;-0.1377 
124.37256089999937;-0.2237;0.0000;-0.1343 
124.42044629999873;-0.6711;0.0000;-0.4130 
124.4843495999994;-0.2237;0.0000;-0.2753 
124.53323380000074;-0.6711;0.0000;-0.2753 
124.58061459999954;-0.2237;0.0000;-0.1343 
124.62870779999866;-0.2237;0.0000;-0.1377 
124.69230519999837;-0.4474;0.0000;-0.4130 
124.74063380000007;0.0000;0.0000;-0.1377 
124.78928889999952;-0.2237;0.0000;-0.2753 
124.83677270000044;-0.4474;0.0000;-0.1377 
124.90040179999778;-0.6711;0.0000;-0.1377 
124.94848590000038;-0.2237;0.0000;-0.1343 
124.99659419999807;0.4474;0.0000;-0.2753 
125.04447769999751;0.0000;0.0000;-0.2753 
125.09297309999965;-0.2237;0.0000;-0.2753 
125.15644719999909;-0.4474;0.0000;-0.2753 
125.20442199999889;-0.4474;0.0000;0.0000 
125.25278369999796;0.0000;0.0000;-0.1377 
125.30069119999825;0.0000;0.0000;-0.1377 
125.34858099999838;0.0000;0.0000;0.0000 
125.39684169999964;-0.2237;0.0000;-0.1377 
125.4447153000001;-0.2237;0.0000;0.0000 
125.50842669999838;0.0000;0.0000;-0.1377 
125.55646539999725;0.0000;0.0000;0.0000 
125.60447019999992;-0.4474;0.0000;-0.1377 
125.65242329999819;-0.2237;0.0000;-0.2753 
125.7008335999999;-0.4474;0.0000;-0.1377 
125.7644556999985;-0.4474;0.0000;-0.1377 
125.81237659999897;-0.4474;0.0000;-0.2753 
125.86052519999794;-0.4474;0.0000;-0.1377 
125.908679199998;-0.4474;0.0000;-0.2753 
125.97253559999808;-0.6711;0.0000;0.0000 
126.02046409999821;-0.2237;0.0000;0.0034 
126.06858979999743;-0.2237;0.0000;-0.1377 
126.11667429999943;-0.2237;0.0000;0.0000 
126.16477659999873;-0.4474;0.0000;-0.1377 
126.22859590000007;-0.4474;0.0000;0.0034 
126.27649929999825;-0.2237;0.0000;0.0000 
126.32446779999736;0.0000;0.0000;-0.2753 
126.3727192999977;-0.2237;0.0000;-0.2719 
126.42061230000036;-0.2237;0.0000;-0.1377 
126.4685344999998;0.0000;0.0000;0.0000 
126.53262990000076;-0.2237;0.0000;0.0034 
126.58042529999875;-0.2237;0.0000;0.0000 
126.62840439999854;-0.2237;0.0000;0.1410 
126.67643920000046;-0.2237;0.0000;-0.2753 
126.72477539999818;-0.2237;0.0000;-0.2753 
126.78835249999975;-0.2237;0.0000;-0.5506 
126.83644619999905;-0.2237;0.0000;0.1410 
126.88496119999763;-0.2237;0.0000;0.0034 
126.93266980000044;-0.4474;0.0000;-0.4130 
126.98057189999963;-0.4474;0.0000;0.0034 
127.02890299999854;-0.2237;0.0000;0.0000 
127.0925387999996;-0.4474;0.0000;-0.1343 
127.14065459999983;-0.2237;0.0000;-0.2753 
127.18909469999926;-0.4474;0.0000;-0.1377 
127.2368553999986;0.0000;0.0000;0.0000 
127.30049800000052;-0.4474;0.0000;-0.2753 
127.34856769999897;-0.4474;0.0000;-0.1377 
127.3968535999993;-0.4474;0.0000;-0.2753 
127.44500039999912;0.0000;0.0000;-0.1377 
127.49264629999743;0.0000;0.0000;-0.1377 
127.55643319999945;0.0000;0.0000;-0.1343 
127.60451019999891;0.2237;0.0000;-0.2753 
127.65258360000007;-0.2237;0.0000;-0.1377 
127.70063169999776;-0.2237;0.0000;0.1377 
127.74886849999893;-0.2237;0.0000;-0.1377 
127.79668209999727;0.0000;0.0000;0.1377 
127.86032250000062;-0.2237;0.0000;-0.1377 
127.90849809999781;0.0000;0.0000;-0.1377 
127.95666319999873;0.0000;0.0000;0.0000 
128.0046786999992;-0.2237;0.0000;-0.4130 
128.05269059999773;-0.2237;0.0000;0.0000 
128.10113769999953;-0.2237;0.0000;-0.1377 
128.16520730000047;-0.2237;0.0000;0.0034 
128.21253699999943;0.0000;0.0000;-0.1377 
128.26040359999752;-0.4474;0.0000;0.0034 
128.30872499999896;-0.6711;0.0000;-0.1377 
128.3567390999997;-0.4474;0.0000;0.1410 
128.42030339999837;0.0000;0.0000;-0.1377 
128.4684782999975;0.0000;0.0000;-0.1377 
128.51649879999968;-0.2237;0.0000;0.0000 
128.56467809999958;-0.2237;0.0000;-0.1377 
128.61264179999853;-0.2237;0.0000;-0.2753 
128.67650230000072;-0.4474;0.0000;-0.1377 
128.72452979999798;-0.2237;0.0000;-0.1377 
128.77258549999897;0.0000;0.0000;-0.1343 
128.8206898999997;-0.4474;0.0000;-0.1377 
128.8686834;0.0000;0.0000;0.0000 
128.91699890000018;0.0000;0.0000;-0.1377 
128.9647320999975;-0.2237;0.0000;0.0000 
129.0285589999985;-0.6711;0.0000;0.0034 
129.0765380999983;-0.4474;0.0000;0.0000 
129.1251916000001;0.0000;0.0000;-0.2753 
129.1733131999972;-0.4474;0.0000;0.0000 
129.2205075999991;-0.2237;0.0000;-0.2753 
129.28451789999963;-0.4474;0.0000;-0.2753 
129.33253049999985;-0.2237;0.0000;-0.1377 
129.38124949999838;0.0000;0.0000;0.1410 
129.4286988999993;-0.4474;0.0000;-0.1377 
129.47673519999807;0.6711;0.0000;0.1377 
129.5246722999982;-0.4474;0.0000;0.0000 
129.58839079999962;0.0000;0.0000;-0.1377 
129.63705800000025;0.0000;0.0000;-0.1377 
129.68455489999906;-0.2237;0.0000;-0.2753 
129.73279840000032;0.2237;0.0000;0.0000 
129.78046449999965;-0.6711;0.0000;0.0034 
129.8286076000004;0.0000;0.0000;0.0034 
129.87652609999714;-0.6711;0.0000;0.0034 
129.94049619999714;-0.6711;0.0000;0.0034 
129.98845359999905;-0.2237;0.0000;-0.2753 
130.03674019999744;-0.4474;0.0000;0.0000 
130.08465779999824;-0.2237;0.0000;-0.1377 
130.14850529999967;-0.2237;0.0000;-0.2753 
130.19634959999894;-0.4474;0.0000;0.0000 
130.2447248999997;0.0000;0.0000;0.1410 
130.2937611999987;0.2237;0.0000;-0.4130 
130.340539599998;-0.2237;0.0000;-0.1377 
130.38929369999823;-0.2237;0.0000;-0.1343 
130.4531480000005;-0.2237;0.0000;0.0000 
130.50056159999804;-0.2237;0.0000;0.0000 
130.54846909999833;-0.2237;0.0000;0.0034 
130.59673969999858;0.0000;0.0000;-0.2753 
130.6445148999992;-0.2237;0.0000;0.0000 
130.6928818999986;0.0000;0.0000;0.0034 
130.74061299999812;-0.2237;0.0000;-0.1377 
130.80442819999735;-0.2237;0.0000;0.0000 
130.85244819999934;0.0000;0.0000;-0.1377 
130.90094809999937;-0.2237;0.0000;0.0034 
130.9488237000005;0.0000;0.0000;-0.1343 
130.99664359999952;-0.2237;0.0000;-0.1377 
131.06031040000016;-0.4474;0.0000;-0.1377 
131.10854019999897;-0.4474;0.0000;-0.1377 
131.15727129999868;-0.4474;0.0000;0.0000 
131.2044234999994;0.0000;0.0000;0.1410 
131.25272779999796;-0.2237;0.0000;0.1410 
131.30064579999816;-0.2237;0.0000;-0.1377 
131.36424609999813;-0.2237;0.0000;0.0034 
131.41252560000066;-0.2237;0.0000;0.0000 
131.46054729999742;0.0000;0.0000;0.0034 
131.50855949999823;0.2237;0.0000;-0.1377 
131.55670459999965;0.0000;0.0000;-0.2753 
131.60469290000037;-0.2237;0.0000;-0.5506 
131.66853799999808;-0.4474;0.0000;-0.1377 
131.71649640000032;0.0000;0.0000;0.0000 
131.76448410000012;-0.4474;0.0000;-0.1377 
131.81263559999934;-0.2237;0.0000;-0.2753 
131.8605671999976;-0.2237;0.0000;0.0034 
131.92436769999767;-0.2237;0.0000;-0.2753 
131.97244320000027;0.6711;0.0000;0.0034 
132.02047350000066;-0.4474;0.0000;0.0034 
132.06862239999828;-0.2237;0.0000;-0.2753 
132.1166123999974;-0.2237;0.0000;0.0000 
132.16452939999726;-0.2237;0.0000;0.0034 
132.22842789999777;0.0000;0.0000;-0.2753 
132.27656500000012;-0.2237;0.0000;-0.1377 
132.32462929999747;-0.2237;0.0000;-0.1377 
132.37330559999828;-0.2237;0.0000;0.1410 
132.43646520000038;-0.4474;0.0000;-0.2753 
132.4844618999996;-0.2237;0.0000;-0.1343 
132.53250019999905;-0.2237;0.0000;0.0000 
132.58062159999827;-0.2237;0.0000;0.0000 
132.62873799999943;-0.2237;0.0000;-0.4130 
132.69240499999796;-0.4474;0.0000;-0.1377 
132.74043759999768;0.0000;0.0000;-0.1377 
132.7885795000002;-0.2237;0.0000;0.1377 
132.8364733999988;-0.6711;0.0000;0.0000 
132.8846408999998;-0.6711;0.0000;-0.2753 
132.9483967999986;-0.2237;0.0000;-0.1377 
132.99649109999882;-0.2237;0.0000;-0.1343 
133.04473099999814;0.0000;0.0000;-0.1377 
133.09254169999986;-0.2237;0.0000;0.0000 
133.14059479999923;-0.2237;0.0000;-0.1377 
133.18845659999715;-0.4474;0.0000;0.0000 
133.25250389999928;0.0000;0.0000;-0.1377 
133.30048650000026;-0.2237;0.0000;-0.2753 
133.3486062999982;-0.2237;0.0000;0.0000 
133.39676340000005;-0.2237;0.0000;-0.2753 
133.4603083999973;-0.2237;0.0000;-0.1377 
133.5087644999985;-0.4474;0.0000;-0.2719 
133.55659509999896;-0.2237;0.0000;-0.1377 
133.60460799999782;-0.2237;0.0000;0.1410 
133.65289109999867;-0.2237;0.0000;0.1410 
133.70067809999819;0.0000;0.0000;-0.2753 
133.76435929999934;-0.2237;0.0000;-0.1377 
133.81244789999982;0.0000;0.0000;0.0034 
133.86040549999962;0.0000;0.0000;0.1377 
133.90887590000057;-0.4474;0.0000;-0.1377 
133.956747799999;-0.2237;0.0000;-0.1377 
134.00464020000072;-0.4474;0.0000;0.0000 
134.06841899999927;-0.2237;0.0000;-0.1377 
134.11649209999814;-0.6711;0.0000;0.0000 
134.16490399999748;-0.2237;0.0000;0.1410 
134.21269810000013;-0.2237;0.0000;0.0000 
134.2604898999998;-0.4474;0.0000;-0.1377 
134.32488430000012;-0.2237;0.0000;-0.1377 
134.37265109999862;-0.2237;0.0000;0.0000 
134.42039659999864;-0.2237;0.0000;-0.5506 
134.46866099999897;-0.2237;0.0000;-0.1377 
134.51648759999807;-0.2237;0.0000;0.0000 
134.58037739999781;-0.4474;0.0000;-0.1377 
134.6291358999988;-0.2237;0.0000;0.0034 
134.67647759999818;-0.4474;0.0000;-0.2753 
134.72463739999876;-0.2237;0.0000;-0.2753 
134.7725172999999;-0.2237;0.0000;0.1410 
134.83641559999887;0.0000;0.0000;-0.1377 
134.88461879999886;-0.2237;0.0000;-0.1377 
134.93271230000028;0.0000;0.0000;-0.2753 
134.9804540999976;-0.6711;0.0000;0.0000 
135.02853340000001;-0.2237;0.0000;-0.1377 
135.09230519999983;-0.2237;0.0000;-0.1343 
135.14050249999855;-0.2237;0.0000;0.0000 
135.18864309999844;-0.4474;0.0000;-0.2753 
135.23651210000025;-0.2237;0.0000;-0.1377 
135.2850010000002;0.0000;0.0000;-0.4130 
135.34851440000057;-0.2237;0.0000;-0.1377 
135.39674979999836;-0.2237;0.0000;-0.1377 
135.44448249999914;0.0000;0.0000;0.1410 
135.4925688000003;0.0000;0.0000;0.2787 
135.54079049999928;0.0000;0.0000;0.0000 
135.5885395999976;-0.2237;0.0000;-0.1377 
135.63663209999868;0.0000;0.0000;0.1377 
135.68472389999806;-0.2237;0.0000;-0.2753 
135.74848589999965;-0.4474;0.0000;-0.1377 
135.79655189999903;0.0000;0.0000;-0.1377 
135.84453289999874;-0.4474;0.0000;0.0000 
135.8927038999973;-0.2237;0.0000;0.1377 
135.94050359999892;0.0000;0.0000;-0.1377 
135.9887873000007;-0.2237;0.0000;0.1377 
136.0524151999998;-0.6711;0.0000;-0.1343 
136.1005394999993;-0.2237;0.0000;0.0000 
136.14860989999943;-0.4474;0.0000;-0.1377 
136.19650739999997;-0.6711;0.0000;-0.2753 
136.2603799999997;-0.4474;0.0000;0.0034 
136.30837849999807;0.0000;0.0000;-0.1377 
136.3565361999972;-0.2237;0.0000;-0.1377 
136.4051400999997;-0.2237;0.0000;-0.2753 
136.45308219999788;-0.2237;0.0000;-0.2753 
136.51639000000068;-0.4474;0.0000;0.1410 
136.56459539999923;-0.4474;0.0000;-0.2753 
136.61256349999894;-0.2237;0.0000;0.0034 
136.6606709000007;-0.8948;0.0000;-0.2753 
136.7243794999995;-0.2237;0.0000;0.0000 
136.77297220000037;0.0000;0.0000;0.0000 
136.82040159999815;-0.4474;0.0000;0.0000 
136.86855970000033;-0.2237;0.0000;-0.4130 
136.91666780000014;-0.2237;0.0000;0.0000 
136.96449749999738;-0.2237;0.0000;0.0000 
137.01252549999845;-0.6711;0.0000;0.0034 
137.0764242999976;0.0000;0.0000;-0.1377 
137.12441409999883;-0.2237;0.0000;0.0000 
137.17253179999898;0.0000;0.0000;-0.1377 
137.22036339999977;-0.2237;0.0000;-0.1377 
137.26844929999788;0.0000;0.0000;-0.2753 
137.3164203999986;-0.2237;0.0000;-0.1377 
137.38028489999851;0.2237;0.0000;-0.1377 
137.42862909999894;-0.2237;0.0000;-0.1377 
137.47661510000034;-0.2237;0.0000;-0.1377 
137.52455629999895;-0.4474;0.0000;-0.2753 
137.58879549999983;-0.2237;0.0000;-0.1377 
137.63644909999857;-0.2237;0.0000;0.1410 
137.6850936999981;-0.4474;0.0000;0.0000 
137.73273459999837;-0.4474;0.0000;0.1410 
137.7807025000002;-0.2237;0.0000;-0.2753 
137.8284120999997;-0.2237;0.0000;0.0000 
137.89238999999725;0.0000;0.0000;-0.1377 
137.94061779999902;0.0000;0.0000;-0.2753 
137.98966949999885;-0.2237;0.0000;0.1410 
138.03655359999902;-0.2237;0.0000;-0.1377 
138.08457849999832;-0.4474;0.0000;0.0000 
138.13275289999729;-0.2237;0.0000;-0.1377 
138.1963183000007;-0.2237;0.0000;-0.1377 
138.24510409999857;-0.2237;0.0000;-0.1377 
138.29265529999975;-0.4474;0.0000;0.0000 
138.3405705999976;0.0000;0.0000;0.1410 
138.38878359999944;0.0000;0.0000;-0.1377 
138.45227949999753;-0.4474;0.0000;-0.2753 
138.5005643000004;-0.2237;0.0000;-0.1377 
138.54846229999748;0.0000;0.0000;0.1410 
138.59645679999812;-0.4474;0.0000;-0.1343 
138.64465689999997;-0.4474;0.0000;0.0000 
138.69308359999923;-0.2237;0.0000;-0.1377 
138.75635150000016;0.0000;0.0000;0.0000 
138.8054166999973;-0.2237;0.0000;-0.2753 
138.85310209999807;0.0000;0.0000;0.0000 
138.9007457000007;-0.2237;0.0000;-0.2753 
138.9484382999981;0.0000;0.0000;0.0000 
138.99688009999954;0.0000;0.0000;0.0000 
139.04454540000006;0.0000;0.0000;-0.1377 
139.09257539999817;-0.4474;0.0000;-0.2753 
139.15641250000044;-0.2237;0.0000;-0.2753 
139.2045717999972;-0.2237;0.0000;-0.2753 
139.25262640000074;-0.2237;0.0000;-0.4130 
139.30074349999995;0.0000;0.0000;-0.1377 
139.36446689999866;0.0000;0.0000;-0.1377 
139.41243329999998;-0.2237;0.0000;-0.2753 
139.46048419999715;0.0000;0.0000;-0.2753 
139.50863169999866;-0.4474;0.0000;-0.1377 
139.55661630000031;-0.4474;0.0000;0.1377 
139.62100379999902;-0.2237;0.0000;0.0034 
139.66959560000032;-0.4474;0.0000;-0.1377 
139.71644269999888;0.0000;0.0000;-0.1377 
139.76544450000074;0.0000;0.0000;0.0034 
139.81250759999966;-0.4474;0.0000;-0.2753 
139.87672999999995;-0.2237;0.0000;-0.1377 
139.9245966999988;-0.4474;0.0000;0.0000 
139.972510399999;0.0000;0.0000;-0.1343 
140.02105010000014;0.0000;0.0000;-0.2753 
140.06843519999893;-0.6711;0.0000;0.0000 
140.11642719999872;-0.2237;0.0000;-0.2753 
140.18032269999821;-0.2237;0.0000;-0.4130 
140.22838029999912;0.0000;0.0000;0.0000 
140.2763105999984;-0.2237;0.0000;0.1410 
140.32442479999736;-0.4474;0.0000;-0.2753 
140.3724497000003;-0.2237;0.0000;-0.1377 
140.43633879999834;-0.2237;0.0000;-0.1377 
140.4844137;0.0000;0.0000;-0.1377 
140.5324002999987;-0.2237;0.0000;0.1410 
140.58055039999817;-0.2237;0.0000;0.0000 
140.6284839;-0.2237;0.0000;0.0034 
140.67658870000014;-0.2237;0.0000;-0.1377 
140.7402067999974;-0.2237;0.0000;-0.1377 
140.78835529999924;0.0000;0.0000;-0.1377 
140.83644979999735;-0.2237;0.0000;-0.1377 
140.8851498999975;-0.2237;0.0000;0.0034 
140.93258969999806;-0.2237;0.0000;0.0000 
140.98079759999746;-0.2237;0.0000;0.0000 
141.04461040000024;0.2237;0.0000;-0.1377 
141.09232789999805;0.0000;0.0000;0.0000 
141.14047779999964;-0.4474;0.0000;0.0000 
141.18851670000004;-0.2237;0.0000;-0.1377 
141.2364854999978;-0.2237;0.0000;0.0000 
141.28446799999801;-0.2237;0.0000;0.0000 
141.34853049999947;-0.2237;0.0000;-0.1377 
141.3964562000001;-0.2237;0.0000;0.0034 
141.44522139999754;-0.2237;0.0000;-0.1377 
141.49263689999862;0.0000;0.0000;-0.2753 
141.54087330000038;-0.2237;0.0000;0.0034 
141.60458719999951;-0.2237;0.0000;-0.1377 
141.65263810000033;0.0000;0.0000;0.1410 
141.70164680000016;-0.2237;0.0000;-0.1377 
141.74901669999963;-0.2237;0.0000;-0.1343 
141.79657410000073;-0.4474;0.0000;-0.1377 
141.86033390000011;-0.4474;0.0000;-0.1377 
141.9086247999985;-0.4474;0.0000;-0.4130 
141.95647129999998;-0.2237;0.0000;-0.2753 
142.00464920000013;-0.2237;0.0000;-0.1343 
142.06822850000026;0.0000;0.0000;0.0000 
142.1163998999982;-0.2237;0.0000;-0.1377 
142.16439019999962;-0.2237;0.0000;-0.2753 
142.2123888999995;-0.2237;0.0000;-0.2753 
142.26076589999866;-0.2237;0.0000;0.1410 
142.32439229999727;-0.4474;0.0000;-0.1377 
142.37244139999893;-0.4474;0.0000;0.0034 
142.42068599999766;-0.2237;0.0000;0.1410 
142.4685556000004;0.2237;0.0000;-0.1377 
142.5164311999979;0.0000;0.0000;-0.2753 
142.58148359999905;-0.2237;0.0000;-0.2753 
142.62905669999964;0.0000;0.0000;0.2753 
142.67646889999742;0.0000;0.0000;-0.1377 
142.7244501999994;0.0000;0.0000;-0.4130 
142.77259419999973;-0.4474;0.0000;-0.1377 
142.8206801999986;-0.2237;0.0000;-0.4130 
142.88424099999975;0.0000;0.0000;-0.1377 
142.93287079999936;-0.2237;0.0000;-0.2753 
142.98056630000065;0.0000;0.0000;0.0000 
143.02913759999865;-0.2237;0.0000;-0.1377 
143.07642239999768;-0.2237;0.0000;-0.4130 
143.14036289999785;-0.2237;0.0000;-0.1343 
143.18829840000035;-0.8948;0.0000;-0.2753 
143.2364744000006;-0.2237;0.0000;0.0000 
143.28475310000067;-0.2237;0.0000;-0.1343 
143.33268680000037;0.0000;0.0000;-0.1377 
143.38069199999882;-0.2237;0.0000;0.0034 
143.44427609999912;0.0000;0.0000;0.0034 
143.49239319999833;0.0000;0.0000;-0.2753 
143.54053099999874;-0.2237;0.0000;-0.1377 
143.58866569999736;-0.2237;0.0000;-0.1377 
143.63664209999843;-0.2237;0.0000;0.0034 
143.68456890000016;-0.4474;0.0000;0.0000 
143.74834709999777;0.0000;0.0000;-0.1343 
143.79656199999954;-0.2237;0.0000;-0.1377 
143.8444845999984;-0.4474;0.0000;-0.1377 
143.8928066999979;-0.2237;0.0000;0.0034 
143.9570590000003;-0.2237;0.0000;-0.2753 
144.00451319999775;-0.2237;0.0000;0.0034 
144.0524774000005;-0.2237;0.0000;-0.1343 
144.10037069999817;-0.2237;0.0000;-0.2753 
144.14870259999952;-0.4474;0.0000;-0.2753 
144.2124150999989;-0.4474;0.0000;-0.2753 
144.2604543999987;0.0000;0.0000;-0.2753 
144.30879730000015;-0.2237;0.0000;0.0000 
144.356789999998;-0.6711;0.0000;-0.2753 
144.4046226999999;-0.2237;0.0000;-0.1377 
144.4683933999986;-0.4474;0.0000;0.4130 
144.5164541999984;-0.2237;0.0000;-0.1377 
144.56432279999717;-0.6711;0.0000;0.0000 
144.61285990000033;-0.4474;0.0000;-0.2753 
144.66067509999993;0.0000;0.0000;-0.1343 
144.72437189999982;-0.6711;0.0000;-0.2753 
144.77268259999983;-0.2237;0.0000;-0.1377 
144.8204779000007;-0.4474;0.0000;0.0000 
144.86885389999952;-0.2237;0.0000;0.0000 
144.91647079999893;-0.4474;0.0000;0.0000 
144.9806131999976;0.2237;0.0000;-0.2753 
145.02869490000012;-0.2237;0.0000;-0.2753 
145.0767883999979;-0.4474;0.0000;-0.5506 
145.1244917999975;-0.4474;0.0000;0.2787 
145.17270889999782;0.0000;0.0000;-0.1377 
145.23641040000075;-0.2237;0.0000;-0.1377 
145.28444769999987;-0.4474;0.0000;0.1377 
145.33247729999857;-0.2237;0.0000;0.0000 
145.38053769999897;-0.2237;0.0000;0.0034 
145.42849690000003;-0.2237;0.0000;0.1377 
145.47655839999788;0.0000;0.0000;0.0034 
145.5247578999988;-0.2237;0.0000;0.0034 
145.58875609999814;-0.2237;0.0000;0.0000 
145.6365702999974;-0.4474;0.0000;-0.1377 
145.68434379999962;-0.2237;0.0000;-0.1377 
145.73325199999817;0.0000;0.0000;0.0034 
145.7806419999979;-0.2237;0.0000;0.0000 
145.82861689999845;0.0000;0.0000;0.0000 
145.89236339999843;-0.4474;0.0000;-0.1377 
145.9404152999996;-0.6711;0.0000;0.0000 
145.98897729999953;-0.4474;0.0000;-0.1377 
146.03654259999894;-0.4474;0.0000;-0.1377 
146.100284199998;-0.4474;0.0000;-0.1377 
146.14833219999855;-0.2237;0.0000;-0.2753 
146.1965616999987;0.0000;0.0000;0.0000 
146.24458389999927;-0.2237;0.0000;-0.1377 
146.29269419999764;-0.4474;0.0000;-0.1377 
146.35636339999837;-0.2237;0.0000;-0.1377 
146.40431199999875;-0.6711;0.0000;0.1410 
146.452558099998;-0.2237;0.0000;-0.2753 
146.50031509999826;-0.2237;0.0000;0.0000 
146.54862439999852;0.0000;0.0000;-0.1377 
146.5966131999994;-0.2237;0.0000;-0.1377 
146.66046169999754;-0.6711;0.0000;-0.1377 
146.7086339999987;-0.2237;0.0000;-0.1343 
146.7563730999973;-0.2237;0.0000;-0.1377 
146.80495320000045;-0.4474;0.0000;0.0034 
146.8684190999993;-0.2237;0.0000;0.0034 
146.9164725999981;-0.2237;0.0000;0.0034 
146.96456699999908;0.0000;0.0000;0.1377 
147.0126350999999;0.0000;0.0000;-0.1377 
147.0605988999996;-0.2237;0.0000;-0.1377 
147.1242815000005;0.0000;0.0000;-0.1377 
147.17244539999956;-0.4474;0.0000;-0.1377 
147.22054899999785;-0.2237;0.0000;-0.2753 
147.2686670999974;0.0000;0.0000;-0.1377 
147.31661669999812;-0.2237;0.0000;0.0000 
147.38026069999978;-0.4474;0.0000;-0.5506 
147.42845719999968;0.0000;0.0000;-0.1377 
147.47641689999728;-0.4474;0.0000;-0.1377 
147.52444749999995;0.0000;0.0000;0.0000 
147.57236329999796;-0.2237;0.0000;0.0000 
147.6207140000006;-0.2237;0.0000;-0.2753 
147.68429869999818;-0.6711;0.0000;-0.1377 
147.73265089999768;-0.2237;0.0000;0.0034 
147.78043049999906;-0.2237;0.0000;-0.1377 
147.8286052000003;-0.4474;0.0000;0.0000 
147.89228530000037;-0.4474;0.0000;-0.1377 
147.94042559999798;-0.6711;0.0000;-0.1377 
147.9883669999981;0.0000;0.0000;-0.1377 
148.03639459999977;0.0000;0.0000;-0.4130 
148.08452319999924;-0.4474;0.0000;0.0000 
148.13271619999796;-0.2237;0.0000;-0.2753 
148.19633229999818;-0.2237;0.0000;0.0000 
148.244357399999;-0.4474;0.0000;-0.1377 
148.29246959999728;-0.4474;0.0000;0.0000 
148.3406486999993;-0.4474;0.0000;0.0034 
148.38883279999936;0.0000;0.0000;0.0034 
148.45232199999737;0.2237;0.0000;-0.1377 
148.5004055999998;-0.2237;0.0000;-0.1377 
148.5484966999975;-0.4474;0.0000;-0.2753 
148.59645669999736;-0.4474;0.0000;0.0000 
148.64473519999956;-0.2237;0.0000;0.0000 
148.6926072999995;-0.2237;0.0000;0.0000 
148.75630319999982;-0.4474;0.0000;0.0000 
148.80436550000013;-0.2237;0.0000;0.0000 
148.85233460000018;0.0000;0.0000;-0.1377 
148.90067160000035;-0.2237;0.0000;-0.2753 
148.94864529999904;-0.4474;0.0000;0.0000 
148.9966620999985;-0.4474;0.0000;0.0000 
149.0602809999982;0.0000;0.0000;-0.1377 
149.1084364999988;-0.2237;0.0000;-0.2753 
149.15639399999782;-0.2237;0.0000;0.0034 
149.20439690000057;0.0000;0.0000;0.1377 
149.25253389999853;-0.4474;0.0000;-0.4130 
149.30076940000072;-0.4474;0.0000;0.0000 
149.3643262000005;-0.2237;0.0000;-0.1377 
149.41252689999965;-0.2237;0.0000;-0.1377 
149.46041839999816;-0.2237;0.0000;-0.1343 
149.50865649999832;-0.4474;0.0000;-0.1377 
149.57233149999956;-0.2237;0.0000;-0.1377 
149.62031639999987;-0.4474;0.0000;-0.1377 
149.66881759999887;-0.2237;0.0000;-0.1377 
149.7166589999979;-0.2237;0.0000;0.0034 
149.78104560000065;-0.2237;0.0000;-0.1377 
149.8283343999974;0.0000;0.0000;-0.1377 
149.8765366000007;-0.2237;0.0000;-0.1377 
149.92456390000007;-0.4474;0.0000;-0.2753 
149.9726312999992;0.0000;0.0000;0.0000 
150.03650939999716;-0.2237;0.0000;-0.1377 
150.08433409999998;0.0000;0.0000;0.0000 
150.13240629999927;-0.2237;0.0000;-0.1377 
150.18049859999883;-0.4474;0.0000;-0.2753 
150.2285830999972;-0.2237;0.0000;0.0000 
150.27669779999997;0.0000;0.0000;-0.4130 
150.340211499999;0.0000;0.0000;-0.1377 
150.38842149999982;0.0000;0.0000;-0.1377 
150.43642239999826;-0.4474;0.0000;-0.1377 
150.48479649999717;-0.4474;0.0000;-0.1377 
150.53260310000041;0.2237;0.0000;-0.1377 
150.59624409999742;-0.2237;0.0000;-0.1377 
150.64432939999824;-0.4474;0.0000;0.1377 
150.6924177999972;-0.2237;0.0000;0.0000 
150.74047079999946;-0.6711;0.0000;0.0000 
150.7891954000006;0.0000;0.0000;-0.1377 
150.83635819999836;-0.2237;0.0000;-0.1377 
150.90036429999964;-0.2237;0.0000;-0.1377 
150.94848339999953;-0.4474;0.0000;0.0000 
150.99659969999993;0.0000;0.0000;0.0000 
151.04512509999768;-0.2237;0.0000;-0.1377 
151.0925432999975;-0.2237;0.0000;-0.1377 
151.1405515999977;0.0000;0.0000;-0.1377 
151.20427519999794;-0.2237;0.0000;-0.1377 
151.25246649999826;-0.6711;0.0000;-0.1377 
151.30055919999722;-0.2237;0.0000;-0.1343 
151.34863960000075;-0.2237;0.0000;-0.2753 
151.4123612000003;-0.2237;0.0000;0.0000 
151.4604094999995;-0.2237;0.0000;-0.1377 
151.50864889999866;-0.2237;0.0000;0.0000 
151.5564897999975;-0.4474;0.0000;-0.1377 
151.62048660000073;-0.4474;0.0000;-0.1377 
151.66834139999992;0.0000;0.0000;-0.4130 
151.71644580000066;-0.2237;0.0000;-0.1377 
151.76442549999774;0.0000;0.0000;-0.2753 
151.81233319999956;-0.2237;0.0000;0.0000 
151.86061499999778;-0.2237;0.0000;0.0034 
151.9246325999993;-0.4474;0.0000;-0.1343 
151.97246059999816;-0.2237;0.0000;-0.1377 
152.02049909999914;-0.2237;0.0000;-0.4130 
152.06864479999786;-0.4474;0.0000;0.0034 
152.13252839999768;-0.4474;0.0000;-0.1377 
152.18058409999867;-0.4474;0.0000;0.1410 
152.22859809999864;-0.2237;0.0000;-0.2719 
152.27654279999842;-0.2237;0.0000;0.0034 
152.32443280000007;-0.2237;0.0000;0.0000 
152.3883105999994;-0.2237;0.0000;-0.1377 
152.43632629999775;-0.2237;0.0000;0.0000 
152.48444069999823;-0.4474;0.0000;0.0034 
152.5325472000004;0.0000;0.0000;-0.1377 
152.5806362000003;-0.4474;0.0000;-0.2753 
152.62848119999762;-0.2237;0.0000;0.0000 
152.69226909999998;0.0000;0.0000;0.0034 
152.7404217000003;0.2237;0.0000;-0.2753 
152.78851199999917;0.0000;0.0000;-0.1377 
152.83639089999997;-0.4474;0.0000;-0.2753 
152.88468739999735;-0.2237;0.0000;-0.1377 
152.94842489999792;-0.2237;0.0000;-0.1343 
152.99639050000042;-0.2237;0.0000;-0.2753 
153.04451319999862;-0.4474;0.0000;0.0034 
153.09243929999866;-0.2237;0.0000;0.0034 
153.1406035;0.0000;0.0000;0.0034 
153.20426269999734;-0.2237;0.0000;-0.1377 
153.2524341999997;-0.4474;0.0000;-0.1377 
153.30109739999898;-0.2237;0.0000;-0.1377 
153.34846069999912;-0.4474;0.0000;-0.2753 
153.4123486999997;-0.2237;0.0000;-0.1377 
153.4603793999995;0.0000;0.0000;-0.1377 
153.5089638999998;-0.2237;0.0000;0.0034 
153.5573672999999;-0.2237;0.0000;-0.1377 
153.60454499999832;0.0000;0.0000;-0.2753 
153.66837680000026;0.0000;0.0000;-0.1377 
153.71634309999718;0.0000;0.0000;-0.2753 
153.76483639999788;-0.2237;0.0000;-0.1377 
153.8124394999977;0.4474;0.0000;-0.2753 
153.86057869999786;0.0000;0.0000;0.0034 
153.90871680000055;-0.2237;0.0000;-0.2753 
153.9723817999984;-0.2237;0.0000;-0.2753 
154.02038289999837;-0.2237;0.0000;0.0000 
154.06900839999798;-0.2237;0.0000;-0.2753 
154.11689839999963;-0.2237;0.0000;-0.1377 
154.1803136999988;0.0000;0.0000;-0.1377 
154.22828759999902;0.0000;0.0000;0.2753 
154.2763516999985;-0.2237;0.0000;0.1377 
154.32485369999995;-0.4474;0.0000;-0.4130 
154.37244289999944;-0.2237;0.0000;0.1410 
154.42049639999823;0.0000;0.0000;0.0034 
154.46872209999856;-0.2237;0.0000;0.0000 
154.51682860000074;-0.4474;0.0000;0.0000 
154.58067599999777;-0.2237;0.0000;-0.1377 
154.62829299999794;0.0000;0.0000;-0.1377 
154.67638739999893;0.0000;0.0000;0.0000 
154.72441839999738;0.6711;0.0000;0.0034 
154.77249179999853;-0.2237;0.0000;0.1377 
154.82049449999977;-0.2237;0.0000;0.0034 
154.86874829999942;-0.2237;0.0000;-0.2753 
154.93257869999798;0.4474;0.0000;-0.1377 
154.98033360000045;-0.4474;0.0000;-0.1377 
155.02903579999838;0.0000;0.0000;-0.1377 
155.07709299999988;0.2237;0.0000;-0.1377 
155.12468739999895;0.0000;0.0000;0.0000 
155.17380050000065;-0.2237;0.0000;-0.1377 
155.23624189999828;-0.6711;0.0000;0.0000 
155.28437510000003;-0.2237;0.0000;-0.1343 
155.33337570000003;-0.2237;0.0000;0.0034 
155.38051930000074;0.0000;0.0000;-0.1377 
155.42881049999778;-0.2237;0.0000;-0.1377 
155.49221079999916;-0.2237;0.0000;0.0000 
155.54033580000032;-0.2237;0.0000;0.0000 
155.58889679999993;-0.2237;0.0000;-0.4130 
155.63660949999758;-0.4474;0.0000;-0.1377 
155.6844581999976;-0.2237;0.0000;0.0000 
155.73258789999818;0.0000;0.0000;0.0034 
155.79628619999858;-0.2237;0.0000;-0.4130 
155.84445079999932;-0.2237;0.0000;-0.1377 
155.89253149999786;-0.2237;0.0000;0.0000 
155.94049040000027;0.0000;0.0000;-0.4130 
155.988876899999;0.0000;0.0000;0.0000 
156.03667029999997;-0.2237;0.0000;-0.1377 
156.10037219999867;-0.2237;0.0000;0.0000 
156.14835599999788;0.0000;0.0000;-0.2753 
156.19645669999954;-0.4474;0.0000;0.0000 
156.24451799999952;-0.4474;0.0000;-0.2753 
156.29256800000076;-0.2237;0.0000;0.0000 
156.34139469999718;-0.2237;0.0000;0.0034 
156.40434649999952;-0.4474;0.0000;-0.1377 
156.45241329999772;0.0000;0.0000;0.0034 
156.50043770000048;0.0000;0.0000;0.0000 
156.54849099999774;-0.2237;0.0000;0.0034 
156.5963343000003;-0.2237;0.0000;0.1410 
156.64451869999903;-0.2237;0.0000;-0.1377 
156.70825349999723;-0.2237;0.0000;-0.1377 
156.7563568000005;0.0000;0.0000;0.0000 
156.80440989999988;-0.2237;0.0000;-0.1377 
156.85248199999842;-0.4474;0.0000;0.0000 
156.90068709999832;-0.2237;0.0000;-0.1377 
156.94858649999878;0.0000;0.0000;0.0000 
157.01231270000062;-0.6711;0.0000;-0.1377 
157.06039279999823;-0.4474;0.0000;-0.1377 
157.10860559999855;-0.4474;0.0000;-0.1377 
157.15661099999852;-0.2237;0.0000;0.1410 
157.20455559999755;-0.4474;0.0000;0.1377 
157.26817469999878;0.0000;0.0000;-0.2753 
157.31632519999766;-0.2237;0.0000;0.1410 
157.36446369999976;-0.2237;0.0000;-0.1377 
157.41246639999736;-0.2237;0.0000;-0.1343 
157.460585599998;-0.2237;0.0000;-0.1377 
157.50853689999713;-0.2237;0.0000;0.0000 
157.5722786999977;-0.2237;0.0000;-0.2753 
157.6203146000007;-0.2237;0.0000;0.0000 
157.66852329999892;-0.2237;0.0000;-0.2753 
157.71688050000012;-0.2237;0.0000;-0.1377 
157.7801890999981;0.0000;0.0000;-0.1377 
157.82837089999884;0.0000;0.0000;-0.1377 
157.87651249999908;-0.4474;0.0000;-0.1343 
157.92466739999873;-0.2237;0.0000;-0.1377 
157.97259629999826;-0.2237;0.0000;-0.2719 
158.03629200000069;-0.6711;0.0000;-0.2753 
158.08446999999796;-0.4474;0.0000;-0.1377 
158.13234979999834;-0.2237;0.0000;0.0000 
158.1805237999979;0.0000;0.0000;-0.1377 
158.2288200999974;-0.2237;0.0000;-0.1377 
158.2921628999975;-0.2237;0.0000;0.0000 
158.3403526000002;-0.2237;0.0000;-0.2753 
158.38839059999736;-0.2237;0.0000;0.1410 
158.4365562999992;0.0000;0.0000;-0.2753 
158.4844626999984;0.0000;0.0000;-0.1377 
158.53254329999982;0.0000;0.0000;-0.2753 
158.5805846000003;0.0000;0.0000;0.0000 
158.64431179999883;-0.2237;0.0000;-0.1377 
158.69249879999916;-0.2237;0.0000;-0.1377 
158.74038569999902;0.0000;0.0000;0.0034 
158.78860449999775;0.0000;0.0000;0.0034 
158.83650339999804;-0.6711;0.0000;-0.2753 
158.88464929999827;-0.2237;0.0000;0.0000 
158.94859910000014;-0.4474;0.0000;-0.1377 
158.99640949999957;-0.4474;0.0000;-0.1377 
159.04467339999974;-0.6711;0.0000;-0.1343 
159.10826559999987;-0.6711;0.0000;-0.2753 
159.15634219999993;0.0000;0.0000;0.0034 
159.20437219999803;0.0000;0.0000;-0.1377 
159.25240099999792;0.0000;0.0000;-0.2753 
159.30037710000033;0.0000;0.0000;0.1377 
159.34912039999836;-0.4474;0.0000;-0.2719 
159.39665029999742;0.0000;0.0000;-0.5506 
159.4605319000002;0.0000;0.0000;-0.4096 
159.5083154999993;0.2237;0.0000;-0.5506 
159.5565007999976;-0.4474;0.0000;-0.2719 
159.6056654999993;-0.2237;0.0000;-0.2753 
159.65273439999874;0.0000;0.0000;-0.1377 
159.70059409999885;-0.4474;0.0000;0.0000 
159.76425349999772;-0.2237;0.0000;0.0000 
159.81243449999965;-0.2237;0.0000;-0.1377 
159.86059709999972;-0.6711;0.0000;-0.2753 
159.9084488999979;-0.4474;0.0000;-0.2753 
159.97228139999788;-0.4474;0.0000;-0.1377 
160.02066099999865;0.0000;0.0000;-0.1377 
160.06839910000053;-0.4474;0.0000;0.1410 
160.11666029999833;-0.6711;0.0000;0.0000 
160.16448399999717;-0.4474;0.0000;0.0000 
160.21291579999888;-0.4474;0.0000;-0.1377 
160.27664019999793;-0.4474;0.0000;-0.1377 
160.3242739999987;-0.4474;0.0000;0.0000 
160.37228119999781;0.0000;0.0000;-0.1343 
160.42044279999755;-0.6711;0.0000;-0.2753 
160.4842905000005;-0.4474;0.0000;-0.1377 
160.53232249999928;-0.4474;0.0000;0.0000 
160.580410999999;0.0000;0.0000;-0.2753 
160.62852930000008;-0.2237;0.0000;-0.2753 
160.67658540000048;-0.2237;0.0000;0.0034 
160.7402187000007;-0.2237;0.0000;-0.1377 
160.78828829999838;-0.2237;0.0000;-0.1377 
160.8364221999982;0.0000;0.0000;-0.4130 
160.8844809000002;-0.2237;0.0000;-0.2753 
160.93234689999736;0.0000;0.0000;-0.1377 
160.98049239999818;0.0000;0.0000;-0.1343 
161.04423759999918;0.0000;0.0000;-0.2753 
161.09232859999975;0.0000;0.0000;-0.4130 
161.14044079999803;-0.2237;0.0000;-0.1377 
161.18875109999863;-0.4474;0.0000;-0.2719 
161.23690889999853;-0.2237;0.0000;-0.1343 
161.3003366999983;-0.2237;0.0000;-0.1377 
161.34848509999938;-0.2237;0.0000;0.1410 
161.39633859999958;-0.2237;0.0000;-0.1377 
161.4444442999993;0.0000;0.0000;0.1410 
161.4924718000002;0.0000;0.0000;0.0000 
161.5410054999993;0.0000;0.0000;0.0000 
161.58856159999777;-0.2237;0.0000;-0.1377 
161.6522952999985;0.0000;0.0000;-0.1377 
161.70032219999848;0.4474;0.0000;-0.1377 
161.74846139999863;-0.4474;0.0000;0.0000 
161.79639979999774;0.0000;0.0000;-0.1377 
161.8444230999994;-0.2237;0.0000;-0.1343 
161.89266879999923;-0.2237;0.0000;-0.4130 
161.9562855999975;-0.6711;0.0000;0.0000 
162.00431609999941;-0.4474;0.0000;0.1410 
162.0524105000004;-0.2237;0.0000;0.0000 
162.10042839999733;-0.2237;0.0000;-0.1377 
162.1486221999985;-0.2237;0.0000;0.0034 
162.1964466999998;-0.4474;0.0000;-0.1377 
162.26022979999834;-0.4474;0.0000;-0.1377 
162.3083845000001;-0.2237;0.0000;-0.1377 
162.35678779999944;-0.2237;0.0000;0.1410 
162.40463969999837;-0.2237;0.0000;0.0000 
162.46827139999732;-0.2237;0.0000;-0.1377 
162.51626209999813;0.0000;0.0000;-0.1377 
162.56439559999853;-0.4474;0.0000;-0.2753 
162.6130763000001;-0.2237;0.0000;-0.1377 
162.66056989999925;-0.6711;0.0000;0.0034 
162.72426160000032;-0.4474;0.0000;0.0034 
162.7726038999972;-0.4474;0.0000;-0.1377 
162.82034629999907;-0.2237;0.0000;-0.2753 
162.8684030000004;-0.2237;0.0000;0.0000 
162.91667089999828;0.0000;0.0000;0.1377 
162.96469779999825;-0.4474;0.0000;0.0000 
163.02827980000075;-0.4474;0.0000;-0.2753 
163.07650160000048;-0.2237;0.0000;-0.2753 
163.12450679999893;-0.6711;0.0000;-0.1377 
163.17272759999832;-0.2237;0.0000;-0.1377 
163.23619419999886;-0.2237;0.0000;0.0000 
163.2843522999974;-0.2237;0.0000;-0.2753 
163.3323754999983;0.0000;0.0000;0.0000 
163.3804958999972;-0.6711;0.0000;-0.1377 
163.4284525999974;0.0000;0.0000;-0.1377 
163.47653499999797;-0.4474;0.0000;-0.1377 
163.54031100000066;-0.6711;0.0000;0.0000 
163.5886494999977;-0.2237;0.0000;-0.2753 
163.6364919000007;0.0000;0.0000;0.0000 
163.68443130000014;-0.2237;0.0000;-0.1377 
163.73262539999996;-0.2237;0.0000;-0.2753 
163.79629199999908;-0.4474;0.0000;-0.1377 
163.8443606999972;-0.4474;0.0000;-0.1377 
163.89241799999945;-0.2237;0.0000;-0.2753 
163.94051119999858;-0.4474;0.0000;-0.1377 
164.0042730999994;-0.2237;0.0000;-0.2753 
164.05237869999837;-0.2237;0.0000;0.1410 
164.10046429999784;-0.4474;0.0000;0.0000 
164.1484625999983;-0.4474;0.0000;0.1410 
164.19648959999904;0.0000;0.0000;0.1377 
164.24476869999853;-0.4474;0.0000;-0.1377 
164.30842249999841;-0.2237;0.0000;0.0034 
164.35637289999795;-0.4474;0.0000;0.0000 
164.40430339999875;-0.2237;0.0000;0.0034 
164.45243379999738;0.0000;0.0000;-0.1343 
164.5004564999981;-0.2237;0.0000;-0.2719 
164.56447370000024;-0.2237;0.0000;-0.2753 
164.61244129999977;-0.2237;0.0000;-0.2753 
164.66036919999897;-0.4474;0.0000;0.0000 
164.70869440000024;-0.4474;0.0000;-0.1377 
164.75666029999775;0.0000;0.0000;-0.1377 
164.82041299999764;-0.4474;0.0000;-0.2753 
164.86835269999938;-0.2237;0.0000;-0.1377 
164.91648239999995;-0.2237;0.0000;-0.1343 
164.98026819999723;-0.2237;0.0000;-0.1377 
165.02853239999968;0.0000;0.0000;-0.1377 
165.07638729999962;-0.2237;0.0000;-0.1377 
165.12485749999905;-0.2237;0.0000;-0.1343 
165.1723592999988;0.0000;0.0000;-0.1377 
165.23620709999886;-0.4474;0.0000;-0.1377 
165.2844382000003;0.2237;0.0000;-0.1377 
165.33233439999822;-0.2237;0.0000;0.0000 
165.38074529999722;0.0000;0.0000;0.1377 
165.4282987000006;-0.2237;0.0000;0.2787 
165.47659019999992;0.0000;0.0000;-0.1377 
165.5244888999987;0.0000;0.0000;-0.1377 
165.57260649999807;-0.2237;0.0000;-0.2753 
165.63626179999846;-0.2237;0.0000;0.1410 
165.68442669999786;-0.2237;0.0000;-0.1377 
165.73259219999818;-0.4474;0.0000;-0.1377 
165.78035420000015;-0.4474;0.0000;0.0000 
165.84420189999946;-0.2237;0.0000;-0.1377 
165.8923978999992;-0.2237;0.0000;-0.4130 
165.94060089999766;-0.2237;0.0000;-0.1377 
165.9885190999994;-0.2237;0.0000;-0.1377 
166.05231499999718;-0.2237;0.0000;-0.2753 
166.10033009999825;0.2237;0.0000;-0.1377 
166.14926079999714;-0.6711;0.0000;-0.1377 
166.19654159999845;-0.2237;0.0000;-0.1377 
166.24458609999783;0.0000;0.0000;-0.1377 
166.3083196999978;0.0000;0.0000;-0.2753 
166.35641810000016;-0.4474;0.0000;-0.1377 
166.40446679999877;-0.4474;0.0000;-0.1377 
166.4528141999981;-0.4474;0.0000;-0.1377 
166.51629459999822;-0.2237;0.0000;0.0034 
166.56426179999835;0.0000;0.0000;-0.2753 
166.61232169999857;-0.2237;0.0000;0.1410 
166.6603400999993;-0.4474;0.0000;-0.4130 
166.70854159999726;-0.4474;0.0000;-0.1377 
166.7565926999996;0.0000;0.0000;-0.1377 
166.8203367999995;-0.2237;0.0000;0.0034 
166.86839599999803;-0.4474;0.0000;-0.1377 
166.91642949999732;-0.4474;0.0000;-0.1377 
166.96452399999907;-0.2237;0.0000;0.0034 
167.0283122999972;-0.2237;0.0000;-0.2753 
167.07635630000004;-0.2237;0.0000;-0.2753 
167.12499229999958;-0.4474;0.0000;0.0000 
167.17235639999853;-0.2237;0.0000;0.0000 
167.22057309999946;0.0000;0.0000;-0.1377 
167.26843849999932;0.0000;0.0000;-0.1377 
167.33269089999885;-0.4474;0.0000;0.0034 
167.38041299999895;0.0000;0.0000;0.0034 
167.42826570000034;0.0000;0.0000;0.1410 
167.4763486999982;-0.2237;0.0000;0.0000 
167.52431589999833;0.0000;0.0000;-0.4130 
167.57275669999945;-0.2237;0.0000;-0.2753 
167.63623509999888;-0.2237;0.0000;-0.2753 
167.68429959999776;0.0000;0.0000;-0.1377 
167.73252199999843;0.0000;0.0000;0.0000 
167.78037549999863;-0.2237;0.0000;-0.1377 
167.82870159999948;-0.4474;0.0000;0.0000 
167.8764618999994;-0.2237;0.0000;-0.1377 
167.94033489999856;-0.2237;0.0000;-0.4130 
167.98837579999963;-0.2237;0.0000;0.0000 
168.03632709999874;-0.2237;0.0000;-0.2753 
168.08467999999993;0.0000;0.0000;-0.2753 
168.13248249999742;-0.2237;0.0000;-0.4130 
168.19626309999876;-0.2237;0.0000;-0.1377 
168.24444679999942;-0.4474;0.0000;0.0000 
168.29251210000075;-0.4474;0.0000;-0.1377 
168.3405845999987;-0.2237;0.0000;-0.1377 
168.40501329999825;0.0000;0.0000;-0.2753 
168.45236739999746;-0.2237;0.0000;-0.1377 
168.50042519999988;-0.2237;0.0000;-0.1377 
168.548523999998;-0.2237;0.0000;0.0000 
168.5966413999995;-0.2237;0.0000;-0.1377 
168.6445480000002;0.0000;0.0000;0.0000 
168.69265019999875;-0.2237;0.0000;0.0000 
168.75638049999907;0.0000;0.0000;-0.1343 
168.80434779999996;-0.4474;0.0000;0.0000 
168.8524808000002;-0.2237;0.0000;0.0000 
168.90045119999922;-0.4474;0.0000;0.0034 
168.94835129999774;-0.4474;0.0000;-0.5506 
168.99674799999775;-0.2237;0.0000;0.0000 
169.06040930000017;-0.4474;0.0000;-0.1377 
169.10844929999803;-0.2237;0.0000;-0.4130 
169.15736280000056;-0.6711;0.0000;-0.1343 
169.22019269999873;-0.2237;0.0000;-0.1377 
169.26843430000008;-0.2237;0.0000;-0.1377 
169.31667190000007;-0.4474;0.0000;-0.1377 
169.36470429999827;-0.4474;0.0000;-0.2753 
169.41315190000023;-0.2237;0.0000;0.0000 
169.4762668000003;-0.4474;0.0000;0.0000 
169.5243960000007;-0.4474;0.0000;0.1410 
169.57258509999883;-0.2237;0.0000;0.0000 
169.62028849999842;0.0000;0.0000;-0.2753 
169.66871170000013;-0.6711;0.0000;-0.1377 
169.73221659999763;-0.2237;0.0000;0.0034 
169.78030709999803;-0.2237;0.0000;-0.1377 
169.82842229999733;-0.2237;0.0000;-0.1377 
169.8765280000007;-0.4474;0.0000;0.0000 
169.92450280000048;-0.2237;0.0000;0.0000 
169.9725206999974;-0.4474;0.0000;0.0000 
170.03628069999831;-0.2237;0.0000;-0.1377 
170.08431829999972;-0.2237;0.0000;0.0000 
170.13247499999852;0.0000;0.0000;-0.1377 
170.18026739999914;0.0000;0.0000;-0.1377 
170.22895549999885;-0.2237;0.0000;-0.1377 
170.29241759999786;-0.4474;0.0000;-0.4130 
170.34031649999815;-0.2237;0.0000;0.1377 
170.38827179999862;-0.2237;0.0000;0.0034 
170.43660249999812;-0.2237;0.0000;-0.1377 
170.48449679999976;-0.2237;0.0000;0.0034 
170.54826250000042;-0.2237;0.0000;-0.1377 
170.59628969999903;0.0000;0.0000;-0.1377 
170.64437479999833;-0.2237;0.0000;-0.1377 
170.69235109999863;-0.2237;0.0000;-0.1377 
170.74059209999905;-0.2237;0.0000;-0.1377 
170.8043465999981;-0.2237;0.0000;0.2787 
170.85244479999892;-0.4474;0.0000;0.0000 
170.90047769999728;-0.4474;0.0000;0.0000 
170.94831929999782;0.0000;0.0000;-0.1377 
170.9964207999983;-0.4474;0.0000;-0.2753 
171.06026099999872;-0.4474;0.0000;-0.1377 
171.10835159999988;-0.2237;0.0000;0.1410 
171.1563411999996;0.0000;0.0000;-0.1343 
171.20443089999753;-0.2237;0.0000;-0.1377 
171.25256470000022;-0.4474;0.0000;-0.1377 
171.3005568999979;0.0000;0.0000;0.1410 
171.3641835999988;0.0000;0.0000;-0.4130 
171.4122924000003;-0.2237;0.0000;0.0000 
171.46041319999858;-0.4474;0.0000;-0.1377 
171.50854529999924;-0.4474;0.0000;-0.1343 
171.5566727999976;-0.2237;0.0000;0.0034 
171.62028009999995;-0.2237;0.0000;0.0034 
171.66828199999873;0.0000;0.0000;0.4130 
171.71636719999879;-0.6711;0.0000;-0.1377 
171.76438439999765;0.2237;0.0000;-0.2753 
171.81247059999805;-0.4474;0.0000;0.1410 
171.86049450000064;-0.6711;0.0000;-0.2753 
171.92429189999893;-0.2237;0.0000;-0.1377 
171.97246359999917;-0.2237;0.0000;-0.1377 
172.02037399999972;-0.4474;0.0000;-0.1377 
172.0685921999975;-0.2237;0.0000;-0.1377 
172.13227429999824;-0.2237;0.0000;0.0034 
172.18081869999878;-0.2237;0.0000;-0.2753 
172.2284725999998;-0.2237;0.0000;-0.1343 
172.27661649999936;-0.2237;0.0000;-0.1377 
172.3402791999979;-0.2237;0.0000;-0.2753 
172.38841150000007;-0.4474;0.0000;-0.1377 
172.43711169999733;-0.2237;0.0000;-0.1377 
172.48487849999947;-0.2237;0.0000;-0.1377 
172.54836760000035;-0.2237;0.0000;-0.2753 
172.59621649999826;-0.4474;0.0000;-0.1377 
172.64449239999885;-0.2237;0.0000;0.1410 
172.6922799999993;-0.2237;0.0000;-0.5506 
172.74057449999964;0.0000;0.0000;0.0000 
172.7886217999985;-0.2237;0.0000;-0.1377 
172.85226770000008;-0.2237;0.0000;0.0000 
172.90037069999744;-0.2237;0.0000;-0.2753 
172.94885689999865;-0.4474;0.0000;-0.2753 
172.99670820000028;-0.4474;0.0000;0.0000 
173.06039969999983;-0.2237;0.0000;-0.1377 
173.10835339999903;-0.4474;0.0000;-0.1377 
173.1563102;-0.4474;0.0000;0.0000 
173.20435739999812;0.0000;0.0000;0.0000 
173.2525386999987;0.2237;0.0000;-0.2753 
173.30028409999795;0.0000;0.0000;0.0000 
173.3483359999991;0.0000;0.0000;-0.1377 
173.41221659999792;-0.4474;0.0000;-0.1377 
173.46026239999992;-0.2237;0.0000;-0.2753 
173.50845520000075;-0.2237;0.0000;-0.1377 
173.55660649999845;-0.4474;0.0000;-0.1377 
173.60442300000068;-0.6711;0.0000;0.2787 
173.66838189999908;-0.2237;0.0000;0.1377 
173.71668999999747;0.0000;0.0000;-0.1377 
173.76438099999723;-0.2237;0.0000;-0.1343 
173.81239149999965;-0.2237;0.0000;-0.2753 
173.86039809999784;-0.2237;0.0000;0.1410 
173.9244770999976;-0.2237;0.0000;-0.1377 
173.97231850000026;0.0000;0.0000;0.0034 
174.02032770000005;-0.4474;0.0000;-0.2753 
174.06865029999972;-0.2237;0.0000;0.0000 
174.11648549999882;-0.6711;0.0000;0.0034 
174.18054289999782;0.2237;0.0000;-0.1343 
174.2283389999975;-0.2237;0.0000;-0.2753 
174.27636189999976;-0.2237;0.0000;0.1377 
174.32447440000033;0.0000;0.0000;-0.2753 
174.3725005999986;-0.2237;0.0000;0.0034 
174.43663549999837;-0.2237;0.0000;-0.2753 
174.48428430000058;-0.4474;0.0000;0.0000 
174.53237249999802;-0.2237;0.0000;-0.1377 
174.58034989999942;0.0000;0.0000;-0.2753 
174.62830910000048;-0.2237;0.0000;0.0000 
174.6764153999975;0.0000;0.0000;0.0000 
174.7243853;-0.4474;0.0000;0.0000 
174.7727107999999;-0.4474;0.0000;0.0000 
174.83627219999835;-0.2237;0.0000;-0.1377 
174.88448869999775;0.0000;0.0000;0.1377 
174.9324252999977;-0.2237;0.0000;0.0000 
174.98030590000053;-0.2237;0.0000;0.1410 
175.0286860999986;-0.2237;0.0000;-0.1377 
175.07642999999734;0.0000;0.0000;-0.5506 
175.12479449999955;0.0000;0.0000;0.0000 
175.17255440000008;0.0000;0.0000;0.0034 
175.23629869999786;0.0000;0.0000;-0.1377 
175.28426969999782;0.0000;0.0000;0.0034 
175.33241469999848;-0.4474;0.0000;0.0000 
175.38038059999963;-0.4474;0.0000;-0.1377 
175.4284630000002;0.0000;0.0000;-0.2753 
175.4765105000006;-0.4474;0.0000;-0.1377 
175.54029269999955;-0.2237;0.0000;-0.1343 
175.58841029999894;0.0000;0.0000;-0.1377 
175.6363722999995;-0.4474;0.0000;0.0000 
175.6844232000003;-0.2237;0.0000;0.0034 
175.73239869999816;-0.4474;0.0000;-0.2753 
175.79625269999815;-0.4474;0.0000;-0.1377 
175.84439360000033;-0.2237;0.0000;-0.1377 
175.89246979999734;-0.4474;0.0000;-0.1377 
175.9403824000001;-0.4474;0.0000;-0.1377 
176.00420409999788;-0.2237;0.0000;0.0000 
176.05229540000073;0.0000;0.0000;0.0000 
176.1003939000002;-0.2237;0.0000;-0.1377 
176.14853049999874;-0.2237;0.0000;0.2787 
176.19686359999832;-0.6711;0.0000;-0.1377 
176.26025659999868;-0.6711;0.0000;-0.1377 
176.3083493999984;0.0000;0.0000;0.1410 
176.3562297999997;-0.2237;0.0000;0.0000 
176.40459270000065;-0.2237;0.0000;-0.2753 
176.45322329999908;-0.2237;0.0000;-0.1377 
176.50034589999996;-0.6711;0.0000;-0.1377 
176.56420779999826;0.0000;0.0000;0.0000 
176.61225840000043;0.0000;0.0000;0.0000 
176.66029219999837;-0.2237;0.0000;0.0000 
176.70826769999985;-0.2237;0.0000;-0.1377 
176.75642940000034;-0.2237;0.0000;0.0000 
176.8045018999983;-0.2237;0.0000;-0.1377 
176.8682807999976;-0.2237;0.0000;-0.1377 
176.91668319999735;-0.2237;0.0000;0.0034 
176.9644229000005;-0.4474;0.0000;0.0000 
177.01250069999878;-0.4474;0.0000;0.0000 
177.06050849999883;0.0000;0.0000;-0.1343 
177.10855249999804;-0.4474;0.0000;-0.4130 
177.1723091999993;-0.4474;0.0000;-0.1377 
177.22032620000027;-0.2237;0.0000;0.0034 
177.2687081999975;-0.2237;0.0000;-0.2753 
177.3321818000004;-0.2237;0.0000;-0.1377 
177.38016639999842;-0.2237;0.0000;0.0000 
177.42839230000027;-0.2237;0.0000;-0.5506 
177.47653870000067;-0.2237;0.0000;-0.1377 
177.5244963999976;-0.2237;0.0000;-0.1377 
177.57259319999866;-0.2237;0.0000;0.0000 
177.6361496999998;-0.4474;0.0000;0.0000 
177.68452569999863;0.2237;0.0000;0.0000 
177.73227720000068;0.2237;0.0000;-0.2753 
177.78045859999838;-0.2237;0.0000;0.0000 
177.82848679999734;-0.2237;0.0000;0.1377 
177.87666460000037;-0.2237;0.0000;-0.1377 
177.9401313999988;-0.4474;0.0000;-0.5506 
177.98827019999953;-0.2237;0.0000;-0.1377 
178.0363918999974;0.0000;0.0000;-0.1377 
178.0843494999972;-0.4474;0.0000;-0.1377 
178.13245959999767;0.0000;0.0000;-0.2753 
178.1963183000007;-0.2237;0.0000;-0.1377 
178.244517799998;-0.4474;0.0000;-0.2753 
178.29240199999913;-0.6711;0.0000;-0.1377 
178.34049120000054;-0.2237;0.0000;-0.1377 
178.38858699999764;0.2237;0.0000;0.0034 
178.45237989999805;-0.2237;0.0000;-0.1377 
178.5004201999982;-0.4474;0.0000;-0.1377 
178.5483643999978;-0.4474;0.0000;-0.2719 
178.59680899999876;0.2237;0.0000;-0.1343 
178.6602751999999;-0.4474;0.0000;0.0034 
178.7092746999988;-0.2237;0.0000;-0.2753 
178.7567500999976;0.0000;0.0000;0.0000 
178.80429939999885;-0.4474;0.0000;0.0034 
178.85241300000052;-0.2237;0.0000;0.0000 
178.90029949999735;-0.2237;0.0000;-0.2753 
178.94850829999996;0.2237;0.0000;0.2753 
179.01229769999918;-0.2237;0.0000;0.0000 
179.06016810000074;0.0000;0.0000;0.0000 
179.10832469999878;-0.2237;0.0000;-0.1377 
179.1566920999976;-0.2237;0.0000;0.0000 
179.2042741999976;0.0000;0.0000;-0.1377 
179.25238439999885;-0.2237;0.0000;-0.4130 
179.31623499999841;-0.2237;0.0000;-0.2753 
179.36414239999795;-0.4474;0.0000;0.1377 
179.41234709999844;-0.4474;0.0000;0.0034 
179.46102789999713;-0.2237;0.0000;-0.2753 
179.50850069999797;0.0000;0.0000;0.0000 
179.55660069999794;-0.2237;0.0000;-0.1343 
179.6045806000002;-0.2237;0.0000;0.0000 
179.66872579999836;-0.4474;0.0000;0.1410 
179.71719339999981;-0.4474;0.0000;-0.2753 
179.76443169999766;0.2237;0.0000;-0.1377 
179.81249829999797;0.2237;0.0000;-0.1377 
179.8605568999992;-0.2237;0.0000;-0.1377 
179.9242966999991;-0.2237;0.0000;-0.1377 
179.9722464999977;0.0000;0.0000;-0.2753 
180.02039689999947;-0.4474;0.0000;-0.1377 
180.0684571999991;-0.2237;0.0000;0.0000 
180.1166822999985;-0.2237;0.0000;-0.1377 
180.18021360000057;-0.4474;0.0000;-0.1377 
180.22837710000022;-0.2237;0.0000;-0.1377 
180.2766350999991;-0.4474;0.0000;-0.2753 
180.34029689999807;-0.6711;0.0000;-0.2753 
180.38822860000073;0.0000;0.0000;-0.1377 
180.43659990000015;-0.4474;0.0000;-0.2753 
180.48464199999944;-0.2237;0.0000;-0.4130 
180.54817940000066;-0.2237;0.0000;-0.1377 
180.59626389999903;-0.4474;0.0000;-0.1377 
180.64429329999984;0.0000;0.0000;-0.2753 
180.6924618999983;-0.2237;0.0000;-0.1377 
180.74046839999937;0.0000;0.0000;0.0000 
180.7888146999976;-0.2237;0.0000;0.0034 
180.85213369999838;0.0000;0.0000;-0.2753 
180.90027650000047;-0.2237;0.0000;-0.4130 
180.94841299999825;-0.2237;0.0000;-0.1377 
180.9965063999989;0.0000;0.0000;0.0000 
181.04465659999914;-0.4474;0.0000;0.0034 
181.09262309999758;-0.2237;0.0000;-0.1377 
181.15639069999816;-0.6711;0.0000;-0.1377 
181.20433629999752;-0.2237;0.0000;-0.1377 
181.25247149999996;-0.2237;0.0000;-0.2753 
181.3005185999973;0.0000;0.0000;0.1377 
181.36414719999811;0.0000;0.0000;-0.2753 
181.41230019999784;-0.2237;0.0000;-0.1377 
181.46038989999943;0.0000;0.0000;-0.1377 
181.5084218999982;-0.2237;0.0000;-0.2753 
181.55636089999825;-0.2237;0.0000;0.0034 
181.62016239999866;0.0000;0.0000;-0.1343 
181.668569999998;0.0000;0.0000;-0.1377 
181.7163299999993;0.0000;0.0000;0.0034 
181.76447819999885;-0.6711;0.0000;-0.2753 
181.81250200000068;-0.4474;0.0000;0.1410 
181.86034889999792;-0.6711;0.0000;-0.1377 
181.92424570000003;-0.4474;0.0000;-0.1377 
181.97240859999874;0.0000;0.0000;-0.1377 
182.02054979999957;-0.2237;0.0000;-0.1377 
182.0684399999991;-0.2237;0.0000;0.0000 
182.11652529999992;0.0000;0.0000;-0.1377 
182.16448590000073;0.0000;0.0000;0.0000 
182.2287737000006;-0.4474;0.0000;-0.1377 
182.27620620000016;0.0000;0.0000;0.0000 
182.32427800000005;-0.2237;0.0000;-0.2753 
182.37265689999913;-0.4474;0.0000;0.1410 
182.42035340000075;-0.2237;0.0000;0.0034 
182.4847426999986;-0.2237;0.0000;-0.4130 
182.53226489999724;-0.2237;0.0000;0.1410 
182.58033419999992;0.0000;0.0000;-0.2753 
182.6284486000004;-0.2237;0.0000;-0.1377 
182.6765263999987;-0.4474;0.0000;-0.1343 
182.74049869999726;-0.4474;0.0000;-0.2753 
182.78864059999978;-0.2237;0.0000;-0.1377 
182.8365565999993;-0.2237;0.0000;-0.2753 
182.8843190999978;0.0000;0.0000;0.0034 
182.9325590999979;-0.4474;0.0000;-0.1377 
182.99679979999928;0.0000;0.0000;0.1410 
183.04466399999728;-0.2237;0.0000;0.0000 
183.09229889999915;-0.4474;0.0000;0.1410 
183.14035499999954;-0.2237;0.0000;-0.2753 
183.18842849999783;0.0000;0.0000;0.0034 
183.2365310999994;0.0000;0.0000;-0.2753 
183.30021919999854;-0.4474;0.0000;-0.1377 
183.3482910999992;-0.2237;0.0000;0.0034 
183.3966830999998;-0.2237;0.0000;-0.2753 
183.44438979999904;0.0000;0.0000;-0.2719 
183.49248889999944;-0.2237;0.0000;-0.1377 
183.55619730000035;-0.4474;0.0000;-0.2753 
183.60415769999963;0.0000;0.0000;0.1377 
183.65232079999987;0.0000;0.0000;0.1377 
183.70018849999906;-0.2237;0.0000;0.0034 
183.74847699999737;-0.2237;0.0000;0.1410 
183.79652409999835;-0.4474;0.0000;-0.1377 
183.8448348999991;-0.2237;0.0000;-0.1377 
183.89240860000064;-0.2237;0.0000;0.0000 
183.9563261000003;0.0000;0.0000;-0.2753 
184.00426249999873;-0.2237;0.0000;0.0000 
184.05229379999946;-0.2237;0.0000;0.0000 
184.10038759999952;-0.2237;0.0000;0.0034 
184.14888900000005;-0.4474;0.0000;-0.2753 
184.21243049999975;-0.4474;0.0000;-0.1377 
184.26036819999717;-0.2237;0.0000;0.4130 
184.3084166999979;-0.2237;0.0000;-0.1343 
184.35644630000024;-0.2237;0.0000;0.0000 
184.40478169999915;0.0000;0.0000;-0.4130 
184.46827739999935;-0.2237;0.0000;-0.1377 
184.5165773999979;0.0000;0.0000;-0.2753 
184.5644011000004;-0.2237;0.0000;-0.2753 
184.61233359999824;-0.2237;0.0000;-0.1377 
184.67618609999772;-0.4474;0.0000;-0.2753 
184.72433719999754;-0.4474;0.0000;-0.2753 
184.7723776999992;-0.4474;0.0000;-0.2753 
184.82055579999724;-0.2237;0.0000;0.0000 
184.86870400000043;0.0000;0.0000;-0.1343 
184.93228779999845;-0.2237;0.0000;-0.2753 
184.98079850000067;-0.4474;0.0000;0.0034 
185.02830849999737;0.0000;0.0000;0.1410 
185.07639030000064;0.0000;0.0000;0.0034 
185.12476409999726;0.0000;0.0000;0.1410 
185.17244749999736;-0.2237;0.0000;-0.1377 
185.22047779999775;-0.2237;0.0000;-0.1377 
185.2848191999983;-0.4474;0.0000;-0.1377 
185.33232299999872;0.0000;0.0000;-0.1377 
185.3803958999997;0.0000;0.0000;0.0000 
185.42834289999882;-0.2237;0.0000;0.0034 
185.47634059999837;0.0000;0.0000;0.0000 
185.52432269999917;-0.4474;0.0000;-0.1377 
185.58839349999835;-0.2237;0.0000;-0.1343 
185.63630080000075;0.0000;0.0000;0.0000 
185.6843181999975;-0.4474;0.0000;-0.1377 
185.7323428999989;-0.4474;0.0000;-0.2753 
185.7805047999973;-0.2237;0.0000;0.0000 
185.82857990000048;-0.2237;0.0000;-0.1377 
185.87654819999807;0.2237;0.0000;0.0000 
185.94025469999906;-0.2237;0.0000;0.0034 
185.9883650999982;-0.2237;0.0000;0.0000 
186.03693009999915;-0.2237;0.0000;0.0000 
186.08441929999753;0.0000;0.0000;0.0034 
186.13239389999944;0.2237;0.0000;-0.1377 
186.1810435999978;-0.2237;0.0000;-0.1377 
186.24427939999805;-0.2237;0.0000;-0.1377 
186.29227659999742;-0.2237;0.0000;-0.1377 
186.34029199999713;-0.2237;0.0000;0.0000 
186.38838960000066;-0.2237;0.0000;0.0000 
186.43643279999742;0.0000;0.0000;-0.2753 
186.50023359999977;-0.4474;0.0000;-0.1377 
186.54831170000034;-0.4474;0.0000;0.0000 
186.5961948999975;-0.4474;0.0000;0.1377 
186.6445762000003;-0.2237;0.0000;-0.1377 
186.69240849999915;-0.2237;0.0000;-0.1377 
186.75626919999922;-0.2237;0.0000;0.0000 
186.804129199998;-0.2237;0.0000;0.0000 
186.85231759999806;-0.4474;0.0000;-0.1377 
186.90023239999937;-0.2237;0.0000;-0.1377 
186.94860309999785;-0.4474;0.0000;-0.2753 
187.01229129999774;-0.2237;0.0000;-0.1377 
187.0603536999988;0.0000;0.0000;-0.1377 
187.1082710999981;-0.2237;0.0000;-0.4130 
187.15648809999766;0.0000;0.0000;0.0000 
187.20428689999972;-0.2237;0.0000;0.1377 
187.25247789999776;-0.4474;0.0000;0.1410 
187.31623059999765;-0.2237;0.0000;-0.2753 
187.36428819999855;-0.4474;0.0000;-0.1377 
187.41249609999795;-0.2237;0.0000;0.1377 
187.46033669999815;0.0000;0.0000;-0.2753 
187.50842919999923;-0.2237;0.0000;0.0000 
187.5565745999993;0.0000;0.0000;-0.1377 
187.62020420000044;0.0000;0.0000;-0.1377 
187.66826740000033;-0.2237;0.0000;-0.1377 
187.71642009999778;0.0000;0.0000;-0.1377 
187.7644681999991;0.0000;0.0000;-0.2753 
187.81243320000067;0.0000;0.0000;-0.2753 
187.86052890000065;0.0000;0.0000;-0.4130 
187.92422629999783;-0.4474;0.0000;-0.1377 
187.97229169999991;0.0000;0.0000;-0.2753 
188.02031109999734;0.0000;0.0000;-0.1343 
188.06865529999777;-0.2237;0.0000;-0.1377 
188.1165751999979;-0.2237;0.0000;-0.2753 
188.18034110000008;-0.4474;0.0000;-0.1343 
188.22831170000063;-0.2237;0.0000;0.0000 
188.27669830000013;-0.4474;0.0000;-0.1377 
188.3245524999984;0.0000;0.0000;-0.1377 
188.3725145999997;0.0000;0.0000;-0.1377 
188.43621770000027;-0.2237;0.0000;-0.1377 
188.48436909999873;-0.2237;0.0000;-0.1377 
188.5322629000002;-0.4474;0.0000;-0.1377 
188.58038209999722;-0.2237;0.0000;0.0000 
188.64418440000009;-0.2237;0.0000;-0.1377 
188.69226269999854;-0.6711;0.0000;0.1410 
188.74047000000064;-0.4474;0.0000;-0.1377 
188.78860509999868;-0.2237;0.0000;-0.1377 
188.83641910000006;-0.2237;0.0000;0.0000 
188.90027749999717;-0.2237;0.0000;-0.1377 
188.94842079999944;-0.2237;0.0000;-0.1377 
188.99638109999796;0.0000;0.0000;0.0000 
189.0459826999977;-0.2237;0.0000;0.0034 
189.09241309999925;-0.4474;0.0000;-0.2753 
189.1563122999978;-0.2237;0.0000;-0.1377 
189.20427199999904;-0.2237;0.0000;-0.1377 
189.25233599999774;-0.2237;0.0000;0.0000 
189.3008521999982;-0.2237;0.0000;0.0000 
189.34856930000024;-0.2237;0.0000;-0.1377 
189.412270599998;-0.4474;0.0000;0.0034 
189.46041279999918;-0.2237;0.0000;0.1410 
189.50827699999718;-0.8948;0.0000;0.0000 
189.55691039999874;-0.2237;0.0000;-0.1377 
189.60451479999756;-0.2237;0.0000;-0.1377 
189.6682953999989;-0.4474;0.0000;-0.1377 
189.7162360000002;-0.2237;0.0000;0.0000 
189.7647397999972;-0.2237;0.0000;-0.2753 
189.81255989999772;-0.4474;0.0000;-0.1377 
189.87617879999743;-0.2237;0.0000;-0.1377 
189.92426309999792;-0.2237;0.0000;-0.2753 
189.9722440000005;-0.2237;0.0000;-0.2753 
190.0203251999992;-0.2237;0.0000;0.0000 
190.06866660000014;0.0000;0.0000;-0.2753 
190.13229239999782;-0.2237;0.0000;-0.1343 
190.18042330000026;-0.2237;0.0000;-0.2753 
190.22860809999838;-0.2237;0.0000;-0.2753 
190.27669109999988;-0.2237;0.0000;-0.1377 
190.34038080000028;-0.2237;0.0000;-0.1343 
190.38826440000048;-0.2237;0.0000;0.1377 
190.4363233999975;-0.4474;0.0000;0.0034 
190.48436629999924;0.0000;0.0000;0.0000 
190.53251499999897;-0.4474;0.0000;-0.1377 
190.58052339999995;0.0000;0.0000;0.0000 
190.644209099999;-0.2237;0.0000;-0.1377 
190.69220040000073;0.2237;0.0000;0.0000 
190.74023229999875;0.0000;0.0000;-0.1377 
190.78847179999866;0.0000;0.0000;0.0034 
190.83634179999717;-0.2237;0.0000;-0.2753 
190.8846315999981;0.0000;0.0000;-0.2753 
190.9481065;-0.2237;0.0000;-0.2753 
190.99629389999973;-0.2237;0.0000;0.0034 
191.04427189999842;-0.2237;0.0000;-0.1343 
191.0925231000001;-0.2237;0.0000;-0.2753 
191.14027129999886;-0.2237;0.0000;-0.2753 
191.2041360999974;-0.2237;0.0000;-0.2753 
191.25225279999722;-0.2237;0.0000;0.0034 
191.30033679999906;0.0000;0.0000;-0.2753 
191.3486058999988;-0.4474;0.0000;-0.2753 
191.41226370000004;-0.4474;0.0000;-0.2753 
191.46030229999815;0.2237;0.0000;-0.1377 
191.5083315999982;-0.2237;0.0000;0.0000 
191.55717869999717;-0.4474;0.0000;0.0000 
191.60440449999805;0.0000;0.0000;-0.1377 
191.65248090000023;-0.2237;0.0000;-0.4130 
191.7162798999998;0.2237;0.0000;-0.1377 
191.7641466999994;-0.6711;0.0000;0.2753 
191.81296459999794;0.0000;0.0000;-0.1377 
191.8603579999981;-0.4474;0.0000;-0.2753 
191.9084296000001;0.0000;0.0000;-0.1377 
191.95643439999913;-0.2237;0.0000;-0.1377 
192.02025949999734;-0.2237;0.0000;-0.2753 
192.06837529999757;-0.2237;0.0000;-0.1377 
192.11681269999826;-0.8948;0.0000;0.1377 
192.16435329999877;-0.6711;0.0000;-0.1377 
192.2282121999997;-0.2237;0.0000;0.0000 
192.27626269999746;0.0000;0.0000;-0.2753 
192.3243111999982;0.0000;0.0000;-0.1377 
192.3725158999987;-0.4474;0.0000;-0.2753 
192.4203035999999;-0.4474;0.0000;0.0000 
192.46858190000057;0.0000;0.0000;-0.1377 
192.53223669999716;-0.2237;0.0000;-0.1377 
192.5802812999973;-0.2237;0.0000;0.1410 
192.6282116000002;-0.4474;0.0000;-0.1377 
192.67665750000015;-0.2237;0.0000;0.2787 
192.72470969999995;-0.6711;0.0000;0.0000 
192.7881422999999;-0.4474;0.0000;-0.1377 
192.83629870000004;0.0000;0.0000;-0.4130 
192.8842584999984;-0.4474;0.0000;0.0000 
192.93226009999853;-0.2237;0.0000;-0.2753 
192.98078879999957;-0.4474;0.0000;-0.2753 
193.04430030000003;-0.2237;0.0000;-0.1343 
193.09226130000025;-0.2237;0.0000;0.5540 
193.14037379999718;0.0000;0.0000;0.0000 
193.18824329999916;-0.2237;0.0000;0.0000 
193.23621789999743;-0.4474;0.0000;0.1377 
193.28452619999734;-0.2237;0.0000;-0.2753 
193.33270939999784;0.0000;0.0000;0.0000 
193.3962477999994;-0.4474;0.0000;-0.1377 
193.4441626000007;-0.2237;0.0000;-0.1377 
193.4923459999991;-0.2237;0.0000;0.2787 
193.5403684999983;-0.2237;0.0000;-0.1377 
193.58862210000007;-0.2237;0.0000;-0.1377 
193.65221549999842;0.0000;0.0000;-0.1377 
193.7002121000005;0.0000;0.0000;0.0000 
193.7483074999982;-0.4474;0.0000;-0.1377 
193.79627659999824;-0.2237;0.0000;-0.1377 
193.84446489999755;-0.2237;0.0000;0.1410 
193.89252619999752;-0.4474;0.0000;0.0034 
193.95630549999987;-0.2237;0.0000;0.0034 
194.0042919999978;-0.4474;0.0000;-0.1377 
194.05251900000076;-0.4474;0.0000;0.0000 
194.10042350000003;-0.4474;0.0000;-0.1377 
194.16423399999985;0.0000;0.0000;-0.1377 
194.21239299999797;-0.4474;0.0000;0.0000 
194.26101349999954;-0.2237;0.0000;-0.4130 
194.3085269000003;0.0000;0.0000;-0.2753 
194.35653749999983;-0.2237;0.0000;0.0034 
194.4201393000003;-0.2237;0.0000;-0.1377 
194.46897779999927;-0.2237;0.0000;0.4130 
194.51685729999735;-0.2237;0.0000;0.1410 
194.5655764999974;-0.2237;0.0000;0.0000 
194.61338969999997;-0.2237;0.0000;-0.1377 
194.6603056999993;-0.2237;0.0000;-0.1377 
194.72483210000064;-0.4474;0.0000;-0.1377 
194.7724277999987;-0.2237;0.0000;-0.1377 
194.8204325000006;-0.4474;0.0000;-0.1377 
194.8686076999984;0.0000;0.0000;0.0000 
194.91631679999773;-0.2237;0.0000;0.1410 
194.9800725999994;0.0000;0.0000;-0.1377 
195.0283249999993;0.0000;0.0000;-0.1377 
195.07686359999934;-0.4474;0.0000;0.0000 
195.12423249999847;-0.2237;0.0000;-0.2753 
195.17261919999873;-0.2237;0.0000;-0.2753 
195.22036809999918;-0.6711;0.0000;0.0000 
195.2841546999989;-0.2237;0.0000;-0.1343 
195.33307109999805;0.0000;0.0000;0.0034 
195.38060419999965;-0.2237;0.0000;-0.4130 
195.42820559999745;-0.2237;0.0000;0.1410 
195.47635760000048;0.0000;0.0000;-0.1377 
195.52443399999902;0.0000;0.0000;-0.4130 
195.57238610000059;-0.2237;0.0000;0.0000 
195.63627549999728;-0.2237;0.0000;0.0034 
195.68423880000046;-0.4474;0.0000;-0.1377 
195.73228489999747;-0.2237;0.0000;-0.1377 
195.7805090999973;-0.4474;0.0000;-0.1377 
195.8442142999993;-0.2237;0.0000;-0.1377 
195.8923509999986;-0.2237;0.0000;-0.2753 
195.94023519999973;-0.2237;0.0000;-0.1377 
196.00420379999923;-0.2237;0.0000;-0.2753 
196.05216689999725;-0.2237;0.0000;0.0000 
196.10013489999983;-0.2237;0.0000;-0.2753 
196.14858399999866;-0.4474;0.0000;0.1410 
196.19639800000004;-0.2237;0.0000;0.1410 
196.24513780000052;0.0000;0.0000;-0.1377 
196.29303629999777;-0.4474;0.0000;-0.4130 
196.3566800999979;-0.2237;0.0000;-0.1377 
196.4042929999996;-0.2237;0.0000;-0.1377 
196.45283259999997;-0.4474;0.0000;-0.2753 
196.5020403999988;0.0000;0.0000;-0.5506 
196.56428239999877;-0.2237;0.0000;-0.1377 
196.61229950000052;-0.2237;0.0000;-0.1377 
196.6603703999972;-0.2237;0.0000;0.0000 
196.70866439999736;-0.2237;0.0000;-0.1377 
196.75672029999987;-0.2237;0.0000;-0.2753 
196.82007729999896;0.2237;0.0000;-0.1377 
196.86828249999962;-0.2237;0.0000;-0.2753 
196.91629719999764;-0.2237;0.0000;0.1377 
196.964646299999;-0.8948;0.0000;-0.4130 
197.01276339999822;-0.2237;0.0000;0.0034 
197.0605054000007;0.0000;0.0000;0.0000 
197.12412439999753;-0.2237;0.0000;-0.1343 
197.1731727999977;-0.4474;0.0000;0.1410 
197.2202561999984;0.0000;0.0000;0.0000 
197.2682136000003;0.4474;0.0000;-0.2753 
197.31646170000022;-0.2237;0.0000;-0.1377 
197.36434919999738;-0.4474;0.0000;0.1410 
197.41260619999957;0.0000;0.0000;-0.1377 
197.47620140000072;-0.2237;0.0000;0.0000 
197.52433779999774;-0.4474;0.0000;0.0000 
197.5724119999977;-0.2237;0.0000;-0.1377 
197.62043919999996;-0.4474;0.0000;-0.2753 
197.6689344999977;0.2237;0.0000;-0.1377 
197.73214150000058;-0.4474;0.0000;-0.1377 
197.7802539999975;-0.2237;0.0000;0.1377 
197.82848379999996;-0.2237;0.0000;-0.2719 
197.87635640000008;0.0000;0.0000;-0.2753 
197.9244551999982;-0.4474;0.0000;-0.1377 
197.98829759999717;-0.2237;0.0000;-0.1377 
198.03630169999815;-0.2237;0.0000;0.1410 
198.08494489999794;0.0000;0.0000;0.0000 
198.1324356999976;-0.2237;0.0000;0.1410 
198.18032279999898;-0.4474;0.0000;0.0034 
198.22863399999915;-0.2237;0.0000;-0.2753 
198.2765279999985;0.0000;0.0000;0.0034 
198.3410578999974;-0.4474;0.0000;-0.2753 
198.38832120000006;-0.4474;0.0000;0.0034 
198.43637339999987;0.0000;0.0000;-0.2753 
198.48449429999891;-0.4474;0.0000;-0.1377 
198.5487205999998;-0.2237;0.0000;-0.2753 
198.59663369999907;-0.2237;0.0000;-0.1377 
198.6446642999981;0.2237;0.0000;-0.1377 
198.69252159999814;-0.2237;0.0000;0.0034 
198.7408708999974;-0.2237;0.0000;0.0000 
198.80425619999733;-0.2237;0.0000;-0.2753 
198.85238989999925;-0.4474;0.0000;-0.2753 
198.90028959999836;-0.4474;0.0000;-0.2719 
198.94872469999973;-0.2237;0.0000;-0.1377 
199.0122255999995;-0.4474;0.0000;0.0034 
199.0602085999999;-0.2237;0.0000;-0.1377 
199.1085239999993;-0.2237;0.0000;-0.2753 
199.15642359999765;-0.2237;0.0000;0.0000 
199.20445599999948;-0.4474;0.0000;-0.1377 
199.26822959999845;-0.4474;0.0000;-0.1377 
199.31625449999774;0.0000;0.0000;-0.2753 
199.36431359999915;0.0000;0.0000;-0.2753 
199.41239230000065;-0.2237;0.0000;-0.1377 
199.47625699999844;-0.4474;0.0000;-0.1343 
199.5242064999984;-0.2237;0.0000;0.0000 
199.57227330000023;-0.2237;0.0000;-0.1377 
199.62055340000006;-0.4474;0.0000;-0.1377 
199.66843159999917;0.0000;0.0000;-0.1377 
199.73219339999923;-0.2237;0.0000;-0.1343 
199.78015310000046;0.0000;0.0000;0.0034 
199.8284528999975;0.0000;0.0000;-0.2753 
199.87649210000018;-0.2237;0.0000;0.0000 
199.9245665999988;-0.2237;0.0000;-0.1377 
199.98825329999818;-0.2237;0.0000;-0.2753 
200.03652499999953;-0.2237;0.0000;-0.1377 
200.08442849999847;-0.6711;0.0000;-0.1377 
200.13241149999885;-0.6711;0.0000;-0.2753 
200.19628139999986;-0.2237;0.0000;-0.2753 
200.24427880000076;0.0000;0.0000;-0.1377 
200.29268170000068;0.0000;0.0000;0.0000 
200.34053979999953;-0.4474;0.0000;-0.1377 
200.38847489999898;0.0000;0.0000;-0.1377 
200.43651099999988;-0.2237;0.0000;-0.1377 
200.5001455999991;-0.2237;0.0000;-0.1343 
200.54835159999857;-0.2237;0.0000;-0.4130 
200.5965021999982;-0.2237;0.0000;-0.2753 
200.64472039999964;-0.4474;0.0000;-0.1377 
200.70814139999857;0.0000;0.0000;0.0000 
200.7561519999981;-0.6711;0.0000;0.0000 
200.80430219999835;-0.4474;0.0000;0.0000 
200.85322929999893;-0.2237;0.0000;0.0000 
200.90034390000073;-0.4474;0.0000;0.0000 
200.9485739999982;0.0000;0.0000;-0.2753 
200.99654799999917;-0.4474;0.0000;0.0034 
201.04447159999836;-0.2237;0.0000;0.2787 
201.10883869999816;0.0000;0.0000;-0.2753 
201.1563662999979;-0.2237;0.0000;-0.4130 
201.20434199999727;-0.4474;0.0000;0.0000 
201.2524830000002;-0.6711;0.0000;-0.4096 
201.31625619999977;-0.4474;0.0000;-0.1377 
201.3642037999998;0.0000;0.0000;-0.2753 
201.41218269999808;-0.2237;0.0000;-0.1377 
201.46038829999816;-0.2237;0.0000;-0.1377 
201.50845990000016;-0.6711;0.0000;0.0000 
201.5721769999982;0.0000;0.0000;-0.1343 
201.6201700999991;-0.2237;0.0000;0.0000 
201.66826379999839;-0.2237;0.0000;0.0034 
201.71625519999725;-0.4474;0.0000;-0.2753 
201.7645150999997;-0.2237;0.0000;-0.1377 
201.82815669999763;-0.2237;0.0000;0.0000 
201.8763739999995;-0.2237;0.0000;0.1410 
201.92452699999922;-0.2237;0.0000;-0.1377 
201.9725092999979;-0.2237;0.0000;-0.2753 
202.03617509999822;-0.4474;0.0000;-0.1377 
202.08417460000055;-0.2237;0.0000;-0.1377 
202.13248419999945;-0.2237;0.0000;0.0034 
202.18063819999952;-0.2237;0.0000;0.0000 
202.2285265999999;-0.2237;0.0000;-0.2753 
202.29233439999734;-0.4474;0.0000;-0.2753 
202.3403646000006;-0.2237;0.0000;-0.1377 
202.38843089999864;-0.4474;0.0000;0.0000 
202.4364029999997;-0.2237;0.0000;0.0034 
202.4845185999984;-0.6711;0.0000;-0.1343 
202.54835359999925;-0.8948;0.0000;-0.2753 
202.59636979999777;-0.4474;0.0000;-0.1377 
202.64453549999962;-0.2237;0.0000;-0.1377 
202.70823499999824;-0.4474;0.0000;-0.2753 
202.75646979999874;0.0000;0.0000;-0.1377 
202.80436890000055;-0.2237;0.0000;-0.1343 
202.85245619999841;-0.2237;0.0000;-0.1343 
202.90037909999955;-0.2237;0.0000;0.1410 
202.96424520000073;-0.2237;0.0000;0.1410 
203.01221529999748;-0.4474;0.0000;-0.1377 
203.06039539999983;-0.4474;0.0000;-0.2753 
203.10989490000065;0.0000;0.0000;0.0000 
203.15635359999942;-0.4474;0.0000;0.0000 
203.2044805000005;0.0000;0.0000;-0.2753 
203.26833189999888;-0.2237;0.0000;-0.1377 
203.31628219999766;0.0000;0.0000;-0.1343 
203.3646974000003;-0.2237;0.0000;0.1410 
203.4124152000004;-0.2237;0.0000;0.1410 
203.46024489999763;0.2237;0.0000;-0.1343 
203.50851369999873;-0.4474;0.0000;0.0000 
203.55651079999734;-0.6711;0.0000;0.0000 
203.60426179999922;0.0000;0.0000;0.0000 
203.66828059999898;-0.2237;0.0000;-0.4130 
203.71674119999807;-0.4474;0.0000;-0.1377 
203.7645225999986;-0.2237;0.0000;-0.1343 
203.8123154999994;-0.2237;0.0000;-0.2753 
203.87620009999955;-0.2237;0.0000;-0.4130 
203.92449139999735;-0.2237;0.0000;-0.2753 
203.9723629;0.0000;0.0000;0.0034 
204.0202821999992;-0.4474;0.0000;0.0000 
204.0687109999999;0.4474;0.0000;0.0034 
204.1322426000006;-0.2237;0.0000;-0.1377 
204.18013040000005;0.0000;0.0000;-0.1377 
204.22826150000037;-0.2237;0.0000;-0.2753 
204.2768419999993;-0.2237;0.0000;-0.1377 
204.3246607000001;-0.4474;0.0000;-0.1343 
204.3881193999987;0.0000;0.0000;-0.1377 
204.436256099998;-0.4474;0.0000;-0.2753 
204.48429659999965;-0.2237;0.0000;0.0000 
204.53250149999803;-0.2237;0.0000;-0.1377 
204.5806945000004;-0.4474;0.0000;0.2787 
204.64402920000066;-0.2237;0.0000;-0.1377 
204.69231319999744;-0.4474;0.0000;0.0000 
204.74019739999858;0.0000;0.0000;-0.1377 
204.78839080000034;-0.6711;0.0000;0.1377 
204.8363696999986;0.0000;0.0000;0.0000 
204.88543939999727;0.0000;0.0000;0.0034 
204.9324388999994;-0.2237;0.0000;0.0000 
204.98038309999902;-0.2237;0.0000;0.2787 
205.02886939999735;-0.2237;0.0000;0.0034 
205.09238989999722;-0.2237;0.0000;-0.2753 
205.1401296999975;-0.2237;0.0000;0.0034 
205.1883377999984;-0.2237;0.0000;0.1410 
205.23624819999895;-0.6711;0.0000;-0.4130 
205.28464149999854;-0.2237;0.0000;0.0000 
205.34858629999871;0.0000;0.0000;-0.2753 
205.39706229999865;0.0000;0.0000;-0.1343 
205.44536069999958;-0.2237;0.0000;-0.1377 
205.49240819999977;-0.2237;0.0000;-0.1377 
205.54070019999926;0.0000;0.0000;-0.1377 
205.60418220000065;-0.2237;0.0000;0.1410 
205.65221819999715;-0.4474;0.0000;0.0000 
205.70096849999754;-0.4474;0.0000;0.1377 
205.748190899998;0.0000;0.0000;-0.4130 
205.79631679999875;-0.2237;0.0000;0.0000 
205.84450060000017;-0.6711;0.0000;-0.1377 
205.9082116999998;-0.2237;0.0000;-0.1377 
205.95631329999742;0.0000;0.0000;-0.1377 
206.0045919999975;-0.2237;0.0000;-0.2753 
206.05236159999913;-0.4474;0.0000;-0.1377 
206.11617589999878;-0.4474;0.0000;-0.2753 
206.16421179999816;0.0000;0.0000;-0.1377 
206.2121987999999;0.0000;0.0000;-0.1377 
206.26032329999725;-0.8948;0.0000;-0.1377 
206.3085461999981;-0.2237;0.0000;-0.4130 
206.37212949999957;-0.2237;0.0000;-0.1377 
206.42021199999726;-0.4474;0.0000;-0.2753 
206.46849099999963;-0.2237;0.0000;-0.2753 
206.51635009999882;-0.4474;0.0000;0.1377 
206.58011459999761;-0.2237;0.0000;0.1377 
206.62939849999748;-0.2237;0.0000;-0.2753 
206.67624819999764;0.0000;0.0000;-0.2753 
206.7243985999994;-0.2237;0.0000;-0.2719 
206.77235139999902;-0.4474;0.0000;0.0000 
206.83618709999791;-0.4474;0.0000;-0.1377 
206.8843839000001;-0.2237;0.0000;-0.1377 
206.9323635999972;-0.2237;0.0000;-0.1377 
206.98064859999795;0.0000;0.0000;-0.4130 
207.04415679999875;-0.2237;0.0000;-0.2753 
207.0921974999983;0.0000;0.0000;-0.1377 
207.14098939999894;0.0000;0.0000;-0.1377 
207.1887547999977;-0.2237;0.0000;-0.1377 
207.23623579999912;-0.2237;0.0000;-0.1377 
207.30022449999888;-0.4474;0.0000;-0.1377 
207.3489469999986;0.0000;0.0000;-0.1377 
207.3971700000002;0.0000;0.0000;-0.1377 
207.4443687999992;-0.2237;0.0000;0.0034 
207.49234760000036;-0.2237;0.0000;0.0000 
207.54048509999848;-0.2237;0.0000;-0.1377 
207.60428669999965;-0.4474;0.0000;-0.1377 
207.65308059999734;-0.2237;0.0000;-0.1377 
207.70029639999848;0.0000;0.0000;-0.1377 
207.74862399999984;-0.2237;0.0000;0.0034 
207.81204459999935;0.0000;0.0000;-0.2753 
207.86010799999713;-0.2237;0.0000;-0.1377 
207.90827069999796;-0.4474;0.0000;-0.2753 
207.9561876000007;-0.2237;0.0000;0.0000 
208.0041801999978;0.0000;0.0000;-0.2753 
208.06927189999988;-0.6711;0.0000;-0.2753 
208.11617090000072;-0.4474;0.0000;-0.1377 
208.16415399999823;-0.2237;0.0000;-0.1377 
208.21240829999806;-0.2237;0.0000;-0.2753 
208.26020309999876;-0.6711;0.0000;0.4130 
208.3242571999981;-0.2237;0.0000;0.0034 
208.37209049999728;-0.2237;0.0000;0.0000 
208.42010359999767;0.0000;0.0000;0.0000 
208.46824129999732;-0.2237;0.0000;-0.1377 
208.51645409999765;-0.2237;0.0000;-0.1377 
208.56483039999875;-0.2237;0.0000;0.1410 
208.62814219999927;-0.2237;0.0000;-0.1343 
208.67632219999723;-0.2237;0.0000;-0.1377 
208.72427999999854;-0.4474;0.0000;0.0034 
208.7724605000003;0.0000;0.0000;-0.1377 
208.83604299999934;0.6711;0.0000;-0.2753 
208.8846573999981;-0.6711;0.0000;0.0034 
208.93240349999905;-0.2237;0.0000;0.0000 
208.98044669999945;0.0000;0.0000;-0.1377 
209.02863829999842;-0.2237;0.0000;0.1410 
209.07640369999717;-0.6711;0.0000;-0.1377 
209.12462479999886;0.0000;0.0000;-0.1377 
209.1885438999998;-0.4474;0.0000;-0.1377 
209.23678039999868;-0.4474;0.0000;-0.1377 
209.28436339999826;-0.2237;0.0000;-0.2753 
209.33245549999992;-0.2237;0.0000;-0.2753 
209.396495099998;0.0000;0.0000;-0.2753 
209.44428809999954;-0.2237;0.0000;-0.4130 
209.49239309999757;-0.4474;0.0000;-0.1377 
209.54047829999763;-0.2237;0.0000;-0.1377 
209.6041445999981;-0.2237;0.0000;0.0000 
209.6521365999979;0.0000;0.0000;-0.2753 
209.70017860000007;-0.2237;0.0000;-0.1343 
209.74819840000055;-0.2237;0.0000;0.0034 
209.79663119999896;0.0000;0.0000;0.0000 
209.84429889999956;-0.4474;0.0000;0.0000 
209.90886089999913;-0.2237;0.0000;-0.2753 
209.95610820000002;-0.2237;0.0000;-0.1377 
210.00425709999763;-0.2237;0.0000;-0.1377 
210.0523272999999;-0.4474;0.0000;-0.1377 
210.11610669999936;-0.4474;0.0000;0.0000 
210.16478239999924;-0.2237;0.0000;0.1410 
210.21226279999973;0.0000;0.0000;-0.1377 
210.2603476999975;0.0000;0.0000;-0.1377 
210.30825149999873;-0.2237;0.0000;0.1377 
210.35629469999913;-0.4474;0.0000;-0.4130 
210.42014969999946;-0.2237;0.0000;-0.1377 
210.46822889999748;-0.2237;0.0000;-0.1377 
210.5164186999973;-0.2237;0.0000;0.0000 
210.56450810000024;-0.8948;0.0000;-0.1343 
210.6280063999984;-0.4474;0.0000;-0.2753 
210.67639430000054;0.2237;0.0000;0.0000 
210.72419959999752;-0.2237;0.0000;0.1377 
210.7724847999998;-0.2237;0.0000;-0.2753 
210.82016909999948;0.0000;0.0000;0.0034 
210.86856029999763;-0.2237;0.0000;-0.1377 
210.91624319999755;-0.2237;0.0000;0.1410 
210.98016110000026;0.0000;0.0000;0.0034 
211.0286453999979;-0.2237;0.0000;0.0000 
211.0762141999985;0.0000;0.0000;-0.1377 
211.12507679999908;0.0000;0.0000;0.0000 
211.17236000000048;-0.2237;0.0000;-0.1377 
211.22041790000003;-0.2237;0.0000;-0.2753 
211.2843615999991;-0.4474;0.0000;0.0034 
211.33218940000006;-0.4474;0.0000;0.0034 
211.38044629999786;-0.2237;0.0000;0.0000 
211.4282964999984;-0.2237;0.0000;-0.2753 
211.47638899999947;-0.4474;0.0000;-0.2753 
211.54008789999716;-0.4474;0.0000;0.1410 
211.58841349999784;-0.2237;0.0000;0.0000 
211.63630679999915;-0.2237;0.0000;-0.1343 
211.68434539999726;-0.2237;0.0000;-0.1343 
211.73224049999772;-0.2237;0.0000;-0.1377 
211.79619479999747;-0.2237;0.0000;-0.2753 
211.84420239999963;0.0000;0.0000;-0.2753 
211.89236549999987;0.4474;0.0000;0.1410 
211.9402596;-0.2237;0.0000;-0.1377 
211.9884060000004;0.2237;0.0000;-0.1377 
212.05211299999792;0.4474;0.0000;-0.1377 
212.10018679999848;-0.4474;0.0000;0.0000 
212.14822300000014;0.0000;0.0000;-0.2753 
212.1972891999976;-0.4474;0.0000;-0.2753 
212.24422549999872;-0.4474;0.0000;-0.1377 
212.29255199999898;-0.2237;0.0000;0.0000 
212.35618450000038;-0.2237;0.0000;-0.1343 
212.40449069999886;-0.2237;0.0000;0.0000 
212.45287199999802;-0.2237;0.0000;-0.2753 
212.50026299999809;-0.4474;0.0000;-0.1377 
212.5642939999998;-0.2237;0.0000;-0.1377 
212.61226130000068;-0.2237;0.0000;-0.1343 
212.66174619999947;-0.2237;0.0000;-0.2753 
212.70822009999756;-0.2237;0.0000;-0.1377 
212.77211039999747;-0.6711;0.0000;0.0000 
212.82010760000048;-0.4474;0.0000;-0.1377 
212.86811129999842;-0.2237;0.0000;0.1410 
212.9162370999984;-0.2237;0.0000;-0.1377 
212.96495009999853;-0.2237;0.0000;-0.1377 
213.02836359999856;-0.2237;0.0000;-0.1377 
213.07629409999936;-0.2237;0.0000;0.1377 
213.12565890000042;-0.2237;0.0000;-0.2753 
213.1731280999993;-0.2237;0.0000;-0.2753 
213.2201944999979;0.0000;0.0000;0.0000 
213.2849752999973;-0.4474;0.0000;0.0000 
213.3322103999999;-0.4474;0.0000;0.0000 
213.38033770000038;-0.4474;0.0000;-0.1377 
213.42973919999713;0.0000;0.0000;-0.2753 
213.47634370000014;-0.2237;0.0000;0.0000 
213.52442999999766;0.2237;0.0000;-0.1343 
213.58826279999994;-0.2237;0.0000;-0.1377 
213.63651779999782;-0.4474;0.0000;-0.2753 
213.68446799999947;-0.4474;0.0000;-0.2753 
213.73235339999883;-0.4474;0.0000;-0.1377 
213.79617759999746;-0.2237;0.0000;-0.1377 
213.84440600000016;0.0000;0.0000;0.1410 
213.89214419999917;-0.4474;0.0000;0.0000 
213.94023649999872;-0.2237;0.0000;0.0000 
213.98837300000014;-0.2237;0.0000;-0.1377 
214.03624339999806;-0.2237;0.0000;0.0000 
214.10008209999796;0.2237;0.0000;-0.2753 
214.1483143000005;-0.8948;0.0000;-0.1377 
214.1962476999979;0.0000;0.0000;-0.1377 
214.24460940000063;-0.4474;0.0000;-0.1377 
214.29292559999885;0.0000;0.0000;-0.1377 
214.35614639999767;0.0000;0.0000;-0.1377 
214.40445270000055;0.0000;0.0000;-0.2753 
214.45271049999792;-0.2237;0.0000;-0.1343 
214.5007110000006;-0.4474;0.0000;0.0034 
214.54826499999763;0.0000;0.0000;0.0034 
214.59622699999818;-0.2237;0.0000;0.0000 
214.66148099999918;-0.2237;0.0000;0.0034 
214.70900529999926;-0.2237;0.0000;0.0000 
214.75620329999947;0.0000;0.0000;-0.1377 
214.80423619999783;0.0000;0.0000;-0.2753 
214.85235319999992;-0.2237;0.0000;-0.1377 
214.90028359999997;-0.6711;0.0000;0.0000 
214.94828609999968;-0.2237;0.0000;0.0000 
215.01223029999892;-0.2237;0.0000;-0.1377 
215.06017620000057;0.0000;0.0000;-0.4130 
215.10826199999792;0.0000;0.0000;-0.2753 
215.15629169999738;-0.2237;0.0000;-0.1377 
215.205403699998;-0.2237;0.0000;-0.2753 
215.26816379999946;0.2237;0.0000;-0.1377 
215.31623639999816;-0.2237;0.0000;0.0000 
215.36456030000045;-0.6711;0.0000;0.0034 
215.4123338999998;-0.4474;0.0000;-0.2719 
215.46130739999717;-0.2237;0.0000;-0.2753 
215.52432439999757;-0.2237;0.0000;0.0034 
215.5723517999977;-0.2237;0.0000;-0.1377 
215.6204101000003;0.0000;0.0000;-0.1377 
215.6684748000007;0.4474;0.0000;0.0000 
215.71618879999733;-0.2237;0.0000;0.2753 
215.76459719999912;-0.2237;0.0000;0.0000 
215.82813039999746;-0.2237;0.0000;-0.1377 
215.87623819999862;0.0000;0.0000;-0.1377 
215.92483679999714;-0.2237;0.0000;0.0000 
215.97217049999745;0.0000;0.0000;-0.1377 
216.02046609999888;-0.2237;0.0000;-0.1377 
216.08411849999902;-0.4474;0.0000;-0.1343 
216.13252020000073;-0.2237;0.0000;-0.1377 
216.1803340999977;0.0000;0.0000;0.0034 
216.22823710000011;0.0000;0.0000;0.1377 
216.2762941999972;-0.4474;0.0000;0.0000 
216.32448400000067;0.0000;0.0000;0.0034 
216.3723726999997;-0.2237;0.0000;0.0034 
216.4360620999978;0.0000;0.0000;-0.4130 
216.4841935000004;0.0000;0.0000;-0.1377 
216.53236470000047;-0.2237;0.0000;-0.2753 
216.58014419999745;-0.2237;0.0000;0.0000 
216.628748799998;-0.4474;0.0000;-0.1377 
216.67720399999962;0.0000;0.0000;0.0034 
216.74013899999773;-0.2237;0.0000;-0.2753 
216.78812299999845;0.0000;0.0000;-0.2753 
216.83610629999748;-0.2237;0.0000;-0.1377 
216.88546919999862;-0.2237;0.0000;0.0000 
216.93247899999915;-0.4474;0.0000;-0.1377 
216.99661339999875;0.0000;0.0000;-0.1377 
217.04423719999977;-0.2237;0.0000;0.0000 
217.09224249999897;-0.2237;0.0000;-0.1377 
217.14039499999853;-0.6711;0.0000;-0.1377 
217.18845639999927;-0.2237;0.0000;0.0034 
217.25204239999948;0.0000;0.0000;0.0000 
217.30104539999957;-0.2237;0.0000;-0.2753 
217.34856109999964;-0.4474;0.0000;0.0000 
217.39642950000052;0.0000;0.0000;-0.1377 
217.4443070999987;-0.2237;0.0000;-0.1377 
217.4925708999981;0.0000;0.0000;0.0034 
217.5568112999972;-0.2237;0.0000;-0.1377 
217.60412919999726;-0.2237;0.0000;-0.2753 
217.6524122999981;-0.2237;0.0000;-0.1377 
217.70053749999715;-0.2237;0.0000;-0.2753 
217.7640422000004;-0.2237;0.0000;0.0034 
217.81262109999807;-0.2237;0.0000;-0.5506 
217.86078609999822;0.0000;0.0000;-0.2753 
217.90843589999713;0.0000;0.0000;-0.1377 
217.95622960000037;0.0000;0.0000;0.0034 
218.02005689999714;-0.2237;0.0000;-0.1343 
218.06833489999917;-0.2237;0.0000;-0.1377 
218.11627509999744;-0.2237;0.0000;-0.2753 
218.16476669999975;-0.2237;0.0000;-0.2753 
218.21227759999965;-0.2237;0.0000;-0.2753 
218.27662249999776;-0.4474;0.0000;-0.1343 
218.32414860000063;0.0000;0.0000;-0.1377 
218.37220629999865;-0.4474;0.0000;0.0034 
218.42013099999895;-0.6711;0.0000;0.0000 
218.4683621999975;0.0000;0.0000;0.0000 
218.53210000000036;-0.6711;0.0000;-0.1377 
218.5801766000004;-0.4474;0.0000;-0.1377 
218.62837949999812;-0.4474;0.0000;0.0000 
218.67782869999792;-0.4474;0.0000;-0.1343 
218.724766299998;0.0000;0.0000;-0.1377 
218.78811739999946;-0.4474;0.0000;-0.2753 
218.8361698999979;0.0000;0.0000;-0.2719 
218.8842196000005;-0.4474;0.0000;-0.2753 
218.93315209999855;-0.2237;0.0000;-0.1377 
218.996005099998;-0.4474;0.0000;-0.2753 
219.0441291999996;-0.2237;0.0000;-0.2753 
219.0931442000001;-0.2237;0.0000;-0.1377 
219.14030429999912;-0.2237;0.0000;-0.2753 
219.20418399999835;-0.4474;0.0000;-0.1377 
219.25221969999984;-0.4474;0.0000;-0.2753 
219.3003972000006;-0.2237;0.0000;-0.1377 
219.34841589999996;-0.4474;0.0000;-0.1377 
219.41226359999928;-0.4474;0.0000;-0.2753 
219.46020589999898;-0.2237;0.0000;0.2787 
219.5082967999988;0.0000;0.0000;-0.2753 
219.5565936999992;0.0000;0.0000;0.0000 
219.60458769999968;-0.2237;0.0000;-0.1377 
219.66828919999898;-0.4474;0.0000;-0.1377 
219.71615329999986;-0.4474;0.0000;-0.1377 
219.76575199999934;-0.4474;0.0000;-0.2753 
219.81325229999857;-0.2237;0.0000;0.2753 
219.86066030000075;0.6711;0.0000;-0.2753 
219.9247378;-0.2237;0.0000;-0.1377 
219.97210129999803;0.0000;0.0000;0.0000 
220.02088019999792;-0.2237;0.0000;0.0000 
220.06814289999966;-0.4474;0.0000;0.0034 
220.11609289999979;0.0000;0.0000;-0.1377 
220.1641485;-0.4474;0.0000;-0.1377 
220.21223339999779;-0.2237;0.0000;0.0000 
220.2760582999981;-0.4474;0.0000;-0.1377 
220.32412269999986;-0.2237;0.0000;0.1377 
220.3722342000001;-0.4474;0.0000;-0.2719 
220.42151489999742;-0.4474;0.0000;-0.1377 
220.46827689999918;0.0000;0.0000;0.0000 
220.51766019999923;0.0000;0.0000;0.0034 
220.5801453999993;-0.2237;0.0000;-0.2753 
220.62865659999807;-0.4474;0.0000;0.0000 
220.67628319999858;0.2237;0.0000;-0.1377 
220.7242363999976;-0.4474;0.0000;0.0034 
220.77225890000045;-0.4474;0.0000;-0.1377 
220.83617930000037;-0.2237;0.0000;-0.2753 
220.8843178999996;-0.2237;0.0000;-0.1377 
220.93242309999914;-0.2237;0.0000;-0.1377 
220.98036469999715;-0.2237;0.0000;-0.5506 
221.04408989999865;-0.4474;0.0000;-0.1377 
221.0921770999994;-0.2237;0.0000;-0.2753 
221.14020609999716;-0.4474;0.0000;-0.1377 
221.18873639999947;-0.2237;0.0000;-0.1377 
221.25208829999974;0.0000;0.0000;0.0000 
221.3006628999974;-0.2237;0.0000;0.0034 
221.3482804999985;-0.2237;0.0000;-0.1377 
221.39631889999873;-0.2237;0.0000;-0.2753 
221.4444435999976;-0.4474;0.0000;0.0000 
221.50812199999928;-0.2237;0.0000;-0.1377 
221.55660910000006;-0.2237;0.0000;-0.1377 
221.60440000000017;-0.2237;0.0000;0.0000 
221.65233909999733;-0.4474;0.0000;0.0000 
221.7003728999989;-0.4474;0.0000;-0.1343 
221.7641322999989;-0.6711;0.0000;0.0000 
221.81224889999794;0.0000;0.0000;-0.1377 
221.86020590000044;0.2237;0.0000;0.1377 
221.9082500000004;-0.4474;0.0000;-0.1377 
221.95640400000048;-0.2237;0.0000;0.0000 
222.0044999999991;-0.4474;0.0000;-0.1377 
222.06812939999872;-0.4474;0.0000;-0.1343 
222.11610590000055;-0.2237;0.0000;0.0000 
222.16434119999758;-0.4474;0.0000;-0.1377 
222.21214429999964;-0.4474;0.0000;0.0034 
222.26022190000003;0.0000;0.0000;-0.1377 
222.30875739999829;-0.2237;0.0000;0.1377 
222.3721422999988;-0.4474;0.0000;0.0000 
222.42015089999768;0.0000;0.0000;-0.1377 
222.4682197000002;-0.2237;0.0000;0.0000 
222.5161479999988;-0.2237;0.0000;0.0034 
222.56447950000074;-0.4474;0.0000;-0.2753 
222.62812739999936;-0.2237;0.0000;-0.1377 
222.6762463999985;-0.4474;0.0000;-0.1377 
222.7241404999986;-0.4474;0.0000;-0.1377 
222.77242509999996;-0.2237;0.0000;-0.1377 
222.83597029999873;-0.6711;0.0000;0.0000 
222.88422969999738;-0.4474;0.0000;-0.1377 
222.93240239999795;-0.2237;0.0000;-0.1343 
222.980397299998;-0.4474;0.0000;-0.1377 
223.0440583999989;-0.4474;0.0000;0.0034 
223.0923511999972;-0.2237;0.0000;-0.1377 
223.1402080000007;-0.4474;0.0000;-0.2753 
223.1883483999991;-0.2237;0.0000;-0.1377 
223.2366163000006;0.0000;0.0000;-0.2753 
223.30022619999727;-0.2237;0.0000;-0.1377 
223.34807589999764;-0.2237;0.0000;-0.1377 
223.3966909999981;-0.6711;0.0000;-0.1377 
223.44419529999868;-0.2237;0.0000;0.0034 
223.50807469999927;-0.4474;0.0000;-0.1377 
223.55731019999803;-0.2237;0.0000;-0.1377 
223.6042071999982;0.0000;0.0000;0.0000 
223.65218280000045;-0.4474;0.0000;-0.2753 
223.70024299999932;-0.2237;0.0000;-0.1377 
223.7643844999984;-0.2237;0.0000;-0.2753 
223.812657399998;-0.2237;0.0000;-0.1377 
223.86017960000027;-0.2237;0.0000;-0.1377 
223.9081817999977;-0.2237;0.0000;-0.1377 
223.95635989999937;-0.4474;0.0000;0.0000 
224.02015929999834;-0.2237;0.0000;-0.1377 
224.06900259999748;-0.2237;0.0000;-0.1377 
224.11631230000057;-0.2237;0.0000;0.0000 
224.1642236000007;-0.2237;0.0000;-0.1377 
224.22812279999926;0.0000;0.0000;0.0034 
224.2761580999977;-0.2237;0.0000;0.0000 
224.3241272999985;-0.2237;0.0000;0.0000 
224.37223470000026;-0.4474;0.0000;0.0000 
224.42047549999916;-0.8948;0.0000;-0.1377 
224.4686671999989;-0.4474;0.0000;0.0034 
224.5321793999974;-0.2237;0.0000;0.0000 
224.58026550000068;-0.4474;0.0000;-0.2753 
224.62827769999785;0.0000;0.0000;0.0000 
224.67625000000044;-0.2237;0.0000;-0.4130 
224.7244632999973;0.0000;0.0000;-0.1377 
224.77252529999896;-0.4474;0.0000;-0.1377 
224.83613820000028;-0.2237;0.0000;-0.2753 
224.8842012999994;-0.2237;0.0000;0.0000 
224.93237659999795;0.0000;0.0000;-0.1377 
224.9802901999974;-0.4474;0.0000;-0.1377 
225.04408069999772;-0.2237;0.0000;-0.1377 
225.09222640000007;0.0000;0.0000;-0.1343 
225.14003189999858;0.0000;0.0000;0.0000 
225.1880627999999;0.0000;0.0000;-0.2753 
225.23682909999843;-0.4474;0.0000;0.0034 
225.28491709999798;-0.2237;0.0000;0.0034 
225.34810590000052;-0.4474;0.0000;-0.1377 
225.3961438999977;0.0000;0.0000;-0.1377 
225.4442631999991;-0.4474;0.0000;-0.2753 
225.4921288000005;0.2237;0.0000;-0.1377 
225.54037409999728;-0.2237;0.0000;-0.1377 
225.58839019999868;-0.2237;0.0000;0.0000 
225.65234509999937;-0.2237;0.0000;-0.1377 
225.70042459999968;-0.4474;0.0000;-0.1377 
225.7482349999991;0.0000;0.0000;-0.1377 
225.79622299999755;-0.4474;0.0000;-0.1377 
225.86021619999883;-0.2237;0.0000;-0.1377 
225.90820139999778;-0.2237;0.0000;0.0000 
225.95615510000061;0.0000;0.0000;-0.1377 
226.0042250000006;0.0000;0.0000;-0.1377 
226.05215459999818;-0.2237;0.0000;-0.1377 
226.10023549999823;-0.4474;0.0000;0.0000 
226.16408369999772;-0.4474;0.0000;0.0000 
226.21224599999914;-0.2237;0.0000;-0.2753 
226.26043460000074;-0.2237;0.0000;0.0034 
226.30825059999916;0.0000;0.0000;-0.2753 
226.35629469999913;0.2237;0.0000;0.0000 
226.40446429999793;-0.2237;0.0000;-0.2753 
226.46805759999916;-0.2237;0.0000;-0.1377 
226.51610479999727;-0.2237;0.0000;0.0000 
226.5643261999976;-0.2237;0.0000;0.4163 
226.6122847000006;-0.2237;0.0000;-0.1377 
226.66049179999754;0.0000;0.0000;-0.2753 
226.70861019999938;-0.2237;0.0000;0.1377 
226.77211969999917;0.4474;0.0000;-0.2753 
226.82015129999854;-0.2237;0.0000;0.0000 
226.8682105000007;0.0000;0.0000;0.4163 
226.9160974999977;0.0000;0.0000;-0.1377 
226.96415929999785;0.0000;0.0000;0.0000 
227.01222599999892;-0.2237;0.0000;-0.1377 
227.06019679999736;0.0000;0.0000;0.0000 
227.1081766999996;0.0000;0.0000;-0.1377 
227.1563583999996;0.0000;0.0000;-0.4130 
227.22006899999906;0.0000;0.0000;-0.1377 
227.2682571999976;0.0000;0.0000;-0.1377 
227.31618919999892;-0.2237;0.0000;0.0000 
227.36424590000024;-0.2237;0.0000;-0.1377 
227.41238169999997;-0.2237;0.0000;-0.1377 
227.4760822999997;0.0000;0.0000;-0.1377 
227.52409210000042;-0.6711;0.0000;0.0000 
227.57209519999742;-0.2237;0.0000;-0.1343 
227.62035520000063;-0.2237;0.0000;-0.2753 
227.66939020000063;-0.2237;0.0000;-0.4130 
227.73224879999907;-0.2237;0.0000;-0.1377 
227.78007299999808;0.0000;0.0000;-0.2753 
227.82875689999855;-0.4474;0.0000;0.0000 
227.87645770000017;-0.2237;0.0000;-0.4130 
227.92462560000058;0.0000;0.0000;-0.1377 
227.97246330000053;-0.2237;0.0000;0.0034 
228.0361766999995;-0.2237;0.0000;-0.1377 
228.08463459999984;-0.4474;0.0000;0.0000 
228.1323244999985;-0.4474;0.0000;-0.4130 
228.18016699999862;-0.4474;0.0000;0.0000 
228.22842879999735;-0.4474;0.0000;-0.2753 
228.2925273999972;-0.2237;0.0000;-0.1377 
228.34013779999805;-0.2237;0.0000;-0.1343 
228.38823670000056;-0.2237;0.0000;0.0034 
228.43633670000054;-0.2237;0.0000;-0.2753 
228.5000454000001;-0.4474;0.0000;-0.2753 
228.54818159999922;-0.4474;0.0000;-0.2753 
228.59633259999828;-0.2237;0.0000;-0.2753 
228.64431739999782;0.2237;0.0000;0.0000 
228.6923700999978;-0.4474;0.0000;-0.1377 
228.75629689999914;0.2237;0.0000;-0.1377 
228.8043003999992;0.0000;0.0000;-0.1377 
228.85257830000046;-0.6711;0.0000;-0.1377 
228.90034279999963;0.0000;0.0000;-0.2753 
228.94863409999743;-0.2237;0.0000;-0.1377 
229.01238530000046;-0.2237;0.0000;0.1410 
229.06014579999828;0.0000;0.0000;0.1410 
229.10821840000062;-0.2237;0.0000;0.0000 
229.15635589999874;-0.2237;0.0000;-0.1377 
229.20416280000063;0.0000;0.0000;0.1377 
229.25231409999833;0.0000;0.0000;-0.2753 
229.30016310000065;-0.4474;0.0000;-0.1377 
229.3640295999976;-0.4474;0.0000;-0.2753 
229.42490399999951;0.0000;0.0000;0.0034 
229.4601296999972;-0.4474;0.0000;0.0000 
229.50824680000005;-0.2237;0.0000;0.0000 
229.5562003999985;-0.2237;0.0000;-0.1377 
229.60443289999967;0.0000;0.0000;0.0034 
229.66818559999956;-0.2237;0.0000;-0.1377 
229.7162387999997;-0.2237;0.0000;0.0034 
229.76440829999774;-0.2237;0.0000;-0.1343 
229.81237909999982;-0.4474;0.0000;0.0000 
229.86014889999933;0.2237;0.0000;-0.1377 
229.90825679999762;-0.2237;0.0000;-0.1377 
229.97193109999716;-0.2237;0.0000;0.0000 
230.02002379999976;-0.4474;0.0000;-0.1377 
230.06829749999815;-0.6711;0.0000;-0.1377 
230.11610519999886;-0.2237;0.0000;0.0000 
230.16413789999933;-0.2237;0.0000;0.0000 
230.21214209999744;-0.4474;0.0000;0.1377 
230.27635739999823;-0.2237;0.0000;-0.2753 
230.32424659999742;-0.4474;0.0000;0.1377 
230.37219379999806;-0.2237;0.0000;-0.1377 
230.4202738999993;-0.2237;0.0000;-0.1377 
230.4839828999975;-0.2237;0.0000;-0.1343 
230.53207819999807;-0.4474;0.0000;0.0000 
230.58010269999795;-0.4474;0.0000;-0.2719 
230.62822550000055;-0.2237;0.0000;0.0000 
230.67716419999851;0.0000;0.0000;-0.1377 
230.72455129999798;-0.4474;0.0000;0.0034 
230.78835640000034;-0.4474;0.0000;-0.4130 
230.83718039999803;-0.4474;0.0000;-0.1377 
230.88428439999916;-0.2237;0.0000;0.1377 
230.9323148000003;-0.4474;0.0000;0.2753 
230.98055209999802;-0.2237;0.0000;0.0000 
231.04409250000026;-0.2237;0.0000;-0.2753 
231.0921684999994;-0.2237;0.0000;-0.1377 
231.14028870000038;0.0000;0.0000;0.1410 
231.18829600000026;-0.4474;0.0000;-0.1377 
231.23618050000005;-0.6711;0.0000;-0.1377 
231.30003159999978;0.0000;0.0000;0.0000 
231.34800279999763;0.0000;0.0000;0.0000 
231.3963306000005;-0.2237;0.0000;-0.2753 
231.44420659999741;-0.2237;0.0000;-0.1343 
231.49216109999907;-0.2237;0.0000;0.1377 
231.54025129999718;0.0000;0.0000;0.0034 
231.58922729999904;-0.4474;0.0000;0.0034 
231.65211490000002;-0.4474;0.0000;-0.1377 
231.70008959999905;0.0000;0.0000;0.0034 
231.74836940000023;-0.2237;0.0000;0.0000 
231.79608879999796;-0.2237;0.0000;0.0034 
231.84507060000033;-0.2237;0.0000;-0.2753 
231.90807209999912;-0.2237;0.0000;-0.1343 
231.9561324999995;0.0000;0.0000;-0.1377 
232.00419669999974;-0.2237;0.0000;-0.1377 
232.05241199999728;0.0000;0.0000;-0.1377 
232.10027350000018;-0.6711;0.0000;-0.1377 
232.16507649999767;-0.4474;0.0000;0.1377 
232.2121686999999;-0.2237;0.0000;-0.4130 
232.2603014999986;-0.4474;0.0000;-0.4130 
232.3086848999992;-0.2237;0.0000;-0.1377 
232.3719902999983;-0.2237;0.0000;-0.1377 
232.42003379999733;-0.2237;0.0000;-0.1343 
232.46810959999857;0.0000;0.0000;0.0034 
232.51625799999965;-0.2237;0.0000;-0.1377 
232.56441509999786;-0.2237;0.0000;0.0000 
232.61262989999886;0.0000;0.0000;-0.1377 
232.67609489999813;0.2237;0.0000;-0.1377 
232.72448859999713;-0.4474;0.0000;-0.2753 
232.77289849999943;-0.4474;0.0000;-0.2753 
232.82070369999929;-0.2237;0.0000;0.0000 
232.86831299999903;-0.2237;0.0000;0.0000 
232.91662299999734;0.0000;0.0000;-0.2753 
232.98026949999985;0.0000;0.0000;-0.2753 
233.0281326999975;0.0000;0.0000;-0.2753 
233.076215699999;0.0000;0.0000;-0.2753 
233.12421940000058;-0.2237;0.0000;0.0034 
233.172187199998;-0.2237;0.0000;-0.2753 
233.22024129999772;-0.2237;0.0000;0.0000 
233.2684780999989;-0.2237;0.0000;0.0000 
233.3321563999998;-0.4474;0.0000;-0.1377 
233.38014219999968;0.0000;0.0000;0.0000 
233.42821529999856;-0.2237;0.0000;0.2787 
233.47628939999777;-0.2237;0.0000;0.0034 
233.52448899999945;-0.6711;0.0000;-0.1377 
233.5880775000005;-0.2237;0.0000;-0.1377 
233.63615879999998;-0.4474;0.0000;-0.1343 
233.68441359999997;0.0000;0.0000;0.1410 
233.73271029999887;-0.2237;0.0000;0.0000 
233.78067129999909;-0.4474;0.0000;-0.1377 
233.84404340000037;-0.2237;0.0000;-0.2753 
233.89210850000018;-0.2237;0.0000;0.0000 
233.94007939999938;0.0000;0.0000;-0.1377 
233.98812769999859;0.2237;0.0000;0.1377 
234.03630549999798;0.0000;0.0000;-0.1343 
234.08457859999908;-0.4474;0.0000;0.1410 
234.13236730000062;-0.2237;0.0000;-0.1377 
234.19611449999866;-0.2237;0.0000;-0.2753 
234.2442379999993;-0.2237;0.0000;-0.1377 
234.29251499999737;0.0000;0.0000;-0.1377 
234.34023579999848;0.0000;0.0000;0.0034 
234.3881384999986;-0.2237;0.0000;-0.1377 
234.4523358999977;-0.2237;0.0000;-0.4130 
234.50037969999903;-0.6711;0.0000;-0.1377 
234.54844009999943;-0.2237;0.0000;-0.4130 
234.5962331999981;0.0000;0.0000;-0.2753 
234.66015349999725;-0.4474;0.0000;0.0034 
234.70812540000043;-0.2237;0.0000;0.0000 
234.75642389999848;-0.6711;0.0000;0.1410 
234.804223799998;0.0000;0.0000;0.0000 
234.85310149999714;-0.2237;0.0000;-0.1377 
234.90039289999913;0.0000;0.0000;0.0000 
234.94840589999876;-0.4474;0.0000;-0.1343 
235.01217429999815;0.0000;0.0000;-0.1377 
235.06022129999837;-0.4474;0.0000;-0.1343 
235.10878189999858;0.0000;0.0000;0.0000 
235.15613920000033;-0.2237;0.0000;-0.1377 
235.2044696999983;-0.6711;0.0000;-0.1377 
235.26813539999785;-0.6711;0.0000;0.0034 
235.31627350000053;-0.2237;0.0000;0.0000 
235.36412650000057;0.0000;0.0000;0.0034 
235.4124617999987;0.0000;0.0000;-0.2753 
235.46011449999787;-0.2237;0.0000;-0.2753 
235.50817129999996;0.0000;0.0000;-0.2753 
235.5563220999975;-0.2237;0.0000;0.1377 
235.6205321999987;-0.2237;0.0000;0.0000 
235.66817719999744;-0.4474;0.0000;0.0000 
235.716203699998;0.0000;0.0000;-0.1377 
235.76418879999983;-0.4474;0.0000;0.1377 
235.81234629999744;-0.2237;0.0000;-0.5506 
235.87616119999802;-0.2237;0.0000;-0.1343 
235.9240417999972;-0.6711;0.0000;0.0000 
235.97207269999853;0.0000;0.0000;0.0000 
236.02016919999733;0.0000;0.0000;-0.4130 
236.06812739999805;0.0000;0.0000;0.0000 
236.1166110999984;-0.2237;0.0000;-0.2753 
236.16410779999933;-0.2237;0.0000;0.0000 
236.21264329999758;0.0000;0.0000;-0.1377 
236.26032230000055;-0.2237;0.0000;0.0000 
236.3245481999984;-0.4474;0.0000;0.0000 
236.37206829999923;-0.2237;0.0000;-0.1377 
236.42027589999998;-0.4474;0.0000;-0.2753 
236.4681660999995;-0.2237;0.0000;-0.1377 
236.5320888999995;-0.4474;0.0000;-0.1377 
236.5809440999983;-0.4474;0.0000;-0.1343 
236.6286994000002;0.0000;0.0000;-0.4130 
236.67631459999757;-0.2237;0.0000;-0.2753 
236.7399383999982;-0.4474;0.0000;-0.2753 
236.78831589999754;-0.2237;0.0000;-0.1377 
236.83613599999808;-0.6711;0.0000;0.0034 
236.8841786999983;-0.2237;0.0000;0.0000 
236.93237619999854;-0.2237;0.0000;-0.1377 
236.98017759999857;0.4474;0.0000;0.0000 
237.04410400000052;-0.4474;0.0000;-0.1377 
237.09207219999735;0.0000;0.0000;-0.2753 
237.1404010999977;-0.2237;0.0000;-0.1377 
237.18815679999898;-0.4474;0.0000;-0.1377 
237.2521362999978;-0.2237;0.0000;0.0034 
237.30019119999997;-0.2237;0.0000;-0.1377 
237.34828539999944;-0.4474;0.0000;-0.1377 
237.39640270000018;-0.2237;0.0000;-0.2753 
237.4600305999993;-0.4474;0.0000;0.0000 
237.50854509999772;-0.4474;0.0000;-0.2753 
237.55612329999713;0.0000;0.0000;0.1377 
237.60421080000015;-0.2237;0.0000;0.1410 
237.6523163999991;-0.2237;0.0000;-0.2753 
237.70054159999927;-0.2237;0.0000;-0.2753 
237.76413179999872;-0.2237;0.0000;-0.1377 
237.81218609999996;-0.4474;0.0000;-0.2753 
237.86029849999977;-0.2237;0.0000;-0.2753 
237.92422629999783;-0.4474;0.0000;-0.1377 
237.97215759999744;0.0000;0.0000;-0.2753 
238.0201264999996;0.0000;0.0000;0.0034 
238.0682428;-0.2237;0.0000;0.0000 
238.1161417000003;-0.2237;0.0000;-0.1377 
238.1642030999974;-0.4474;0.0000;0.0000 
238.21220209999956;-0.2237;0.0000;0.1410 
238.2761866999972;-0.2237;0.0000;-0.2753 
238.32428269999946;0.0000;0.0000;-0.2753 
238.37238579999757;-0.2237;0.0000;-0.2753 
238.42029249999905;-0.4474;0.0000;-0.1377 
238.48400649999894;-0.4474;0.0000;0.1377 
238.53209029999925;-0.4474;0.0000;0.1410 
238.58007029999862;0.0000;0.0000;0.0000 
238.62806119999732;0.0000;0.0000;-0.4130 
238.6762345999996;-0.4474;0.0000;-0.1377 
238.72422979999828;-0.2237;0.0000;-0.2753 
238.7888834999976;-0.2237;0.0000;-0.1377 
238.836163699998;-0.2237;0.0000;0.0034 
238.88416339999822;-0.4474;0.0000;-0.2753 
238.9324119999983;-0.4474;0.0000;-0.1377 
238.99610100000064;-0.2237;0.0000;-0.2753 
239.0441307000001;-0.2237;0.0000;-0.1377 
239.09217559999888;-0.2237;0.0000;-0.1377 
239.14030690000072;-0.4474;0.0000;-0.1377 
239.20396210000035;-0.2237;0.0000;-0.2753 
239.2521342;-0.2237;0.0000;-0.1343 
239.3002744000005;0.0000;0.0000;-0.2753 
239.3482914999986;-0.6711;0.0000;0.0034 
239.39663169999767;-0.4474;0.0000;-0.1377 
239.46005259999947;-0.2237;0.0000;0.0000 
239.508163399998;-0.2237;0.0000;-0.1377 
239.55635919999986;0.6711;0.0000;-0.1377 
239.60436130000016;-0.4474;0.0000;-0.1377 
239.65283239999917;0.0000;0.0000;-0.1377 
239.71600380000018;0.2237;0.0000;-0.2753 
239.76420329999746;0.2237;0.0000;-0.1377 
239.8121938999975;-0.2237;0.0000;-0.1377 
239.86012739999933;0.0000;0.0000;-0.2753 
239.90901699999813;-0.2237;0.0000;-0.2753 
239.9567012999978;0.0000;0.0000;0.0000 
240.0199223999989;0.2237;0.0000;-0.2753 
240.06805600000007;-0.4474;0.0000;-0.2753 
240.1163658000005;-0.2237;0.0000;-0.2719 
240.1641939000001;-0.4474;0.0000;-0.1377 
240.2279677000006;-0.4474;0.0000;-0.1377 
240.27617230000033;-0.6711;0.0000;-0.1377 
240.3248296999991;-0.4474;0.0000;-0.1377 
240.3722452999973;0.0000;0.0000;0.1410 
240.4203619;0.2237;0.0000;-0.2753 
240.46837959999903;-0.6711;0.0000;-0.1377 
240.5321976999985;-0.2237;0.0000;-0.2753 
240.58020209999813;-0.4474;0.0000;-0.2753 
240.6284357000004;-0.6711;0.0000;-0.1377 
240.6920840999992;0.0000;0.0000;-0.1377 
240.73998399999982;-0.4474;0.0000;-0.1343 
240.78830190000008;-0.2237;0.0000;-0.2753 
240.83621539999876;-0.4474;0.0000;-0.1377 
240.88424149999992;-0.2237;0.0000;0.0034 
240.94823799999722;-0.4474;0.0000;-0.1377 
240.99616429999878;0.2237;0.0000;-0.2753 
241.04417029999968;-0.6711;0.0000;0.0034 
241.09245480000027;-0.2237;0.0000;-0.2753 
241.1565797000003;-0.4474;0.0000;-0.1377 
241.20398079999723;0.2237;0.0000;-0.1377 
241.25206389999948;0.0000;0.0000;-0.1377 
241.30038050000076;-0.4474;0.0000;0.1377 
241.3484714999977;-0.4474;0.0000;-0.2753 
241.41251170000032;-0.2237;0.0000;-0.1377 
241.46013499999754;-0.2237;0.0000;-0.1377 
241.50809989999834;-0.2237;0.0000;0.0000 
241.55623829999968;-0.4474;0.0000;-0.1377 
241.60420769999837;-0.2237;0.0000;-0.2753 
241.6680966999993;-0.2237;0.0000;0.0034 
241.7162618000002;0.0000;0.0000;-0.1377 
241.76414179999847;0.2237;0.0000;-0.2753 
241.81221399999777;-0.8948;0.0000;-0.1377 
241.86014459999933;-0.2237;0.0000;0.1410 
241.92401120000068;-0.2237;0.0000;-0.1377 
241.97203439999794;-0.4474;0.0000;0.0034 
242.0203545000004;-0.2237;0.0000;0.0034 
242.06822049999755;0.0000;0.0000;0.0000 
242.11610259999725;-0.4474;0.0000;-0.2753 
242.17997299999843;-0.4474;0.0000;-0.4130 
242.22849080000015;0.0000;0.0000;0.0000 
242.27614969999922;-0.2237;0.0000;-0.1377 
242.32541809999748;0.0000;0.0000;-0.1377 
242.37238909999724;-0.2237;0.0000;0.0000 
242.42015519999768;0.2237;0.0000;-0.1377 
242.46820549999757;-0.2237;0.0000;-0.1343 
242.53214119999757;-0.6711;0.0000;-0.2753 
242.58008619999964;-0.4474;0.0000;0.0000 
242.62825099999827;-0.2237;0.0000;0.0000 
242.6765009999981;-0.4474;0.0000;0.0000 
242.72436759999982;0.2237;0.0000;-0.1377 
242.78792839999733;-0.2237;0.0000;0.0034 
242.8360909999974;-0.2237;0.0000;0.0000 
242.88412640000024;0.0000;0.0000;-0.2753 
242.93229149999752;0.2237;0.0000;-0.1377 
242.98026240000036;-0.2237;0.0000;-0.1377 
243.02827780000007;0.4474;0.0000;0.0000 
243.07627019999927;0.0000;0.0000;0.0000 
243.12464799999725;-0.2237;0.0000;-0.1377 
243.18806939999922;-0.4474;0.0000;-0.1377 
243.23600219999935;-0.2237;0.0000;-0.1377 
243.28409829999873;0.0000;0.0000;-0.1377 
243.3321068999976;-0.2237;0.0000;0.0034 
243.39597109999886;-0.2237;0.0000;-0.1343 
243.44407339999816;0.0000;0.0000;0.0000 
243.49211939999805;0.0000;0.0000;-0.1377 
243.54011919999903;-0.2237;0.0000;-0.2753 
243.58842419999928;-0.4474;0.0000;-0.1377 
243.63630059999923;-0.2237;0.0000;-0.1377 
243.7003267;-0.2237;0.0000;-0.1377 
243.74844549999762;-0.2237;0.0000;-0.1377 
243.79628980000052;-0.2237;0.0000;-0.1377 
243.8441595999975;0.0000;0.0000;-0.1377 
243.90803790000064;0.0000;0.0000;-0.1377 
243.95695870000054;0.0000;0.0000;-0.1377 
244.0042715999989;-0.4474;0.0000;-0.2753 
244.05236779999905;-0.2237;0.0000;0.0000 
244.10054669999954;0.2237;0.0000;-0.1377 
244.1480793999981;-0.4474;0.0000;0.0034 
244.1962300999985;0.0000;0.0000;0.1410 
244.26054139999906;-0.4474;0.0000;-0.2753 
244.30817879999813;-0.2237;0.0000;-0.1377 
244.35666180000044;-0.2237;0.0000;-0.1377 
244.40582689999792;-0.2237;0.0000;0.1377 
244.45302439999796;-0.4474;0.0000;-0.2753 
244.51622660000066;-0.2237;0.0000;-0.2753 
244.5640633999974;-0.2237;0.0000;0.1410 
244.6121791000005;0.0000;0.0000;-0.1377 
244.66012449999835;0.0000;0.0000;-0.1377 
244.70816059999925;-0.2237;0.0000;-0.1377 
244.75608210000064;-0.4474;0.0000;0.0000 
244.82049639999968;-0.2237;0.0000;-0.1377 
244.86821149999741;-0.2237;0.0000;-0.4130 
244.91619229999924;-0.4474;0.0000;-0.1377 
244.96480359999987;0.0000;0.0000;0.0000 
245.01214649999747;-0.2237;0.0000;-0.2753 
245.07605509999848;-0.4474;0.0000;0.0000 
245.1242076999988;-0.2237;0.0000;0.0000 
245.172056899999;-0.2237;0.0000;-0.2753 
245.22009809999872;-0.4474;0.0000;-0.1377 
245.2841257;-0.2237;0.0000;-0.1377 
245.3320879999992;0.0000;0.0000;0.0000 
245.38011819999883;-0.2237;0.0000;0.0034 
245.42836270000043;-0.2237;0.0000;-0.1343 
245.47620570000072;-0.4474;0.0000;-0.2753 
245.5243104000001;0.0000;0.0000;0.0000 
245.58796839999923;0.0000;0.0000;-0.2753 
245.63630239999839;-0.2237;0.0000;0.0000 
245.68408649999765;-0.2237;0.0000;-0.1377 
245.73288150000008;-0.2237;0.0000;-0.2753 
245.7802675999992;0.0000;0.0000;-0.2753 
245.84390200000053;-0.4474;0.0000;-0.2753 
245.89210399999865;-0.4474;0.0000;-0.1377 
245.94007409999904;0.0000;0.0000;-0.1377 
245.98920329999964;0.0000;0.0000;-0.1377 
246.036325699999;0.0000;0.0000;-0.2753 
246.0845420000005;0.0000;0.0000;-0.1377 
246.1481012999975;-0.2237;0.0000;0.0034 
246.19626749999952;-0.2237;0.0000;-0.1377 
246.24427359999754;-0.2237;0.0000;-0.1377 
246.2923798999982;0.0000;0.0000;-0.1377 
246.34020719999899;-0.2237;0.0000;-0.1377 
246.40408599999864;-0.2237;0.0000;0.1410 
246.45202190000055;-0.2237;0.0000;0.0000 
246.50020589999986;-0.4474;0.0000;-0.1377 
246.54809819999718;-0.2237;0.0000;-0.2753 
246.61202309999862;-0.4474;0.0000;-0.1377 
246.66012539999792;-0.2237;0.0000;-0.1343 
246.70821739999883;0.0000;0.0000;0.0000 
246.7560620999975;0.0000;0.0000;-0.1377 
246.80420459999732;-0.6711;0.0000;-0.1377 
246.86798999999883;-0.2237;0.0000;-0.2753 
246.91611559999728;-0.2237;0.0000;-0.2753 
246.96427879999828;0.0000;0.0000;-0.1377 
247.01225929999782;-0.2237;0.0000;-0.1377 
247.06026779999956;-0.2237;0.0000;-0.1377 
247.12401449999743;-0.4474;0.0000;0.0000 
247.17217329999767;0.2237;0.0000;-0.4096 
247.2209273999979;-0.2237;0.0000;-0.1377 
247.26835329999813;-0.4474;0.0000;0.1377 
247.3162439000007;-0.2237;0.0000;-0.1377 
247.36434919999738;0.0000;0.0000;0.0000 
247.42805849999786;-0.2237;0.0000;-0.2753 
247.47611889999826;0.0000;0.0000;-0.2753 
247.524306299998;-0.4474;0.0000;0.0034 
247.57229899999948;-0.4474;0.0000;0.1377 
247.62031569999817;-0.2237;0.0000;0.0000 
247.6686015999985;-0.2237;0.0000;-0.1377 
247.7321093999999;-0.4474;0.0000;-0.1377 
247.78028149999955;-0.2237;0.0000;0.0034 
247.82816359999924;-0.4474;0.0000;0.0000 
247.8767012999997;-0.2237;0.0000;-0.2753 
247.93999669999903;-0.2237;0.0000;-0.1377 
247.98884309999994;-0.2237;0.0000;-0.4130 
248.03624189999755;-0.4474;0.0000;0.0000 
248.084167099998;0.0000;0.0000;-0.1377 
248.13210350000008;-0.4474;0.0000;-0.2753 
248.1962883999986;-0.4474;0.0000;0.0034 
248.24442239999917;-0.2237;0.0000;0.0000 
248.2924512999998;-0.2237;0.0000;-0.2753 
248.34030669999993;-0.2237;0.0000;-0.1377 
248.4041232999989;-0.4474;0.0000;-0.2753 
248.45210469999802;-0.2237;0.0000;0.0034 
248.50049410000065;-0.2237;0.0000;-0.1377 
248.54828629999975;-0.2237;0.0000;-0.1377 
248.61197840000023;-0.4474;0.0000;0.0034 
248.6601660999986;-0.2237;0.0000;-0.1377 
248.70836009999766;-0.2237;0.0000;0.0000 
248.7564652000001;0.0000;0.0000;0.0000 
248.80424159999893;-0.2237;0.0000;-0.1377 
248.86801859999832;-0.2237;0.0000;-0.1377 
248.9161370999973;-0.2237;0.0000;-0.2753 
248.96422510000048;-0.2237;0.0000;-0.4130 
249.01219779999883;-0.8948;0.0000;0.1410 
249.06045439999798;0.0000;0.0000;0.0034 
249.10818590000054;0.0000;0.0000;-0.1377 
249.15622829999847;0.0000;0.0000;0.0000 
249.22014040000067;-0.4474;0.0000;0.0000 
249.26837229999728;-0.2237;0.0000;-0.1377 
249.3164751999975;-0.2237;0.0000;-0.1377 
249.36413849999735;-0.2237;0.0000;-0.1377 
249.41232769999988;-0.2237;0.0000;0.0000 
249.47612619999927;-0.2237;0.0000;-0.1377 
249.5241943000001;-0.2237;0.0000;0.0000 
249.57250339999882;-0.4474;0.0000;-0.1377 
249.6210562999986;-0.2237;0.0000;-0.1377 
249.66869179999776;-0.4474;0.0000;0.0000 
249.7320441999982;-0.2237;0.0000;-0.1377 
249.78015239999877;-0.2237;0.0000;-0.2753 
249.82817209999848;-0.4474;0.0000;-0.1377 
249.87626159999854;0.0000;0.0000;-0.2753 
249.93996159999733;-0.4474;0.0000;0.1410 
249.98808049999934;0.2237;0.0000;0.0034 
250.03610999999728;-0.2237;0.0000;-0.1377 
250.08429599999727;0.0000;0.0000;-0.2753 
250.13220960000035;-0.4474;0.0000;-0.2753 
250.18038299999898;-0.2237;0.0000;-0.1343 
250.2440690000003;-0.2237;0.0000;0.0000 
250.29233649999878;-0.4474;0.0000;-0.4130 
250.3403647999985;-0.4474;0.0000;-0.1377 
250.38828139999896;0.2237;0.0000;-0.1377 
250.43617660000018;0.0000;0.0000;-0.1377 
250.50013000000035;0.0000;0.0000;-0.1377 
250.5480822999998;-0.4474;0.0000;-0.1377 
250.59611379999842;-0.4474;0.0000;0.0000 
250.64432579999993;-0.4474;0.0000;-0.1377 
250.69225839999854;-0.4474;0.0000;0.0034 
250.75605509999878;0.0000;0.0000;0.0000 
250.80395729999873;0.2237;0.0000;0.0034 
250.85213809999914;-0.4474;0.0000;-0.2753 
250.90030909999768;-0.2237;0.0000;-0.1377 
250.94911929999944;0.0000;0.0000;-0.1377 
250.99608579999767;-0.4474;0.0000;-0.1377 
251.05998309999995;-0.2237;0.0000;0.0000 
251.10803379999925;-0.2237;0.0000;-0.1377 
251.1562739999972;-0.2237;0.0000;-0.1377 
251.20410009999978;-0.2237;0.0000;-0.2720 
251.26860250000027;-0.2237;0.0000;-0.1377 
251.3163375999975;0.0000;0.0000;0.0000 
251.3640465999997;-0.4474;0.0000;-0.2753 
251.41222529999868;-0.4474;0.0000;0.1410 
251.46025199999713;-0.2237;0.0000;-0.1377 
251.5239772999994;0.0000;0.0000;-0.1377 
251.57211959999768;0.0000;0.0000;0.0000 
251.6201488000006;-0.2237;0.0000;-0.1377 
251.66820200000075;-0.2237;0.0000;-0.1343 
251.71654619999754;-0.2237;0.0000;-0.4130 
251.76555539999754;-0.2237;0.0000;0.1377 
251.81253879999713;-0.2237;0.0000;0.0000 
251.87622849999752;-0.2237;0.0000;-0.1343 
251.92435759999717;-0.2237;0.0000;-0.1377 
251.97240899999815;-0.2237;0.0000;-0.1377 
252.036408699998;-0.2237;0.0000;-0.1377 
252.08476080000037;0.0000;0.0000;0.0034 
252.13268659999812;0.0000;0.0000;0.1377 
252.1802807999993;0.2237;0.0000;-0.1377 
252.22823489999791;-0.4474;0.0000;-0.2753 
252.2763634999974;0.0000;0.0000;-0.1377 
252.32407160000002;-0.2237;0.0000;-0.2753 
252.3879242999974;0.0000;0.0000;-0.1377 
252.43617520000043;0.6711;0.0000;-0.1343 
252.4840777999998;-0.4474;0.0000;-0.1377 
252.53217589999986;0.2237;0.0000;-0.2753 
252.58046269999977;0.0000;0.0000;-0.1377 
252.6286134999973;-0.2237;0.0000;-0.1343 
252.6921012999992;0.0000;0.0000;-0.2753 
252.74012999999832;-0.4474;0.0000;-0.1377 
252.7881058999992;0.0000;0.0000;-0.1377 
252.83612409999841;-0.2237;0.0000;-0.1377 
252.8841809000005;-0.2237;0.0000;-0.2753 
252.94814979999865;-0.2237;0.0000;-0.1377 
252.9960190999991;0.2237;0.0000;-0.1377 
253.04422669999985;-0.2237;0.0000;-0.1377 
253.09227719999762;-0.2237;0.0000;-0.1377 
253.15603369999735;-0.6711;0.0000;-0.1377 
253.20417649999945;-0.2237;0.0000;-0.1377 
253.25256739999895;0.0000;0.0000;-0.1377 
253.30062460000045;-0.2237;0.0000;-0.1377 
253.36418929999854;-0.4474;0.0000;0.0000 
253.41233229999852;0.0000;0.0000;0.0000 
253.4604040999984;-0.2237;0.0000;-0.1377 
253.50937879999765;0.2237;0.0000;-0.1377 
253.55713809999725;-0.6711;0.0000;0.0034 
253.60424109999803;-0.2237;0.0000;-0.1377 
253.6523051999975;-0.6711;0.0000;0.1410 
253.7164828999994;0.0000;0.0000;0.0034 
253.76536959999794;-0.2237;0.0000;-0.1377 
253.8125016999984;-0.4474;0.0000;-0.2753 
253.8601624999974;-0.2237;0.0000;-0.1377 
253.92463510000016;-0.4474;0.0000;0.0034 
253.97217850000015;-0.2237;0.0000;0.0034 
254.02012569999715;-0.4474;0.0000;0.0000 
254.0683054000001;-0.2237;0.0000;0.0000 
254.11648050000076;-0.4474;0.0000;0.0000 
254.16428929999893;-0.2237;0.0000;0.0034 
254.22967099999732;-0.2237;0.0000;-0.1377 
254.2760636999992;-0.2237;0.0000;-0.1377 
254.3240283999985;0.0000;0.0000;-0.1377 
254.3722562999974;-0.2237;0.0000;-0.1377 
254.420522299999;-0.2237;0.0000;-0.1377 
254.48398649999945;-0.2237;0.0000;0.0000 
254.5320589999974;0.0000;0.0000;-0.2753 
254.58006749999913;0.0000;0.0000;-0.1377 
254.62883709999733;-0.2237;0.0000;-0.2753 
254.6763624999985;0.0000;0.0000;0.0000 
254.7243481000005;-0.2237;0.0000;-0.1377 
254.78806089999853;-0.2237;0.0000;-0.2753 
254.83632999999827;-0.4474;0.0000;-0.1377 
254.884391399999;-0.2237;0.0000;0.0000 
254.9323680999987;-0.4474;0.0000;0.0034 
254.99609000000055;-0.4474;0.0000;-0.1377 
255.04406720000043;0.0000;0.0000;-0.1377 
255.09216799999922;-0.2237;0.0000;-0.2753 
255.14017869999952;-0.4474;0.0000;-0.2753 
255.20397279999816;0.0000;0.0000;-0.1377 
255.2521025999995;-0.2237;0.0000;-0.2753 
255.30014970000047;-0.2237;0.0000;-0.1377 
255.34819389999757;0.0000;0.0000;-0.1377 
255.39613370000006;0.0000;0.0000;0.0000 
255.44413630000054;0.0000;0.0000;-0.1377 
255.49225979999756;-0.2237;0.0000;-0.2753 
255.55605819999982;0.0000;0.0000;-0.1377 
255.60404879999987;-0.2237;0.0000;0.0000 
255.6520965999989;-0.2237;0.0000;0.0000 
255.70028459999958;0.0000;0.0000;-0.1377 
255.74842530000024;-0.2237;0.0000;0.0000 
255.7962641999984;0.0000;0.0000;0.0000 
255.8442740999999;0.0000;0.0000;-0.2753 
255.9079383999997;0.0000;0.0000;-0.1377 
255.95597540000017;-0.2237;0.0000;-0.1377 
256.0041139999994;-0.2237;0.0000;-0.1377 
256.05226720000064;-0.2237;0.0000;-0.1377 
256.10025979999773;-0.2237;0.0000;-0.1377 
256.1643702000001;-0.2237;0.0000;0.0034 
256.21236599999975;0.0000;0.0000;0.0000 
256.25996490000034;-0.2237;0.0000;0.0000 
256.3081975999994;-0.6711;0.0000;-0.1377 
256.3562428999976;-0.2237;0.0000;-0.1377 
256.4048784000006;-0.2237;0.0000;0.0000 
256.4679651999977;-0.2237;0.0000;0.0000 
256.5160412999976;-0.2237;0.0000;-0.1343 
256.5642211999984;-0.4474;0.0000;-0.1377 
256.6123344999978;-0.2237;0.0000;-0.2753 
256.67612499999814;-0.2237;0.0000;-0.1377 
256.724023499999;-0.2237;0.0000;0.0000 
256.7723693000007;-0.2237;0.0000;0.0034 
256.8211018000002;-0.2237;0.0000;0.1410 
256.8686897999978;-0.2237;0.0000;-0.1377 
256.9321908999991;-0.4474;0.0000;-0.4130 
256.9800080999994;0.0000;0.0000;-0.1377 
257.0287701999987;-0.2237;0.0000;0.0000 
257.0778384000005;-0.2237;0.0000;-0.1377 
257.1399715999978;-0.2237;0.0000;-0.1377 
257.18816850000076;-0.2237;0.0000;-0.1377 
257.23605569999927;-0.4474;0.0000;-0.4130 
257.28433139999834;-0.2237;0.0000;0.0034 
257.34886109999934;-0.6711;0.0000;-0.1377 
257.39603010000064;-0.2237;0.0000;-0.1343 
257.4443380999983;-0.4474;0.0000;-0.1377 
257.4920936999988;0.0000;0.0000;-0.1377 
257.54043029999957;0.0000;0.0000;0.0000 
257.58836099999826;-0.2237;0.0000;-0.2753 
257.6519458999974;-0.2237;0.0000;0.0000 
257.6999909999977;0.0000;0.0000;-0.1377 
257.7482786999972;-0.6711;0.0000;0.1410 
257.79626540000027;-0.2237;0.0000;-0.4130 
257.8440797000003;-0.4474;0.0000;0.1377 
257.9078475999995;0.0000;0.0000;-0.2753 
257.9560022000005;0.0000;0.0000;-0.1377 
258.0040360999992;-0.4474;0.0000;-0.1377 
258.052111099998;-0.2237;0.0000;-0.1377 
258.10015209999983;-0.4474;0.0000;-0.2753 
258.16422039999816;-0.2237;0.0000;-0.2753 
258.21205779999946;-0.2237;0.0000;-0.2753 
258.26004119999925;-0.2237;0.0000;0.0034 
258.3083301999977;-0.6711;0.0000;-0.4130 
258.3720515999994;-0.2237;0.0000;-0.2753 
258.41997179999817;0.0000;0.0000;-0.1377 
258.46806659999856;-0.2237;0.0000;-0.1377 
258.5163744999991;-0.6711;0.0000;0.0034 
258.56435039999997;-0.2237;0.0000;-0.1377 
258.62794949999807;-0.2237;0.0000;-0.2753 
258.67660629999955;-0.2237;0.0000;0.1377 
258.7240882999977;0.0000;0.0000;0.2753 
258.7720885999988;-0.4474;0.0000;0.0000 
258.8201380999999;0.0000;0.0000;0.1377 
258.86801019999984;0.0000;0.0000;-0.1377 
258.91606429999956;-0.2237;0.0000;-0.2753 
258.9640920999991;0.0000;0.0000;-0.1343 
259.02812549999726;-0.2237;0.0000;-0.1377 
259.0762684000001;-0.6711;0.0000;-0.1377 
259.1246011999974;-0.2237;0.0000;-0.1377 
259.1882455999985;-0.4474;0.0000;-0.2753 
259.23591680000027;0.0000;0.0000;0.0034 
259.28420279999773;0.2237;0.0000;-0.1343 
259.33287049999853;-0.2237;0.0000;-0.2753 
259.38013409999985;0.0000;0.0000;-0.1377 
259.42805339999904;-0.4474;0.0000;-0.2753 
259.4921405999994;-0.8948;0.0000;-0.2753 
259.5399875000003;-0.6711;0.0000;-0.1377 
259.58889499999714;-0.2237;0.0000;-0.2753 
259.63613239999904;0.0000;0.0000;-0.1377 
259.6998902999985;0.0000;0.0000;-0.2753 
259.74795639999866;-0.4474;0.0000;0.0034 
259.7959430999981;0.2237;0.0000;-0.1377 
259.8439780999979;-0.2237;0.0000;-0.1377 
259.8921391999975;-0.2237;0.0000;-0.1377 
259.95593729999746;-0.4474;0.0000;-0.2753 
260.00398249999853;-0.2237;0.0000;0.1377 
260.05217309999716;-0.2237;0.0000;-0.2753 
260.10018489999857;-0.4474;0.0000;0.0034 
260.14838919999966;0.2237;0.0000;-0.4130 
260.21208299999853;-0.2237;0.0000;-0.1377 
260.26013740000053;-0.2237;0.0000;0.0000 
260.30812819999846;-0.2237;0.0000;0.2753 
260.3562463999988;-0.2237;0.0000;-0.4130 
260.4046079;-0.4474;0.0000;0.2753 
260.4679995999977;-0.2237;0.0000;-0.2753 
260.51593949999733;0.0000;0.0000;-0.1377 
260.56437919999735;-0.2237;0.0000;-0.2753 
260.6121370000001;0.0000;0.0000;0.0000 
260.66021199999886;-0.2237;0.0000;-0.1377 
260.7084603000003;0.0000;0.0000;-0.4130 
260.7719958999987;0.0000;0.0000;-0.1377 
260.8199724999977;-0.2237;0.0000;0.0000 
260.86799059999976;0.2237;0.0000;0.1377 
260.9162217999983;-0.2237;0.0000;-0.1377 
260.96407759999784;-0.4474;0.0000;-0.2753 
261.01247879999937;-0.2237;0.0000;-0.1377 
261.07596510000076;-0.4474;0.0000;-0.1377 
261.12461389999953;-0.4474;0.0000;0.0000 
261.17221869999776;-0.2237;0.0000;-0.1377 
261.2200147000003;-0.2237;0.0000;-0.1377 
261.2839195999986;-0.2237;0.0000;0.1377 
261.3320453999986;-0.6711;0.0000;0.0034 
261.38004309999815;-0.2237;0.0000;0.1410 
261.4280048999972;0.0000;0.0000;0.0000 
261.4761185999996;-0.2237;0.0000;-0.2753 
261.52411329999813;0.0000;0.0000;0.0000 
261.57233859999906;-0.4474;0.0000;0.0000 
261.6359664999982;-0.2237;0.0000;-0.1377 
261.6840644999975;0.0000;0.0000;0.0000 
261.7321200000006;-0.2237;0.0000;-0.1377 
261.78003369999715;-0.4474;0.0000;-0.1377 
261.8282419999996;-0.4474;0.0000;-0.1377 
261.8919074999976;0.0000;0.0000;-0.2753 
261.94002799999726;-0.6711;0.0000;0.1377 
261.98815599999944;-0.4474;0.0000;-0.1377 
262.0363555999975;-0.4474;0.0000;-0.1377 
262.0844407000004;0.0000;0.0000;0.0000 
262.1322411999972;-0.2237;0.0000;-0.1377 
262.19609180000043;-0.6711;0.0000;-0.1377 
262.2441660000004;-0.2237;0.0000;0.1377 
262.2926234999977;-0.4474;0.0000;-0.4130 
262.34092859999873;-0.6711;0.0000;-0.1377 
262.4040098999976;0.0000;0.0000;-0.2753 
262.45240639999975;0.0000;0.0000;-0.2753 
262.4999112000005;0.0000;0.0000;0.0000 
262.54806839999947;0.0000;0.0000;-0.2753 
262.5971122999981;-0.4474;0.0000;-0.2753 
262.6442227000007;-0.2237;0.0000;-0.1377 
262.7080317;-0.2237;0.0000;-0.2753 
262.75601529999767;-0.8948;0.0000;-0.2753 
262.8044609999997;-0.2237;0.0000;-0.2753 
262.8525977999998;0.0000;0.0000;0.0000 
262.90030409999963;0.0000;0.0000;0.0000 
262.9484120999987;-0.2237;0.0000;0.0000 
262.99634519999745;0.0000;0.0000;-0.1377 
263.04429809999783;-0.4474;0.0000;0.0000 
263.1079874999996;-0.2237;0.0000;-0.1377 
263.15601310000056;-0.4474;0.0000;-0.2753 
263.20411279999826;-0.4474;0.0000;0.2787 
263.2523648999995;-0.4474;0.0000;-0.2753 
263.3160222000006;0.0000;0.0000;-0.1377 
263.3642269999982;-0.2237;0.0000;0.0034 
263.41225789999953;-0.6711;0.0000;0.0034 
263.4601217999989;0.2237;0.0000;-0.1377 
263.5082806999999;0.0000;0.0000;-0.2720 
263.5564790999997;-0.2237;0.0000;-0.1377 
263.6200804;-0.2237;0.0000;-0.1377 
263.6682844999996;0.2237;0.0000;-0.1377 
263.7160251999994;0.0000;0.0000;0.0000 
263.7641044999982;-0.2237;0.0000;-0.1377 
263.8122509999994;-0.4474;0.0000;-0.2753 
263.87595879999935;-0.2237;0.0000;-0.1343 
263.9246267999988;0.0000;0.0000;0.0000 
263.97205849999955;-0.2237;0.0000;0.0034 
264.0201011999998;-0.4474;0.0000;-0.1377 
264.0681291000001;-0.2237;0.0000;0.0000 
264.1321425999995;-0.2237;0.0000;-0.1343 
264.18004069999733;-0.4474;0.0000;-0.2753 
264.2283972999976;-0.2237;0.0000;-0.1377 
264.27689420000024;0.0000;0.0000;-0.1377 
264.3243747999986;0.2237;0.0000;-0.1377 
264.38801199999943;-0.4474;0.0000;-0.1377 
264.43607979999797;-0.2237;0.0000;0.1410 
264.48432820000016;-0.4474;0.0000;-0.1343 
264.53219119999994;-0.2237;0.0000;0.0000 
264.58004829999845;0.0000;0.0000;-0.2753 
264.62833839999803;-0.4474;0.0000;0.2787 
264.69201359999715;-0.2237;0.0000;0.0000 
264.7399936999973;-0.2237;0.0000;-0.2753 
264.78808319999735;-0.2237;0.0000;-0.1377 
264.83640659999946;0.6711;0.0000;-0.1377 
264.884537599999;0.0000;0.0000;-0.1343 
264.9479543999987;-0.4474;0.0000;0.0000 
264.99600009999995;0.0000;0.0000;0.0000 
265.0444215999996;-0.2237;0.0000;-0.1377 
265.09219459999804;-0.2237;0.0000;-0.1377 
265.1402073999998;0.0000;0.0000;0.0000 
265.18892159999814;-0.2237;0.0000;0.0000 
265.2367043999984;-0.2237;0.0000;0.0034 
265.300024199998;-0.2237;0.0000;0.0000 
265.34834090000004;-0.2237;0.0000;-0.1377 
265.3965814999974;-0.2237;0.0000;0.0000 
265.4445635999982;-0.4474;0.0000;0.0000 
265.49233280000044;-0.6711;0.0000;-0.1377 
265.5562811999989;-0.2237;0.0000;-0.1377 
265.6039635999987;-0.2237;0.0000;-0.1377 
265.6521963999985;-0.2237;0.0000;-0.2753 
265.7000894999983;0.0000;0.0000;-0.1377 
265.7638220999979;0.0000;0.0000;-0.1377 
265.81192480000027;-0.2237;0.0000;-0.2753 
265.8599628999982;-0.2237;0.0000;0.0034 
265.9080677999991;0.0000;0.0000;-0.1377 
265.9561815999987;-0.2237;0.0000;-0.2753 
266.0040072999982;-0.2237;0.0000;0.1410 
266.06784680000055;-0.2237;0.0000;0.1410 
266.11603719999766;-0.2237;0.0000;-0.1377 
266.1641051999977;-0.4474;0.0000;0.0000 
266.2120438999991;-0.2237;0.0000;-0.2753 
266.27590749999945;-0.2237;0.0000;-0.2753 
266.3239360000007;-0.4474;0.0000;-0.1377 
266.3722897999978;-0.2237;0.0000;-0.1377 
266.4202688999976;-0.4474;0.0000;-0.1343 
266.4684039999993;-0.6711;0.0000;0.0000 
266.5320030999974;-0.2237;0.0000;0.0000 
266.57998029999726;0.0000;0.0000;-0.1377 
266.6285389000004;-0.2237;0.0000;-0.2753 
266.6760783999998;-0.2237;0.0000;0.0000 
266.72406579999733;-0.2237;0.0000;-0.2753 
266.7880065999998;0.2237;0.0000;-0.2753 
266.83597299999747;0.0000;0.0000;0.1377 
266.88460900000064;-0.2237;0.0000;0.0034 
266.93214739999894;-0.2237;0.0000;-0.1377 
266.9801262000001;0.0000;0.0000;-0.2720 
267.0287121000001;0.0000;0.0000;0.0000 
267.0761679999996;0.0000;0.0000;-0.1377 
267.12430680000034;0.0000;0.0000;-0.1343 
267.18786309999996;-0.2237;0.0000;0.1410 
267.2359020999975;-0.4474;0.0000;0.0000 
267.2840389999983;-0.2237;0.0000;0.1410 
267.33222119999846;-0.4474;0.0000;-0.1377 
267.3810612999987;-0.6711;0.0000;-0.1377 
267.42806220000057;-0.4474;0.0000;0.0000 
267.4920818999999;-0.2237;0.0000;-0.2753 
267.54000879999876;-0.2237;0.0000;0.0000 
267.5882887000007;0.2237;0.0000;-0.2753 
267.6369038999983;-0.2237;0.0000;-0.1377 
267.6844108999976;0.0000;0.0000;0.0000 
267.7321611999978;-0.4474;0.0000;0.0000 
267.7959031999999;-0.2237;0.0000;-0.1377 
267.84399329999724;-0.2237;0.0000;-0.2753 
267.89201599999797;-0.2237;0.0000;0.0034 
267.9401693;-0.2237;0.0000;-0.1377 
268.00385189999724;-0.2237;0.0000;-0.1377 
268.05205489999935;-0.2237;0.0000;-0.1343 
268.1001140999979;-0.4474;0.0000;-0.1377 
268.1488153999999;0.2237;0.0000;0.0000 
268.19617149999976;-0.4474;0.0000;-0.1343 
268.2601090999997;-0.2237;0.0000;-0.2753 
268.3079975999972;-0.4474;0.0000;-0.2753 
268.3562208000003;-0.4474;0.0000;0.0000 
268.40443759999835;0.0000;0.0000;-0.1377 
268.45260849999977;-0.4474;0.0000;-0.2753 
268.51605500000005;-0.2237;0.0000;-0.1377 
268.56424699999843;-0.2237;0.0000;-0.4130 
268.6122475999982;-0.4474;0.0000;-0.1377 
268.67591289999837;-0.2237;0.0000;-0.1377 
268.7239960000006;-0.4474;0.0000;-0.1377 
268.7721735999985;-0.2237;0.0000;-0.2753 
268.82024660000025;-0.2237;0.0000;-0.2753 
268.8839138999974;-0.4474;0.0000;-0.1377 
268.9322917999998;0.0000;0.0000;-0.1377 
268.98024069999883;-0.4474;0.0000;-0.1377 
269.0280504000002;-0.2237;0.0000;-0.4130 
269.09210729999904;-0.4474;0.0000;-0.1377 
269.13998189999984;-0.2237;0.0000;-0.1377 
269.1883873000006;-0.4474;0.0000;0.0000 
269.2361362999982;-0.2237;0.0000;-0.1377 
269.2842563999984;0.0000;0.0000;0.0034 
269.3478658999993;-0.4474;0.0000;0.0034 
269.3971683999989;-0.2237;0.0000;0.0000 
269.4441021999992;-0.2237;0.0000;-0.4130 
269.4923710000003;-0.2237;0.0000;-0.2753 
269.5400876999993;-0.2237;0.0000;0.0000 
269.60404930000004;0.0000;0.0000;-0.1377 
269.65281349999714;-0.6711;0.0000;-0.1377 
269.7002982999984;0.0000;0.0000;0.0000 
269.74812589999783;0.0000;0.0000;0.0000 
269.7961207999979;-0.6711;0.0000;0.2753 
269.84427610000057;0.0000;0.0000;0.0034 
269.8922175000007;-0.6711;0.0000;-0.2753 
269.9559363999979;-0.4474;0.0000;-0.1377 
270.00409299999956;-0.2237;0.0000;-0.2753 
270.05203889999757;-0.4474;0.0000;0.0034 
270.1000232999977;0.0000;0.0000;0.1377 
270.1489642999986;-0.4474;0.0000;-0.1377 
270.2119638999975;0.0000;0.0000;-0.1377 
270.25994309999805;-0.2237;0.0000;-0.1343 
270.30804999999964;-0.2237;0.0000;-0.1377 
270.35618579999937;0.0000;0.0000;-0.2753 
270.40518410000004;-0.2237;0.0000;0.0000 
270.45238029999746;0.0000;0.0000;-0.1377 
270.50012499999866;-0.2237;0.0000;0.0000 
270.56402439999874;0.0000;0.0000;-0.2753 
270.6120348999975;-0.4474;0.0000;-0.1377 
270.66006500000003;-0.2237;0.0000;0.0000 
270.7082568000005;-0.6711;0.0000;-0.1377 
270.7562715999993;0.0000;0.0000;0.0034 
270.8200919999981;0.0000;0.0000;-0.1377 
270.86805169999934;-0.2237;0.0000;-0.1377 
270.91653699999733;-0.2237;0.0000;-0.1377 
270.96401630000037;-0.4474;0.0000;0.1377 
271.0123749999984;-0.2237;0.0000;0.0000 
271.0758354999998;0.0000;0.0000;-0.4130 
271.1244630000001;-0.2237;0.0000;0.1377 
271.1722168999986;0.0000;0.0000;-0.1343 
271.2202823999978;-0.4474;0.0000;0.1410 
271.2681859000004;0.0000;0.0000;-0.2753 
271.31636620000063;-0.4474;0.0000;0.0034 
271.3641131000004;-0.2237;0.0000;0.0000 
271.42813679999745;-0.4474;0.0000;-0.1377 
271.475952599998;0.0000;0.0000;-0.2753 
271.5242369000007;0.2237;0.0000;-0.1377 
271.5722115999997;0.0000;0.0000;-0.1377 
271.62036179999996;0.4474;0.0000;-0.1377 
271.66854930000045;-0.4474;0.0000;-0.1343 
271.7319838000003;-0.4474;0.0000;-0.1377 
271.78009779999775;-0.2237;0.0000;0.0000 
271.82847089999996;-0.2237;0.0000;-0.1343 
271.8763900999984;-0.2237;0.0000;0.1410 
271.9246404999976;-0.2237;0.0000;0.0000 
271.9879336999984;0.0000;0.0000;-0.4130 
272.0360058999977;-0.2237;0.0000;0.1377 
272.08451090000017;-0.2237;0.0000;-0.1377 
272.1330573999985;0.0000;0.0000;0.0034 
272.18004759999894;-0.6711;0.0000;-0.1377 
272.22826279999936;-0.4474;0.0000;0.0000 
272.2919484999984;0.4474;0.0000;-0.1377 
272.33994990000065;-0.4474;0.0000;-0.1377 
272.3880165999981;0.2237;0.0000;0.0000 
272.43595979999736;-0.4474;0.0000;-0.2753 
272.48401849999937;-0.2237;0.0000;0.2753 
272.5321608999984;-0.2237;0.0000;0.1410 
272.5960462000003;-0.2237;0.0000;-0.2753 
272.6439575000004;0.0000;0.0000;-0.1377 
272.69215319999785;-0.2237;0.0000;0.0000 
272.74012909999874;-0.2237;0.0000;-0.1377 
272.7883511;-0.2237;0.0000;-0.2753 
272.85194760000013;-0.2237;0.0000;-0.1377 
272.9001062999996;-0.4474;0.0000;-0.2753 
272.9485707999993;-0.2237;0.0000;0.0000 
272.9964145999984;-0.2237;0.0000;0.0000 
273.04399249999915;-0.4474;0.0000;0.0000 
273.0921572999978;0.2237;0.0000;-0.2753 
273.15833790000033;-0.2237;0.0000;-0.2753 
273.2049076999974;0.2237;0.0000;-0.1377 
273.25280569999813;-0.2237;0.0000;0.0000 
273.3012170000002;-0.2237;0.0000;0.0000 
273.34817869999824;-0.2237;0.0000;-0.2753 
273.3971769999989;0.0000;0.0000;0.0000 
273.4444055999993;-0.2237;0.0000;0.0000 
273.50809129999834;-0.2237;0.0000;-0.1377 
273.55636049999885;-0.6711;0.0000;-0.1343 
273.60501640000075;0.0000;0.0000;-0.1377 
273.65340149999975;-0.2237;0.0000;-0.5506 
273.7164950000006;0.0000;0.0000;-0.2753 
273.764346699998;-0.4474;0.0000;0.0000 
273.81253110000034;0.0000;0.0000;-0.1377 
273.8603038000001;-0.6711;0.0000;-0.1377 
273.90910369999983;-0.4474;0.0000;-0.1377 
273.97189909999724;-0.2237;0.0000;0.0000 
274.019951899998;-0.2237;0.0000;-0.2753 
274.0680943999978;-0.2237;0.0000;0.0000 
274.1160189999973;-0.2237;0.0000;0.0000 
274.16522949999853;-0.2237;0.0000;-0.2753 
274.2279180999976;-0.8948;0.0000;-0.1377 
274.2760221999997;-0.2237;0.0000;-0.1377 
274.3244295000004;-0.2237;0.0000;-0.2753 
274.3721222999993;-0.4474;0.0000;0.0000 
274.4201061999993;-0.2237;0.0000;-0.2753 
274.48392479999893;-0.4474;0.0000;0.0034 
274.5319391999983;-0.2237;0.0000;0.0000 
274.5800019999988;-0.4474;0.0000;0.0000 
274.62851039999805;-0.2237;0.0000;-0.1343 
274.6771015999984;-0.2237;0.0000;-0.1377 
274.74016180000035;-0.4474;0.0000;0.0000 
274.7880370999992;0.0000;0.0000;-0.1377 
274.83608359999926;-0.4474;0.0000;-0.4130 
274.88422069999797;-0.2237;0.0000;-0.1343 
274.9478956999992;-0.6711;0.0000;-0.2753 
274.9962665999992;0.0000;0.0000;0.0000 
275.0440634000006;0.0000;0.0000;-0.1343 
275.0922137999987;-0.2237;0.0000;-0.2753 
275.14020209999944;-0.6711;0.0000;0.1377 
275.1887733000003;-0.2237;0.0000;-0.1377 
275.2519078000005;-0.2237;0.0000;-0.1377 
275.3001140999986;0.0000;0.0000;0.0000 
275.3482583999976;-0.2237;0.0000;-0.1377 
275.3971335999995;-0.4474;0.0000;0.0000 
275.4441501000001;-0.2237;0.0000;-0.1377 
275.4924322000006;0.0000;0.0000;0.1410 
275.55640779999885;-0.2237;0.0000;-0.2753 
275.60407320000013;-0.2237;0.0000;-0.4130 
275.6528217999985;0.0000;0.0000;0.0000 
275.6999980999972;-0.2237;0.0000;-0.2753 
275.74805600000036;-0.2237;0.0000;-0.1377 
275.81180029999814;0.0000;0.0000;0.0034 
275.8605021999974;-0.2237;0.0000;-0.1377 
275.90898860000016;0.0000;0.0000;-0.1343 
275.9560395999979;-0.2237;0.0000;0.0034 
276.0042738999982;-0.2237;0.0000;-0.1377 
276.0684913999976;0.0000;0.0000;-0.4130 
276.1159654000003;-0.4474;0.0000;-0.2753 
276.1641774999989;0.0000;0.0000;-0.1377 
276.21197050000046;-0.2237;0.0000;0.0000 
276.2602225999981;-0.2237;0.0000;0.0000 
276.308348999999;-0.2237;0.0000;-0.1377 
276.37194380000074;0.4474;0.0000;-0.1343 
276.41989099999773;-0.2237;0.0000;-0.2753 
276.4680406999978;-0.2237;0.0000;0.4130 
276.5161143000005;-0.4474;0.0000;-0.1377 
276.5642876999991;-0.2237;0.0000;-0.4130 
276.62808369999766;0.0000;0.0000;0.0000 
276.6759017000004;0.0000;0.0000;-0.2753 
276.7241974999997;-0.4474;0.0000;0.1377 
276.7720468000007;0.2237;0.0000;0.0000 
276.8202377999987;-0.2237;0.0000;0.0000 
276.8683810000002;-0.2237;0.0000;-0.1377 
276.9161537;0.0000;0.0000;0.1410 
276.96398449999833;-0.2237;0.0000;0.0000 
277.01249950000056;-0.4474;0.0000;0.0000 
277.0760687999973;-0.2237;0.0000;-0.2753 
277.12444099999993;-0.2237;0.0000;-0.2753 
277.1732940999973;-0.4474;0.0000;0.0000 
277.2202079999988;-0.2237;0.0000;-0.1377 
277.2839700000004;-0.4474;0.0000;-0.2753 
277.3319502999984;0.0000;0.0000;0.0000 
277.3800243000005;0.0000;0.0000;-0.4130 
277.42806109999947;-0.2237;0.0000;0.0034 
277.47605349999867;-0.4474;0.0000;-0.1377 
277.52409400000033;0.0000;0.0000;0.0000 
277.5722026000003;-0.2237;0.0000;-0.1377 
277.63612549999743;-0.2237;0.0000;-0.2753 
277.6840563000005;-0.4474;0.0000;-0.1377 
277.7321880999989;-0.2237;0.0000;0.2787 
277.7800771000002;-0.4474;0.0000;-0.1377 
277.8438896000007;-0.6711;0.0000;-0.2753 
277.8919700000006;0.4474;0.0000;0.0034 
277.9400764999991;-0.2237;0.0000;0.0034 
277.9880717999986;-0.2237;0.0000;-0.1377 
278.0361386000004;0.0000;0.0000;0.0000 
278.0997865999998;-0.2237;0.0000;-0.1377 
278.1479617999976;-0.4474;0.0000;-0.1377 
278.1960670999979;-0.2237;0.0000;-0.1377 
278.24410109999735;0.0000;0.0000;-0.4130 
278.29290989999936;-0.2237;0.0000;-0.1377 
278.35599379999985;-0.2237;0.0000;-0.2753 
278.40409799999907;-0.2237;0.0000;-0.2753 
278.4525971000003;-0.2237;0.0000;0.1410 
278.50059229999897;0.0000;0.0000;-0.1377 
278.5480994999998;0.0000;0.0000;0.0034 
278.6121542000001;-0.4474;0.0000;-0.1377 
278.66016209999725;-0.4474;0.0000;0.0000 
278.70841870000004;-0.2237;0.0000;0.0000 
278.7559963999993;0.0000;0.0000;-0.1377 
278.8041228000002;0.0000;0.0000;0.0000 
278.8521252999999;-0.4474;0.0000;0.0000 
278.9000524999974;-0.2237;0.0000;0.0000 
278.9642533999977;-0.2237;0.0000;-0.1377 
279.0119866999994;0.0000;0.0000;-0.1377 
279.0604084000006;0.0000;0.0000;0.0034 
279.10806629999934;0.0000;0.0000;0.0034 
279.15613459999804;-0.4474;0.0000;-0.2753 
279.2046272000007;-0.2237;0.0000;-0.1377 
279.267942399998;-0.2237;0.0000;-0.2753 
279.31599229999847;0.0000;0.0000;0.0000 
279.3640536999992;0.0000;0.0000;-0.2753 
279.4121247000003;-0.2237;0.0000;-0.2753 
279.4610568999997;-0.4474;0.0000;-0.2753 
279.50824499999726;-0.2237;0.0000;0.1377 
279.57238309999957;-0.2237;0.0000;-0.1377 
279.6201098999991;-0.2237;0.0000;-0.1377 
279.6693424999976;0.0000;0.0000;0.0000 
279.71603200000027;0.0000;0.0000;-0.1377 
279.7641635;-0.2237;0.0000;-0.2753 
279.81212669999877;0.0000;0.0000;-0.2753 
279.8759761000001;0.0000;0.0000;-0.1377 
279.9240265999979;0.0000;0.0000;-0.2753 
279.97226189999856;0.0000;0.0000;-0.1377 
280.01998489999824;-0.2237;0.0000;-0.1377 
280.0682753999972;-0.4474;0.0000;0.0000 
280.1318532999976;-0.4474;0.0000;-0.1377 
280.17997019999893;0.4474;0.0000;-0.2753 
280.22799139999915;0.4474;0.0000;0.1377 
280.2762737999983;-0.4474;0.0000;-0.1377 
280.32413919999817;-0.2237;0.0000;-0.1377 
280.3719471000004;-0.2237;0.0000;0.0000 
280.4358530999998;0.0000;0.0000;-0.1377 
280.48396069999944;-0.2237;0.0000;-0.1377 
280.5319653000006;-0.4474;0.0000;-0.1343 
280.5800175999975;-0.2237;0.0000;-0.1377 
280.6283258000003;-0.2237;0.0000;0.0000 
280.6918673;0.0000;0.0000;-0.2753 
280.73995849999847;-0.4474;0.0000;0.0000 
280.78811679999853;0.0000;0.0000;-0.2753 
280.83599329999925;-0.2237;0.0000;0.0000 
280.8840302999997;-0.4474;0.0000;-0.2753 
280.9321853000001;-0.4474;0.0000;-0.1377 
280.9958528999996;-0.2237;0.0000;-0.1343 
281.04391100000066;-0.4474;0.0000;-0.1377 
281.0923374999984;-0.2237;0.0000;-0.2753 
281.1402907999982;-0.2237;0.0000;0.0000 
281.2040147000007;-0.2237;0.0000;-0.1377 
281.252031;-0.2237;0.0000;-0.1377 
281.30014279999887;-0.2237;0.0000;-0.1377 
281.34823870000037;-0.6711;0.0000;-0.1377 
281.4119456999979;0.0000;0.0000;-0.1377 
281.46060020000004;0.0000;0.0000;0.1410 
281.5081121999974;-0.2237;0.0000;-0.2753 
281.55684309999924;0.0000;0.0000;-0.1377 
281.6050111000004;0.0000;0.0000;0.0000 
281.6533218000004;-0.4474;0.0000;-0.1377 
281.70038269999714;-0.2237;0.0000;0.0000 
281.7642914999997;-0.4474;0.0000;-0.1377 
281.8119697999973;-0.4474;0.0000;-0.2753 
281.86006989999805;-0.2237;0.0000;-0.1377 
281.90819719999854;0.0000;0.0000;-0.1377 
281.97192820000055;-0.6711;0.0000;-0.1377 
282.02005279999867;0.0000;0.0000;-0.1377 
282.0680700999983;-0.4474;0.0000;0.0034 
282.11613209999996;-0.2237;0.0000;-0.1377 
282.1799030000002;-0.2237;0.0000;-0.2753 
282.2292736999989;-0.2237;0.0000;-0.1377 
282.2761180999987;-0.2237;0.0000;0.1410 
282.32412679999834;-0.2237;0.0000;-0.2753 
282.37237019999884;0.0000;0.0000;0.0000 
282.4199843999995;-0.2237;0.0000;-0.1377 
282.4845103999978;-0.2237;0.0000;0.0000 
282.53203360000043;-0.6711;0.0000;-0.1343 
282.5799690999993;-0.2237;0.0000;-0.1377 
282.6287121999994;0.0000;0.0000;-0.4130 
282.6762366999974;0.0000;0.0000;0.1377 
282.73981079999794;-0.2237;0.0000;-0.2753 
282.7880707999975;-0.2237;0.0000;0.0000 
282.8359578999989;0.0000;0.0000;-0.1377 
282.88399070000014;-0.2237;0.0000;0.0000 
282.9320731000007;0.0000;0.0000;-0.1377 
282.98068649999914;-0.2237;0.0000;0.0000 
283.0284783999996;0.0000;0.0000;-0.1343 
283.0759509999989;0.2237;0.0000;-0.1377 
283.1241950000003;0.2237;0.0000;0.0000 
283.18794440000056;-0.2237;0.0000;-0.1377 
283.2369636000003;-0.2237;0.0000;0.0000 
283.2840580999982;-0.2237;0.0000;-0.1377 
283.33217629999854;-0.4474;0.0000;-0.1377 
283.3958617999997;0.0000;0.0000;-0.2753 
283.44412499999817;-0.2237;0.0000;-0.1377 
283.4922286000001;-0.4474;0.0000;-0.2753 
283.5399206999973;-0.2237;0.0000;0.0034 
283.5879638000006;-0.4474;0.0000;0.1410 
283.6519139999982;0.0000;0.0000;-0.1377 
283.6998531999998;-0.4474;0.0000;0.1410 
283.74800499999765;-0.4474;0.0000;-0.1343 
283.79595730000074;-0.2237;0.0000;-0.1377 
283.8439667999992;-0.2237;0.0000;-0.1377 
283.90784039999926;-0.4474;0.0000;-0.1377 
283.95590869999796;-0.4474;0.0000;-0.1377 
284.00403839999854;-0.2237;0.0000;0.0034 
284.0519512999999;-0.2237;0.0000;-0.1377 
284.1158718000006;-0.2237;0.0000;0.0034 
284.1638944000006;-0.4474;0.0000;0.0000 
284.2118434999975;-0.2237;0.0000;0.0000 
284.2598837999976;0.0000;0.0000;-0.1377 
284.3081874999989;-0.4474;0.0000;0.0000 
284.3564856999983;-0.2237;0.0000;-0.1377 
284.4041133999999;-0.4474;0.0000;0.0000 
284.46793799999796;-0.2237;0.0000;0.0034 
284.5158788999979;-0.2237;0.0000;-0.1377 
284.5643386999982;-0.2237;0.0000;0.1410 
284.61229099999764;-0.2237;0.0000;-0.1377 
284.6758837999987;-0.2237;0.0000;-0.2753 
284.72395250000045;-0.4474;0.0000;-0.2753 
284.7721430999991;-0.2237;0.0000;0.1377 
284.8203570000005;-0.4474;0.0000;0.0034 
284.86834499999895;-0.2237;0.0000;-0.2753 
284.9321901999974;-0.6711;0.0000;0.0000 
284.9801000999978;-0.4474;0.0000;0.0034 
285.0281345000003;0.0000;0.0000;0.1410 
285.07710719999886;-0.2237;0.0000;0.0000 
285.1240541999978;-0.4474;0.0000;0.0034 
285.1730905999975;-0.2237;0.0000;-0.1377 
285.23793149999983;0.0000;0.0000;-0.1377 
285.2839424999984;-0.4474;0.0000;0.0000 
285.3322159999989;-0.2237;0.0000;-0.1377 
285.3800808999986;-0.2237;0.0000;0.0000 
285.42829639999763;0.0000;0.0000;-0.1377 
285.4760485000006;-0.6711;0.0000;0.0034 
285.53974709999966;-0.4474;0.0000;0.0000 
285.58791479999854;0.0000;0.0000;0.0000 
285.6360093000003;-0.2237;0.0000;0.0000 
285.6839579000007;0.0000;0.0000;0.1377 
285.73211159999846;0.0000;0.0000;-0.1377 
285.78009530000054;0.2237;0.0000;-0.1343 
285.82805919999737;-0.4474;0.0000;0.0000 
285.87614609999946;-0.4474;0.0000;-0.1377 
285.9399749999975;-0.4474;0.0000;-0.2753 
285.9881401999992;0.0000;0.0000;0.0000 
286.0359236999975;-0.4474;0.0000;-0.1343 
286.08409179999944;0.0000;0.0000;-0.2753 
286.13239509999767;-0.2237;0.0000;-0.1377 
286.1801388999993;-0.4474;0.0000;0.1410 
286.2444316999972;-0.2237;0.0000;-0.1377 
286.2921905000003;0.0000;0.0000;0.0000 
286.3399404999982;0.0000;0.0000;-0.1377 
286.3880597999996;-0.2237;0.0000;-0.1377 
286.4361642999975;-0.2237;0.0000;-0.1377 
286.50066439999864;-0.2237;0.0000;-0.2753 
286.54940820000047;-0.2237;0.0000;-0.2753 
286.59619439999733;-0.2237;0.0000;0.0000 
286.64427669999714;0.0000;0.0000;-0.1377 
286.6919668999981;0.0000;0.0000;0.0034 
286.74004729999797;-0.4474;0.0000;-0.1377 
286.8043854999996;-0.2237;0.0000;0.0000 
286.8519171000007;-0.2237;0.0000;0.0000 
286.9003647999998;-0.2237;0.0000;-0.1377 
286.94841499999893;-0.2237;0.0000;0.0034 
286.9960475000007;-0.2237;0.0000;-0.1377 
287.0599474999981;-0.4474;0.0000;-0.2753 
287.1081736999986;0.2237;0.0000;0.1377 
287.1560935999987;-0.4474;0.0000;-0.1377 
287.20399989999714;-0.2237;0.0000;0.1377 
287.2521839999972;-0.2237;0.0000;0.0000 
287.31582459999845;-0.4474;0.0000;-0.2753 
287.36397639999996;-0.2237;0.0000;0.0000 
287.4118911999976;-0.4474;0.0000;0.0034 
287.4599984999986;0.0000;0.0000;0.0000 
287.5080765999992;-0.2237;0.0000;-0.2753 
287.55621379999866;-0.2237;0.0000;0.0000 
287.6041790999989;-0.2237;0.0000;0.0000 
287.66789380000046;-0.4474;0.0000;0.1410 
287.71590749999814;-0.2237;0.0000;0.2787 
287.76407449999897;-0.4474;0.0000;0.0000 
287.8121288000002;-0.2237;0.0000;-0.1377 
287.86035249999986;0.0000;0.0000;-0.2753 
287.90828019999753;-0.2237;0.0000;0.0000 
287.9721118999987;-0.2237;0.0000;-0.1377 
288.01997739999933;-0.4474;0.0000;-0.1377 
288.0681201999978;0.0000;0.0000;-0.2753 
288.1160877000002;-0.4474;0.0000;0.0000 
288.164123999999;0.0000;0.0000;-0.1377 
288.21216730000015;0.0000;0.0000;0.0000 
288.2766606999976;-0.2237;0.0000;-0.2720 
288.32399059999807;0.0000;0.0000;-0.1377 
288.3720207999977;0.0000;0.0000;0.0000 
288.4200955999986;-0.2237;0.0000;0.0000 
288.46811719999823;-0.2237;0.0000;-0.1377 
288.5160455000005;0.2237;0.0000;0.0000 
288.56467599999814;0.0000;0.0000;-0.1377 
288.6124641999995;-0.4474;0.0000;-0.1343 
288.67639749999944;0.2237;0.0000;0.0000 
288.72393290000036;-0.2237;0.0000;-0.1377 
288.7722288999976;-0.2237;0.0000;-0.1377 
288.82006700000056;-0.2237;0.0000;-0.2753 
288.8684546999975;-0.2237;0.0000;0.0000 
288.9319871000007;0.2237;0.0000;-0.1377 
288.9799678999989;0.0000;0.0000;0.1410 
289.02818169999955;0.0000;0.0000;-0.2753 
289.07631839999885;-0.2237;0.0000;-0.1377 
289.1247928999983;0.0000;0.0000;-0.2753 
289.17251960000067;-0.6711;0.0000;-0.2753 
289.21999080000023;0.0000;0.0000;0.0000 
289.28401929999745;-0.2237;0.0000;-0.1377 
289.3320743000004;0.2237;0.0000;0.0000 
289.3798848000006;-0.2237;0.0000;0.0000 
289.4280435999972;0.0000;0.0000;-0.2753 
289.47607549999884;-0.2237;0.0000;-0.1343 
289.52420659999916;0.0000;0.0000;-0.2753 
289.58835929999987;-0.2237;0.0000;-0.2753 
289.63598979999733;0.0000;0.0000;-0.1377 
289.6841958999976;-0.2237;0.0000;-0.2720 
289.73211739999897;-0.2237;0.0000;-0.1377 
289.7799926000007;-0.2237;0.0000;-0.5506 
289.8444004999983;-0.4474;0.0000;-0.1377 
289.89257069999803;-0.2237;0.0000;-0.4130 
289.93994649999877;0.0000;0.0000;-0.1377 
289.988330199998;-0.2237;0.0000;0.0000 
290.05176519999804;-0.4474;0.0000;-0.1377 
290.09988539999904;-0.2237;0.0000;0.0000 
290.14802979999877;-0.2237;0.0000;-0.1377 
290.19683760000044;0.0000;0.0000;-0.1377 
290.24472219999734;0.0000;0.0000;-0.2753 
290.2922250999982;-0.2237;0.0000;-0.1343 
290.3565232000001;-0.2237;0.0000;-0.1377 
290.4045361999997;-0.2237;0.0000;0.1377 
290.4521434999988;-0.2237;0.0000;-0.2753 
290.5003945999997;-0.2237;0.0000;0.0034 
290.54854799999885;0.0000;0.0000;-0.1377 
290.61264409999785;-0.2237;0.0000;-0.1377 
290.6600772999991;-0.6711;0.0000;0.1410 
290.70785479999904;0.0000;0.0000;-0.1377 
290.7559039999978;-0.2237;0.0000;-0.1377 
290.8198534999974;-0.2237;0.0000;-0.1377 
290.867930299999;-0.4474;0.0000;-0.1377 
290.9160413999998;-0.4474;0.0000;-0.2753 
290.96416899999895;0.0000;0.0000;-0.2753 
291.0123206999997;-0.4474;0.0000;0.0000 
291.075901799999;-0.2237;0.0000;-0.1377 
291.1241291999977;-0.2237;0.0000;-0.2753 
291.1731488000005;-0.2237;0.0000;-0.1377 
291.22004839999863;0.0000;0.0000;-0.2753 
291.2680567999996;-0.4474;0.0000;0.1377 
291.3330126000001;-0.4474;0.0000;0.0034 
291.37985370000024;-0.8948;0.0000;0.0000 
291.4282542999972;-0.4474;0.0000;0.1410 
291.47593179999967;-0.2237;0.0000;0.1377 
291.52417609999975;-0.4474;0.0000;-0.4130 
291.5884129999977;0.0000;0.0000;-0.1377 
291.63595709999936;-0.2237;0.0000;-0.1377 
291.6845814999979;-0.2237;0.0000;-0.1343 
291.73238239999773;-0.2237;0.0000;0.0000 
291.7801225999974;-0.2237;0.0000;-0.1377 
291.8439115000001;-0.2237;0.0000;-0.1377 
291.8919524999983;-0.2237;0.0000;-0.4130 
291.9399386999976;-0.2237;0.0000;-0.1343 
291.9880869999979;0.0000;0.0000;-0.1377 
292.0363641999975;-0.4474;0.0000;0.1410 
292.0998660000005;-0.2237;0.0000;-0.4130 
292.1479825999995;-0.4474;0.0000;-0.1377 
292.1960588999973;-0.4474;0.0000;0.0000 
292.2442056;0.0000;0.0000;0.0000 
292.2926417999988;-0.6711;0.0000;-0.1377 
292.3557387999972;-0.6711;0.0000;0.0000 
292.40397799999846;0.2237;0.0000;-0.1377 
292.4522872999987;-0.2237;0.0000;0.0034 
292.5001138000007;-0.4474;0.0000;-0.1377 
292.5479904999993;-0.2237;0.0000;0.1410 
292.5970739000004;0.0000;0.0000;0.0000 
292.64394959999845;0.0000;0.0000;-0.2753 
292.70779570000013;-0.2237;0.0000;-0.2753 
292.7558967999976;-0.2237;0.0000;-0.2753 
292.80389640000067;-0.2237;0.0000;-0.2753 
292.8528346999992;-0.2237;0.0000;0.0000 
292.91592630000014;-0.2237;0.0000;-0.1377 
292.96393929999977;0.2237;0.0000;-0.1377 
293.0119023999978;-0.4474;0.0000;-0.2753 
293.0599951000004;-0.4474;0.0000;-0.2753 
293.1237383000007;-0.2237;0.0000;-0.1377 
293.17269680000027;-0.4474;0.0000;0.0000 
293.2201313999976;-0.2237;0.0000;-0.2753 
293.2680545999974;0.0000;0.0000;-0.1377 
293.3191619999998;0.0000;0.0000;0.0000 
293.3646641999985;-0.4474;0.0000;-0.1377 
293.4280089999993;-0.2237;0.0000;-0.2753 
293.4761948999985;-0.2237;0.0000;-0.1377 
293.52394549999735;-0.2237;0.0000;0.0000 
293.57208179999725;0.0000;0.0000;-0.1343 
293.62004929999966;0.2237;0.0000;0.0034 
293.6681123999988;0.0000;0.0000;0.0000 
293.7161562000001;0.0000;0.0000;-0.1377 
293.7800117000006;-0.2237;0.0000;0.0034 
293.828523199998;-0.2237;0.0000;0.0034 
293.87611749999996;-0.2237;0.0000;-0.1377 
293.924295599998;-0.2237;0.0000;-0.1377 
293.9727132000007;0.0000;0.0000;0.0034 
294.0359817999997;-0.4474;0.0000;-0.1377 
294.0839054999997;0.0000;0.0000;-0.4130 
294.1323795999997;0.0000;0.0000;-0.1377 
294.179986799998;-0.2237;0.0000;0.1377 
294.2289802999985;-0.2237;0.0000;-0.2753 
294.2919206999977;0.0000;0.0000;-0.2753 
294.33999159999803;-0.4474;0.0000;-0.2753 
294.3880771999975;-0.2237;0.0000;-0.2753 
294.43594440000015;-0.4474;0.0000;-0.1377 
294.5452535999975;0.0000;0.0000;0.0000 
294.5712891000003;-0.4474;0.0000;-0.1377 
70.9330904999988;1.3422;0.0000;0.9637 
70.98154779999822;-0.8948;0.0000;3.1730 
71.02897969999685;-0.4474;0.0000;-0.2753 
71.07753759999832;-0.2237;0.0000;-0.2753 
71.12528620000012;0.0000;0.0000;-0.1377 
71.18921549999868;-0.2237;0.0000;-0.1377 
71.23758669999734;-0.2237;0.0000;-0.1377 
71.28506170000037;0.0000;0.0000;-0.4130 
71.33307449999847;-0.4474;0.0000;0.0033 
71.38183589999971;-0.2237;0.0000;0.0033 
71.44511879999845;0.0000;0.0000;-0.1377 
71.49306140000044;-0.4474;0.0000;-0.2753 
71.54107199999999;0.0000;0.0000;-0.2753 
71.58921479999844;-0.4474;0.0000;-0.1343 
71.63724809999985;-0.2237;0.0000;-0.1377 
71.70121979999749;-0.2237;0.0000;-0.1377 
71.74917239999922;-0.2237;0.0000;-0.2753 
71.79744709999795;0.0000;0.0000;-0.2753 
71.84529309999925;-0.2237;0.0000;0.0000 
71.89323189999777;-0.2237;0.0000;0.0000 
71.95680549999815;0.6711;0.0000;0.0000 
72.00489329999982;3.5813;0.0000;-4.1390 
72.05351799999698;-1.5660;0.0000;-4.2010 
72.10112389999995;1.1185;0.0000;-7.9684 
72.14908009999999;-4.7026;0.0000;-5.4384 
72.21299579999686;-5.8258;0.0000;-13.4320 
72.26118279999719;-11.0284;0.0000;-11.1629 
72.32493359999717;-6.7259;0.0000;-10.3223 
72.37314879999758;-8.5314;0.0000;-12.1462 
72.43685189999815;-14.0074;0.0000;-12.5767 
72.48549389999971;-14.9315;0.0000;-12.5826 
72.54890030000024;-16.3252;0.0000;-12.0143 
72.59714089999761;-16.0922;0.0000;-11.8849 
72.66089499999725;-17.0257;0.0000;-10.7471 
72.70912299999691;-17.4941;0.0000;-11.0414 
72.77334499999779;-16.3252;0.0000;-10.3335 
72.82135980000021;-17.4941;0.0000;-9.3312 
72.88497609999831;-16.7919;0.0000;-8.4925 
72.93317529999695;-16.7919;0.0000;-6.5064 
72.98129969999718;-12.6282;0.0000;-4.6720 
73.04496559999825;-14.4690;0.0000;-2.9765 
73.09318849999909;-9.4373;0.0000;-2.1319 
73.14131029999771;-6.7259;0.0000;3.5008 
73.20483119999699;-3.1331;0.0000;3.8788 
73.25305490000028;-3.3572;0.0000;1.6193 
73.30099569999948;-0.2237;0.0000;5.6781 
73.34913519999827;0.8948;0.0000;-1.7902 
73.39699909999763;3.3572;0.0000;0.4130 
73.44515589999719;0.4474;0.0000;-2.0506 
73.49385429999893;-0.6711;0.0000;-0.6883 
73.55690119999781;-0.2237;0.0000;-0.4130 
73.60490189999837;-0.2237;0.0000;0.0000 
73.65314429999853;-0.2237;0.0000;0.1410 
73.70112510000035;-0.4474;0.0000;-0.1377 
73.74901639999734;-0.6711;0.0000;-0.1377 
73.81296499999735;-0.4474;0.0000;-0.4130 
73.86112179999691;-0.2237;0.0000;-0.1377 
73.90922890000002;0.6711;0.0000;-0.2753 
73.9569636999986;4.2539;0.0000;2.7558 
74.00553049999871;-3.8054;0.0000;1.3769 
74.05341099999714;-0.4474;0.0000;-1.3737 
74.1170990999999;0.0000;0.0000;-0.2753 
74.1650047999974;-3.1331;0.0000;0.1377 
74.21298129999923;0.8948;0.0000;-0.1343 
74.26087769999867;0.4474;0.0000;0.1410 
74.3091265999974;0.2237;0.0000;0.5640 
74.35711950000041;3.8054;0.0000;5.6246 
74.40514179999809;1.3422;0.0000;6.1437 
74.45309509999788;4.0296;0.0000;9.9043 
74.50171579999733;5.6010;0.0000;7.4014 
74.54913529999976;6.5007;0.0000;9.7692 
74.59710099999938;9.8911;0.0000;10.1883 
74.64510259999952;10.8006;0.0000;10.3134 
74.70892159999858;11.0284;0.0000;10.8760 
74.75760470000023;12.6282;0.0000;10.8742 
74.80506830000013;13.7770;0.0000;13.2926 
74.8531828999985;15.8595;0.0000;12.7093 
74.9168811999989;16.0922;0.0000;12.4357 
74.96510759999728;16.5584;0.0000;11.6027 
75.0133571999977;17.4941;0.0000;11.6225 
75.07706049999979;17.9638;0.0000;12.1728 
75.12496709999687;17.7288;0.0000;11.9008 
75.17309489999752;18.6707;0.0000;11.7635 
75.22114469999724;18.1991;0.0000;13.0255 
75.28492699999697;19.6178;0.0000;12.0581 
75.33301539999957;18.9069;0.0000;11.3624 
75.38125729999956;18.6707;0.0000;11.7675 
75.42905619999874;18.4347;0.0000;11.4896 
75.49295689999781;17.9638;0.0000;10.9173 
75.54125819999899;17.4941;0.0000;8.3680 
75.58895719999782;15.6271;0.0000;9.3552 
75.63702829999966;15.1631;0.0000;5.9563 
75.68508599999768;13.7770;0.0000;4.3920 
75.73317920000045;11.9414;0.0000;3.3998 
75.78117949999796;8.7577;0.0000;0.2983 
75.84492849999879;6.9512;0.0000;-4.7486 
75.89341219999915;3.5813;0.0000;-2.0714 
75.9412185000001;2.6852;0.0000;-2.8608 
75.98940789999688;1.3422;0.0000;-2.5655 
76.03715910000028;-0.2237;0.0000;-2.8343 
76.0851365999988;0.0000;0.0000;-4.2276 
76.1489963999993;-3.8054;0.0000;-6.3098 
76.19694499999969;-2.0136;0.0000;-7.8452 
76.24505130000034;-7.1766;0.0000;-6.6961 
76.3089192999978;-7.6277;0.0000;-10.4684 
76.35696679999819;-11.0284;0.0000;-11.3051 
76.42095399999744;-11.0284;0.0000;-12.4256 
76.46926759999769;-14.7001;0.0000;-12.2844 
76.53304569999818;-14.2381;0.0000;-12.8543 
76.58104099999764;-17.2597;0.0000;-12.7176 
76.64486399999805;-16.7919;0.0000;-14.8467 
76.69314369999847;-19.6178;0.0000;-14.8590 
76.75770489999923;-21.2890;0.0000;-15.8706 
76.8053540999972;-22.2524;0.0000;-15.7873 
76.86913089999871;-23.2226;0.0000;-17.1030 
76.91733639999802;-23.9548;0.0000;-17.0076 
76.981044199998;-25.1846;0.0000;-17.1295 
77.02928389999943;-26.4269;0.0000;-16.8021 
77.09306920000017;-25.4320;0.0000;-17.2135 
77.14114100000006;-25.9284;0.0000;-16.4299 
77.2049834999998;-26.1774;0.0000;-16.6732 
77.25319549999767;-26.9276;0.0000;-15.6621 
77.31696799999918;-26.4269;0.0000;-15.5209 
77.38082569999824;-25.4320;0.0000;-15.9806 
77.4296119999999;-25.6800;0.0000;-14.0991 
77.49310519999926;-24.6912;0.0000;-14.1971 
77.54103609999947;-24.1998;0.0000;-12.7970 
77.60507019999932;-21.5292;0.0000;-12.0432 
77.65301009999894;-20.8096;0.0000;-9.4957 
77.71679599999698;-17.7288;0.0000;-8.9860 
77.76555509999889;-17.4941;0.0000;-7.1361 
77.81316089999746;-17.4941;0.0000;-5.2382 
77.87701839999863;-14.4690;0.0000;-4.9740 
77.92509599999903;-11.9414;0.0000;-2.9761 
77.98882609999782;-11.2564;0.0000;-2.6952 
78.03712799999994;-9.4373;0.0000;-2.4275 
78.08497539999735;-7.6277;0.0000;0.9684 
78.13309229999868;-6.2757;0.0000;0.6378 
78.18117639999764;-2.6852;0.0000;3.4498 
78.22917149999921;-0.6711;0.0000;4.6910 
78.29305739999836;-0.2237;0.0000;4.2379 
78.34097549999933;3.1331;0.0000;4.9194 
78.38895879999836;3.5813;0.0000;6.4258 
78.43693709999934;4.4782;0.0000;5.8771 
78.4848533000004;6.0507;0.0000;7.5367 
78.53390880000006;8.5314;0.0000;9.0728 
78.58086790000016;9.2106;0.0000;9.4871 
78.62894239999878;10.1182;0.0000;9.6102 
78.67711359999885;12.6282;0.0000;11.2974 
78.72541089999868;13.3169;0.0000;12.0023 
78.78920669999934;14.2381;0.0000;11.0162 
78.8368804999991;13.5468;0.0000;9.3243 
78.88497519999873;14.0074;0.0000;6.9261 
78.93304539999735;14.2381;0.0000;9.1840 
78.98108209999918;13.7770;0.0000;7.4908 
79.02970839999762;12.8576;0.0000;7.6326 
79.07719899999938;13.3169;0.0000;8.4764 
79.1411834999999;12.6282;0.0000;7.7712 
79.18913099999918;12.8576;0.0000;6.2198 
79.2370751999988;12.6282;0.0000;7.3481 
79.28557009999713;11.7129;0.0000;6.3610 
79.33307989999957;11.2564;0.0000;6.6439 
79.3811014999992;10.8006;0.0000;4.6720 
79.42916599999808;11.2564;0.0000;3.4046 
79.47738559999925;9.4373;0.0000;4.1152 
79.52552819999983;8.3053;0.0000;3.8397 
79.57314689999839;7.1766;0.0000;3.6987 
79.62112499999785;7.6277;0.0000;2.4419 
79.6847366999973;6.2757;0.0000;1.7414 
79.73279469999761;5.6010;0.0000;0.0618 
79.78128979999747;3.8054;0.0000;-0.6230 
79.8290722999991;3.1331;0.0000;-0.1937 
79.87716589999764;1.3422;0.0000;-2.8574 
79.92511459999878;-0.8948;0.0000;-3.8182 
79.97307809999984;-2.4613;0.0000;-5.9202 
80.03706219999731;-4.2539;0.0000;-6.0057 
80.08497699999862;-5.1516;0.0000;-8.6884 
80.13299569999799;-7.8535;0.0000;-9.0706 
80.19691129999774;-9.6641;0.0000;-10.8954 
80.24496699999872;-10.3455;0.0000;-9.3440 
80.2941026999979;-10.8006;0.0000;-8.0548 
80.35684989999936;-10.5730;0.0000;-7.0717 
80.40510509999876;-11.2564;0.0000;-3.9646 
80.45313600000009;-9.6641;0.0000;-3.4114 
80.51697140000033;-7.1766;0.0000;-2.8457 
80.56505319999997;-7.4021;0.0000;0.1073 
80.61299249999865;-3.3572;0.0000;2.4595 
80.66101530000014;-1.1185;0.0000;3.1647 
80.70908810000037;-1.5660;0.0000;4.1332 
80.7570558999978;2.2374;0.0000;3.5292 
80.80508889999692;1.5660;0.0000;6.3098 
80.85314589999689;4.2539;0.0000;6.3066 
80.90111039999829;4.0296;0.0000;5.7206 
80.94939299999896;5.6010;0.0000;6.1236 
80.9971246999994;6.5007;0.0000;5.2724 
81.04523849999896;6.9512;0.0000;5.4083 
81.09321229999841;6.9512;0.0000;5.6791 
81.14147279999816;7.6277;0.0000;6.1022 
81.18912599999749;8.0793;0.0000;5.8181 
81.23757679999835;7.8535;0.0000;5.9656 
81.28514340000038;7.6277;0.0000;5.6771 
81.34882469999866;8.5314;0.0000;5.3969 
81.3967410999976;9.8911;0.0000;6.9391 
81.444774399999;9.8911;0.0000;7.9216 
81.49317099999826;10.3455;0.0000;4.9628 
81.54102839999905;10.1182;0.0000;6.6465 
81.58937679999872;8.9841;0.0000;3.8290 
81.63685319999786;8.0793;0.0000;3.0084 
81.68496909999885;6.5007;0.0000;0.7408 
81.7329866;5.3763;0.0000;0.4674 
81.78097770000022;4.9271;0.0000;0.2030 
81.82897029999731;3.1331;0.0000;-1.3029 
81.8771573999984;2.0136;0.0000;0.2324 
81.92504769999869;3.8054;0.0000;-0.0433 
81.97334209999826;-0.8948;0.0000;-6.0149 
82.03688879999754;1.1185;0.0000;-1.5380 
82.08493280000039;-1.1185;0.0000;-1.5277 
82.13301599999977;0.2237;0.0000;-1.1014 
82.18128269999943;-0.8948;0.0000;-0.6883 
82.24477499999921;0.0000;0.0000;-0.5506 
82.29303879999861;0.0000;0.0000;-0.1377 
82.34107640000002;-0.2237;0.0000;0.1377 
82.38898909999989;-0.4474;0.0000;0.0033 
82.437127899997;0.6711;0.0000;-0.2753 
82.48505929999737;-0.2237;0.0000;-0.1377 
82.53382719999718;-0.2237;0.0000;0.0000 
82.59742429999824;-0.2237;0.0000;-0.1377 
82.64490669999941;0.0000;0.0000;-0.2753 
82.6932412999995;-0.2237;0.0000;-0.1377 
82.74109580000004;0.2237;0.0000;-0.2753 
82.78909009999916;-0.2237;0.0000;-0.1377 
82.85312839999824;0.0000;0.0000;0.0033 
82.90092769999683;-0.4474;0.0000;0.0033 
82.94907179999791;-0.4474;0.0000;-0.1377 
82.99703059999956;0.0000;0.0000;-0.1343 
83.04564209999808;-0.2237;0.0000;0.0000 
83.09311919999891;0.0000;0.0000;-0.1377 
83.15685409999787;-0.4474;0.0000;0.0000 
83.20485819999885;-0.2237;0.0000;-0.1377 
83.25303820000045;-0.2237;0.0000;-0.1377 
83.30118199999924;-0.6711;0.0000;-0.1377 
83.34919579999769;-0.2237;0.0000;0.1410 
83.41304049999962;-0.4474;0.0000;0.0000 
83.46110119999867;-0.2237;0.0000;-0.1377 
83.5090375999971;-0.6711;0.0000;-0.1377 
83.55704929999774;-0.2237;0.0000;0.1377 
83.60528469999917;-0.2237;0.0000;0.0000 
83.66881519999879;-0.4474;0.0000;0.1377 
83.7168316999996;0.0000;0.0000;0.0000 
83.7649281999984;0.0000;0.0000;-0.1377 
83.8130218999977;-0.2237;0.0000;-0.1377 
83.86086099999739;-0.2237;0.0000;-0.1377 
83.9090017999988;0.0000;0.0000;0.0000 
83.95722810000007;-0.2237;0.0000;-0.1377 
84.02087229999961;0.0000;0.0000;-0.2753 
84.06893769999806;-0.2237;0.0000;-0.1343 
84.11751879999792;-0.2237;0.0000;-0.1377 
84.16527399999904;-0.4474;0.0000;-0.1377 
84.22894710000037;-0.2237;0.0000;-0.2753 
84.27701529999831;-0.2237;0.0000;0.0000 
84.3250472999971;0.2237;0.0000;-0.2753 
84.37368369999967;-0.2237;0.0000;-0.1377 
84.42119979999916;-0.4474;0.0000;-0.1377 
84.48491689999719;0.2237;0.0000;-0.1343 
84.53420249999908;-0.2237;0.0000;-0.1377 
84.58101869999882;-0.2237;0.0000;0.0000 
84.62958829999843;-0.4474;0.0000;0.0000 
84.67717339999945;0.0000;0.0000;0.0000 
84.72524429999976;0.0000;0.0000;-0.1343 
84.78876759999912;0.0000;0.0000;-0.1343 
84.8368644000002;-0.4474;0.0000;-0.1377 
84.88583369999833;0.0000;0.0000;-0.2753 
84.93295120000039;-0.2237;0.0000;0.0033 
84.98098779999782;0.0000;0.0000;-0.1377 
85.02955689999726;0.0000;0.0000;-0.1377 
85.07713369999692;0.0000;0.0000;0.1377 
85.12513169999875;0.0000;0.0000;-0.2753 
85.18894519999958;-0.2237;0.0000;0.0033 
85.23709369999779;-0.2237;0.0000;-0.4130 
85.2850664999969;-0.2237;0.0000;0.0000 
85.33307969999805;-0.4474;0.0000;-0.2753 
85.39696469999762;-0.2237;0.0000;-0.1343 
85.4448881999997;-0.2237;0.0000;-0.1377 
85.49308290000045;0.4474;0.0000;0.0000 
85.54104359999837;0.0000;0.0000;-0.1377 
85.58918519999861;-0.2237;0.0000;0.0000 
85.6373614999975;-0.4474;0.0000;0.0000 
85.68508159999692;-0.4474;0.0000;-0.1377 
85.74883749999935;-0.4474;0.0000;-0.1343 
85.79694720000043;-0.4474;0.0000;-0.1377 
85.84517409999899;-0.2237;0.0000;-0.1377 
85.89375749999817;0.0000;0.0000;-0.1377 
85.95683029999782;-0.2237;0.0000;-0.2753 
86.00488269999914;-0.2237;0.0000;0.0000 
86.05298709999988;-0.2237;0.0000;0.1410 
86.10108389999732;-0.2237;0.0000;-0.1377 
86.14924830000018;-0.2237;0.0000;-0.1377 
86.21282319999955;0.0000;0.0000;-0.1377 
86.2608072999974;-0.4474;0.0000;0.1410 
86.30894219999755;-0.4474;0.0000;-0.1377 
86.35692329999802;0.0000;0.0000;0.0033 
86.40503869999884;-0.2237;0.0000;-0.1377 
86.45312909999848;-0.2237;0.0000;0.0000 
86.5167595999992;-0.2237;0.0000;0.0000 
86.56516419999753;0.0000;0.0000;-0.1377 
86.61297939999713;-0.6711;0.0000;0.0033 
86.66096610000022;0.2237;0.0000;-0.2753 
86.70912609999868;-0.2237;0.0000;-0.1343 
86.77282619999824;-0.4474;0.0000;-0.1377 
86.82091519999813;-0.2237;0.0000;-0.1377 
86.86903569999777;-0.2237;0.0000;-0.2753 
86.91703959999722;-0.2237;0.0000;-0.1377 
86.98076329999822;-0.2237;0.0000;-0.1377 
87.0290215999994;-0.2237;0.0000;-0.1377 
87.0771786999976;-0.2237;0.0000;-0.2753 
87.12509189999764;-0.6711;0.0000;-0.1377 
87.17332979999992;-0.4474;0.0000;0.0000 
87.2368647000003;-0.2237;0.0000;-0.2753 
87.28493749999689;0.2237;0.0000;0.1410 
87.33320679999815;0.0000;0.0000;-0.1377 
87.38102669999716;-0.4474;0.0000;-0.1377 
87.42960699999821;0.0000;0.0000;0.1410 
87.47729249999975;-0.4474;0.0000;-0.4130 
87.54101489999812;-0.2237;0.0000;-0.1377 
87.5889888999991;-0.2237;0.0000;0.1377 
87.63701669999864;-0.2237;0.0000;-0.2753 
87.6851136999976;-0.2237;0.0000;0.0000 
87.73314679999748;0.0000;0.0000;-0.1377 
87.7968970999973;-0.2237;0.0000;-0.1377 
87.8449514999993;-0.4474;0.0000;-0.1377 
87.89347739999721;-0.2237;0.0000;-0.2753 
87.94116709999798;-0.4474;0.0000;-0.2753 
88.00483389999863;0.0000;0.0000;-0.2753 
88.0530394999987;-0.4474;0.0000;-0.2753 
88.10097680000035;0.2237;0.0000;-0.1377 
88.14906809999957;0.0000;0.0000;-0.2753 
88.19750279999789;-0.6711;0.0000;-0.2753 
88.26083199999994;0.0000;0.0000;0.0033 
88.30897079999704;-0.2237;0.0000;-0.1377 
88.35717899999872;-0.2237;0.0000;-0.2753 
88.40509889999885;-0.2237;0.0000;-0.1377 
88.4687309999972;-0.2237;0.0000;-0.2753 
88.51689079999778;-0.4474;0.0000;0.0033 
88.56492230000003;-0.2237;0.0000;-0.1377 
88.61299469999722;-0.2237;0.0000;0.0033 
88.6611273999988;-0.4474;0.0000;0.1377 
88.70926379999946;-0.4474;0.0000;0.1377 
88.77275319999899;-0.2237;0.0000;0.0000 
88.82103639999696;-0.4474;0.0000;-0.1377 
88.8689916000003;-0.2237;0.0000;-0.4130 
88.91718349999792;-0.4474;0.0000;-0.2753 
88.98180629999842;-0.2237;0.0000;-0.2753 
89.02904449999915;-0.4474;0.0000;-0.1377 
89.07725070000015;-0.4474;0.0000;-0.1377 
89.12502939999831;0.0000;0.0000;-0.2753 
89.18879539999762;-0.2237;0.0000;-0.1377 
89.23713379999754;0.0000;0.0000;-0.1377 
89.28493359999993;-0.2237;0.0000;-0.1377 
89.33317089999764;0.0000;0.0000;-0.1377 
89.38109439999971;-0.4474;0.0000;-0.2753 
89.44522759999745;-0.4474;0.0000;-0.1377 
89.49346329999753;-0.4474;0.0000;0.0000 
89.54080069999691;-0.2237;0.0000;0.0000 
89.58902099999978;-0.2237;0.0000;-0.1377 
89.63733979999961;-0.2237;0.0000;-0.2753 
89.70090309999796;-0.4474;0.0000;-0.2753 
89.74888970000029;-0.2237;0.0000;0.1410 
89.79715199999919;-0.2237;0.0000;-0.1343 
89.84493389999989;0.0000;0.0000;0.1410 
89.89313409999886;-0.2237;0.0000;-0.2753 
89.94106249999822;-0.4474;0.0000;-0.2753 
90.00477849999879;0.0000;0.0000;0.0000 
90.05330449999747;-0.2237;0.0000;-0.1377 
90.10094480000043;0.0000;0.0000;-0.2753 
90.14897519999795;-0.2237;0.0000;0.0033 
90.19694869999876;0.0000;0.0000;0.1410 
90.24500869999974;-0.4474;0.0000;-0.2753 
90.29342030000043;-0.8948;0.0000;0.0000 
90.35687599999801;-0.2237;0.0000;-0.1377 
90.40508449999834;-0.2237;0.0000;-0.1377 
90.45309029999771;-0.2237;0.0000;0.1377 
90.50107819999903;-0.4474;0.0000;-0.1377 
90.56480559999909;-0.2237;0.0000;0.0000 
90.61297809999814;-0.4474;0.0000;-0.1377 
90.66154470000038;0.2237;0.0000;0.0033 
90.7089879999985;-0.2237;0.0000;-0.4130 
90.75706009999703;-0.2237;0.0000;-0.2753 
90.80503589999716;0.0000;0.0000;0.0000 
90.86886239999876;-0.2237;0.0000;-0.1377 
90.91735089999929;0.0000;0.0000;-0.2753 
90.9661586000002;-0.2237;0.0000;-0.1377 
91.01313999999911;0.0000;0.0000;0.0000 
91.06098719999864;0.0000;0.0000;-0.1377 
91.10909989999709;-0.4474;0.0000;-0.4130 
91.1730181999992;0.2237;0.0000;-0.4130 
91.22098740000001;0.0000;0.0000;-0.1377 
91.26923279999755;-0.2237;0.0000;0.0033 
91.31712659999903;0.0000;0.0000;0.0033 
91.36519939999926;-0.2237;0.0000;0.0000 
91.41381389999879;0.0000;0.0000;-0.2753 
91.47675270000036;-0.2237;0.0000;-0.1377 
91.52495989999807;-0.2237;0.0000;-0.1377 
91.57289019999735;-0.4474;0.0000;-0.1377 
91.62098299999707;-0.2237;0.0000;-0.1377 
91.66964989999906;0.0000;0.0000;-0.1343 
91.73294379999788;-0.4474;0.0000;-0.1377 
91.78100529999938;-0.2237;0.0000;-0.1343 
91.82933109999794;-0.4474;0.0000;-0.2753 
91.87748689999717;-0.4474;0.0000;0.4130 
91.92523919999803;-0.2237;0.0000;0.1377 
91.98948639999799;-0.4474;0.0000;0.0000 
92.03701509999883;0.0000;0.0000;-0.2753 
92.0849825999976;-0.2237;0.0000;-0.4130 
92.13295049999942;0.0000;0.0000;0.0000 
92.18091329999879;-0.4474;0.0000;-0.1377 
92.2447977999982;-0.4474;0.0000;-0.2753 
92.29290989999936;-0.2237;0.0000;-0.1377 
92.34112219999952;0.0000;0.0000;-0.2753 
92.3890399999982;-0.4474;0.0000;0.0000 
92.43761989999985;-0.2237;0.0000;0.0000 
92.48531159999766;0.0000;0.0000;-0.2753 
92.54925809999986;-0.6711;0.0000;0.0033 
92.59711269999752;-0.4474;0.0000;-0.5506 
92.64533989999836;-0.8948;0.0000;-0.1377 
92.69328969999697;-0.4474;0.0000;-0.2753 
92.75706379999974;-0.8948;0.0000;-0.1377 
92.80500949999987;-0.2237;0.0000;-0.1377 
92.85322359999918;-0.4474;0.0000;0.1410 
92.90134430000035;-0.2237;0.0000;-0.1343 
92.9647690999991;-0.2237;0.0000;-0.2753 
93.01282659999924;-0.2237;0.0000;-0.2753 
93.06120409999858;-0.4474;0.0000;-0.2753 
93.10915209999803;-0.2237;0.0000;-0.4130 
93.15737939999963;-0.4474;0.0000;-0.2753 
93.22093490000043;-0.2237;0.0000;-0.1377 
93.26896199999828;0.0000;0.0000;-0.1377 
93.31693059999816;0.0000;0.0000;0.0000 
93.3651503000001;-0.6711;0.0000;-0.1377 
93.41304609999861;0.0000;0.0000;0.0000 
93.4611221999985;-0.2237;0.0000;-0.2753 
93.52501229999689;-0.4474;0.0000;-0.2753 
93.5729947999971;0.0000;0.0000;-0.2753 
93.62143490000017;0.0000;0.0000;-0.1377 
93.66904839999916;-0.2237;0.0000;-0.2753 
93.71742329999688;-0.2237;0.0000;0.0033 
93.78093549999903;-0.2237;0.0000;-0.1377 
93.82891369999925;0.0000;0.0000;-0.2753 
93.87695629999871;-0.2237;0.0000;-0.1377 
93.92538950000016;0.0000;0.0000;-0.2753 
93.97299569999814;0.0000;0.0000;-0.1377 
94.0368189999972;-0.2237;0.0000;0.0033 
94.08497879999777;0.2237;0.0000;-0.1377 
94.13325759999861;-0.4474;0.0000;0.0000 
94.18106859999898;-0.4474;0.0000;-0.1377 
94.22912649999853;-0.2237;0.0000;-0.2753 
94.29275859999689;0.0000;0.0000;-0.1343 
94.34095469999738;-0.2237;0.0000;-0.2753 
94.38934750000044;0.0000;0.0000;0.0000 
94.43760189999739;-0.2237;0.0000;-0.2753 
94.48527850000028;-0.2237;0.0000;0.1377 
94.5330271999992;-0.2237;0.0000;0.0000 
94.58180960000027;-0.4474;0.0000;0.0000 
94.64492439999958;-0.2237;0.0000;-0.1377 
94.69389029999729;0.0000;0.0000;-0.2753 
94.74100129999715;-0.2237;0.0000;-0.1377 
94.78906490000008;0.0000;0.0000;-0.2753 
94.83740009999747;-0.2237;0.0000;-0.5506 
94.90093290000004;-0.2237;0.0000;-0.1377 
94.94902149999689;0.2237;0.0000;-0.2753 
94.99691879999955;0.0000;0.0000;-0.1377 
95.04496649999783;-0.6711;0.0000;-0.1377 
95.09304390000034;0.0000;0.0000;0.0000 
95.15727709999919;-0.2237;0.0000;-0.2753 
95.20495329999903;-0.2237;0.0000;-0.1377 
95.25299509999968;-0.4474;0.0000;-0.1377 
95.30104469999787;-0.2237;0.0000;0.2786 
95.34912350000013;-0.4474;0.0000;0.0033 
95.4128423000002;-0.2237;0.0000;0.1410 
95.46101669999916;0.0000;0.0000;0.1377 
95.50888459999987;-0.4474;0.0000;0.2786 
95.55696209999951;0.0000;0.0000;-0.2753 
95.60514799999874;0.0000;0.0000;-0.2753 
95.65321299999778;-0.2237;0.0000;0.0000 
95.70170579999831;-0.4474;0.0000;-0.2753 
95.76488459999746;-0.2237;0.0000;0.0000 
95.81300959999862;-0.2237;0.0000;-0.1377 
95.860979699999;-0.2237;0.0000;0.1410 
95.90900379999948;-0.2237;0.0000;0.0000 
95.95751699999892;-0.2237;0.0000;-0.1377 
96.02091459999792;-0.4474;0.0000;-0.2753 
96.06923289999759;-0.2237;0.0000;-0.1343 
96.11701979999998;0.0000;0.0000;-0.1377 
96.16496479999842;-0.4474;0.0000;0.0000 
96.21316739999747;0.0000;0.0000;-0.1377 
96.27672840000014;-0.4474;0.0000;-0.2753 
96.32481980000011;0.0000;0.0000;0.0033 
96.37278579999838;-0.2237;0.0000;-0.1377 
96.42094309999811;-0.2237;0.0000;-0.2753 
96.46885479999764;-0.6711;0.0000;0.0000 
96.53298219999851;-0.4474;0.0000;-0.1343 
96.58090369999991;0.0000;0.0000;0.1410 
96.6291007999971;0.4474;0.0000;0.0000 
96.67690319999747;0.0000;0.0000;0.0000 
96.72486889999709;-0.2237;0.0000;-0.1377 
96.77288529999714;0.0000;0.0000;-0.1377 
96.82103429999916;-0.2237;0.0000;-0.1377 
96.8689338999975;0.0000;0.0000;-0.1377 
96.93283189999784;-0.2237;0.0000;-0.1377 
96.98090169999705;-0.2237;0.0000;0.0033 
97.02947309999945;-0.2237;0.0000;-0.2753 
97.0770687999975;0.0000;0.0000;0.0000 
97.12559559999863;-0.2237;0.0000;0.0033 
97.1889044999989;-0.4474;0.0000;-0.1343 
97.23711299999923;-0.2237;0.0000;-0.1377 
97.28502599999774;0.0000;0.0000;0.0033 
97.33304539999881;0.0000;0.0000;-0.2753 
97.38104899999962;-0.6711;0.0000;0.0000 
97.4300602000003;0.2237;0.0000;0.0033 
97.49265399999786;-0.2237;0.0000;-0.2753 
97.5408443999986;-0.2237;0.0000;-0.1377 
97.59057140000004;0.0000;0.0000;-0.2753 
97.6371782999995;-0.2237;0.0000;-0.1343 
97.68528510000033;-0.2237;0.0000;-0.1377 
97.74893929999962;0.0000;0.0000;-0.1377 
97.79729249999946;0.0000;0.0000;-0.1377 
97.84492799999862;-0.2237;0.0000;-0.1377 
97.8931339999981;-0.2237;0.0000;0.0033 
97.95720019999862;-0.2237;0.0000;-0.1377 
98.0048026000004;0.4474;0.0000;0.0000 
98.05279379999774;0.0000;0.0000;0.0033 
98.10092729999815;0.0000;0.0000;-0.2753 
98.14903149999736;0.0000;0.0000;-0.2753 
98.19708709999759;0.0000;0.0000;-0.2753 
98.24549109999862;-0.4474;0.0000;-0.1377 
98.29326949999813;0.0000;0.0000;0.0033 
98.3413459000003;0.0000;0.0000;0.1377 
98.40513099999953;-0.2237;0.0000;-0.2753 
98.45395259999714;0.0000;0.0000;-0.2753 
98.50106669999877;0.0000;0.0000;-0.2753 
98.54883820000032;-0.2237;0.0000;-0.1377 
98.59694159999708;-0.2237;0.0000;-0.2753 
98.66121969999949;-0.2237;0.0000;-0.1377 
98.7093692999988;0.0000;0.0000;0.0033 
98.75684989999718;0.0000;0.0000;-0.1377 
98.804892199998;0.0000;0.0000;-0.1377 
98.85301609999806;-0.4474;0.0000;-0.1377 
98.91677960000015;-0.2237;0.0000;-0.1343 
98.9649204999987;0.2237;0.0000;-0.1377 
99.0129414999974;-0.4474;0.0000;0.0000 
99.06120609999925;-0.2237;0.0000;0.1377 
99.1089334999997;-0.2237;0.0000;-0.2753 
99.15699669999958;0.0000;0.0000;-0.1377 
99.2207748999972;-0.6711;0.0000;-0.1377 
99.26892759999828;0.0000;0.0000;0.0000 
99.31688519999807;0.0000;0.0000;0.0000 
99.36476860000039;0.0000;0.0000;0.0033 
99.41296829999919;-0.4474;0.0000;-0.1377 
99.46149009999863;-0.2237;0.0000;0.0000 
99.50907919999736;-0.4474;0.0000;-0.2753 
99.57282869999835;0.0000;0.0000;-0.1377 
99.62099359999775;-0.4474;0.0000;0.0000 
99.66893530000016;-0.2237;0.0000;-0.1377 
99.71695399999953;-0.2237;0.0000;0.1410 
99.76505439999892;0.0000;0.0000;-0.1377 
99.81341939999766;0.0000;0.0000;-0.1377 
99.87671819999741;0.0000;0.0000;-0.1343 
99.9255725999974;-0.2237;0.0000;0.0000 
99.97320109999782;-0.2237;0.0000;0.0033 
100.02130399999805;0.6711;0.0000;-0.2753 
100.06889690000025;-0.2237;0.0000;-0.1377 
100.11727419999806;0.0000;0.0000;-0.2753 
100.1807329000003;-0.2237;0.0000;-0.2753 
100.22876319999705;-0.4474;0.0000;-0.1377 
100.2770309999978;-0.2237;0.0000;0.0033 
100.32501509999929;-0.2237;0.0000;-0.1377 
100.38881029999902;-0.4474;0.0000;-0.1377 
100.43681449999713;-0.2237;0.0000;0.0000 
100.48577929999738;-0.2237;0.0000;-0.1377 
100.53307489999861;-0.4474;0.0000;-0.1377 
100.59673699999985;-0.2237;0.0000;-0.1377 
100.64484289999746;-0.2237;0.0000;-0.1377 
100.69292279999718;-0.2237;0.0000;0.0000 
100.74134859999685;-0.4474;0.0000;-0.1377 
100.78887649999888;-0.6711;0.0000;-0.1377 
100.85286189999897;-0.2237;0.0000;0.1377 
100.90078739999808;-0.4474;0.0000;-0.1377 
100.94899219999934;-0.4474;0.0000;0.0033 
100.99704829999973;-0.2237;0.0000;-0.1377 
101.06134779999775;-0.2237;0.0000;-0.1377 
101.10915119999845;-0.4474;0.0000;-0.2753 
101.15720469999724;-0.4474;0.0000;-0.1377 
101.2054971999969;-0.4474;0.0000;-0.1377 
101.26877819999936;-0.2237;0.0000;-0.2753 
101.31694389999757;-0.2237;0.0000;-0.1377 
101.36491159999787;-0.2237;0.0000;-0.1343 
101.4131043999987;-0.2237;0.0000;0.2786 
101.47740709999925;-0.2237;0.0000;-0.2753 
101.52479870000025;0.0000;0.0000;0.0000 
101.57286969999768;0.0000;0.0000;-0.2753 
101.6208329000001;0.0000;0.0000;-0.2753 
101.6689907;0.0000;0.0000;-0.2720 
101.71733979999772;-0.2237;0.0000;-0.2753 
101.78077979999944;-0.2237;0.0000;-0.2753 
101.82889040000009;-0.4474;0.0000;-0.1343 
101.87696419999702;-0.6711;0.0000;0.1410 
101.9253456999977;0.0000;0.0000;0.0000 
101.97341759999836;0.0000;0.0000;0.0000 
102.0208160000002;-0.2237;0.0000;-0.1377 
102.0691616999975;0.0000;0.0000;0.1410 
102.11732569999731;-0.2237;0.0000;0.0000 
102.18083809999735;-0.2237;0.0000;-0.2753 
102.22881499999858;0.0000;0.0000;-0.1377 
102.27695859999949;-0.2237;0.0000;0.0000 
102.32499319999988;0.0000;0.0000;-0.1377 
102.37302199999976;-0.4474;0.0000;0.1410 
102.42095699999845;-0.4474;0.0000;0.0033 
102.48585280000043;-0.4474;0.0000;0.1410 
102.53284059999714;-0.2237;0.0000;-0.1377 
102.58096269999805;-0.2237;0.0000;-0.1377 
102.62924249999924;-0.6711;0.0000;0.1377 
102.67700580000019;-0.4474;0.0000;-0.1377 
102.74128689999998;-0.4474;0.0000;-0.1377 
102.7889310999999;-0.6711;0.0000;-0.1377 
102.83717929999693;0.0000;0.0000;0.0000 
102.88510829999723;-0.2237;0.0000;-0.1377 
102.93317229999957;0.0000;0.0000;-0.1377 
102.99677499999962;-0.2237;0.0000;-0.2753 
103.04492879999816;0.0000;0.0000;0.0033 
103.0928946999993;-0.2237;0.0000;-0.1377 
103.14105079999717;-0.2237;0.0000;-0.1377 
103.20473399999901;-0.2237;0.0000;-0.1343 
103.25290619999942;-0.2237;0.0000;0.0000 
103.30080349999844;0.0000;0.0000;-0.1377 
103.34908179999911;-0.2237;0.0000;0.0000 
103.3969408999983;-0.2237;0.0000;0.0000 
103.4451831999977;-0.4474;0.0000;0.0000 
103.49303679999866;0.6711;0.0000;-0.1377 
103.55680779999966;-0.2237;0.0000;-0.2753 
103.60522159999891;-0.2237;0.0000;0.0000 
103.65290259999892;-0.2237;0.0000;0.0000 
103.70083840000007;-0.2237;0.0000;0.0033 
103.74890389999928;-0.4474;0.0000;-0.1377 
103.79711599999791;0.0000;0.0000;0.0000 
103.84506440000041;0.0000;0.0000;-0.1377 
103.90882669999701;-0.2237;0.0000;0.0000 
103.95685729999968;0.0000;0.0000;0.1410 
104.00493479999932;0.0000;0.0000;-0.1377 
104.05286039999919;-0.2237;0.0000;0.0033 
104.10097490000044;-0.4474;0.0000;0.0000 
104.14905819999694;-0.4474;0.0000;0.0033 
104.19720880000023;-0.2237;0.0000;0.0000 
104.24508169999899;0.2237;0.0000;0.1410 
104.29316679999829;-0.2237;0.0000;0.0000 
104.35692369999742;-0.2237;0.0000;-0.5506 
104.40485739999713;-0.2237;0.0000;-0.2753 
104.45322809999925;-0.2237;0.0000;-0.1377 
104.51664449999953;-0.4474;0.0000;-0.2753 
104.5648915999991;0.0000;0.0000;-0.2753 
104.6131177999996;0.2237;0.0000;0.0033 
104.66084499999852;0.0000;0.0000;-0.1343 
104.70911589999741;-0.2237;0.0000;-0.1377 
104.75745619999725;-0.4474;0.0000;-0.1377 
104.8208768000004;-0.2237;0.0000;-0.2753 
104.86886070000037;0.0000;0.0000;-0.2753 
104.91678789999787;-0.4474;0.0000;-0.4130 
104.96512520000033;-0.2237;0.0000;0.0033 
105.01401709999845;-0.2237;0.0000;0.1410 
105.07723179999812;-0.2237;0.0000;-0.2753 
105.1247736999976;-0.2237;0.0000;-0.1377 
105.17281100000037;-0.4474;0.0000;-0.1343 
105.2209514999995;-0.2237;0.0000;-0.2753 
105.28489350000018;-0.4474;0.0000;-0.1377 
105.33293819999744;-0.2237;0.0000;-0.1377 
105.38098139999784;0.0000;0.0000;0.4130 
105.4288736999988;-0.4474;0.0000;0.0000 
105.477438599999;-0.4474;0.0000;0.1377 
105.52504869999757;0.0000;0.0000;-0.1377 
105.58883149999747;-0.2237;0.0000;-0.1377 
105.63681340000039;0.0000;0.0000;0.0000 
105.68498029999682;-0.4474;0.0000;0.1410 
105.7330624999995;-0.4474;0.0000;-0.1377 
105.78114639999694;-0.4474;0.0000;-0.2753 
105.84483429999818;-0.2237;0.0000;0.0000 
105.89275689999704;-0.2237;0.0000;-0.1343 
105.94093249999787;-0.2237;0.0000;0.1410 
105.98886560000028;-0.2237;0.0000;-0.1377 
106.03727139999683;-0.2237;0.0000;-0.2753 
106.10074879999956;-0.2237;0.0000;0.0033 
106.14893599999778;-0.4474;0.0000;0.0000 
106.19686029999866;-0.2237;0.0000;0.0000 
106.2448607999977;-0.4474;0.0000;0.0000 
106.29312239999854;-0.2237;0.0000;-0.1377 
106.34116209999775;-0.4474;0.0000;0.0000 
106.38913229999889;-0.2237;0.0000;0.0000 
106.45294939999803;0.0000;0.0000;0.0000 
106.50114339999709;-0.2237;0.0000;-0.1377 
106.54890909999813;0.0000;0.0000;-0.2753 
106.59697749999759;0.0000;0.0000;-0.2720 
106.64528739999878;-0.2237;0.0000;-0.2753 
106.70864699999947;0.0000;0.0000;-0.1377 
106.75678129999869;-0.4474;0.0000;-0.1343 
106.80483249999816;-0.2237;0.0000;0.0033 
106.85303529999874;0.0000;0.0000;0.0033 
106.90124769999966;0.0000;0.0000;-0.1377 
106.94916720000037;-0.2237;0.0000;0.1410 
107.0127367999994;-0.2237;0.0000;-0.2753 
107.06088969999837;-0.4474;0.0000;-0.1377 
107.108994299997;-0.2237;0.0000;-0.2753 
107.1569047999983;-0.4474;0.0000;-0.1377 
107.22078379999948;0.2237;0.0000;-0.1377 
107.26891119999709;-0.2237;0.0000;-0.1377 
107.31686049999917;-0.4474;0.0000;0.0000 
107.36487119999947;-0.2237;0.0000;-0.4130 
107.41357149999749;-0.4474;0.0000;0.0000 
107.47669829999722;0.0000;0.0000;-0.1377 
107.52478119999796;-0.6711;0.0000;0.0000 
107.57286509999904;-0.4474;0.0000;-0.2753 
107.62093339999774;-0.2237;0.0000;-0.2753 
107.66914879999968;0.0000;0.0000;0.0033 
107.71711099999811;-0.2237;0.0000;0.0000 
107.78073419999782;-0.2237;0.0000;-0.2753 
107.82880179999847;0.0000;0.0000;0.0000 
107.87678379999852;0.0000;0.0000;0.1410 
107.92505529999835;-0.2237;0.0000;-0.1343 
107.97377760000018;-0.2237;0.0000;0.1410 
108.02200739999898;-0.2237;0.0000;-0.2753 
108.07030589999704;-0.2237;0.0000;-0.1377 
108.13319319999937;0.0000;0.0000;-0.1377 
108.18108349999966;-0.4474;0.0000;-0.1377 
108.22975089999818;-0.2237;0.0000;-0.2753 
108.27698289999898;-0.2237;0.0000;0.1377 
108.34078849999787;-0.4474;0.0000;-0.2753 
108.38873119999698;0.0000;0.0000;-0.2753 
108.43669829999999;-0.4474;0.0000;0.1410 
108.48513319999984;-0.4474;0.0000;0.1410 
108.53299770000012;-0.2237;0.0000;-0.2753 
108.58104139999705;0.0000;0.0000;-0.1377 
108.64464959999896;-0.4474;0.0000;0.0000 
108.69308119999914;-0.4474;0.0000;0.1410 
108.7408254999973;-0.2237;0.0000;-0.1343 
108.78886559999955;0.0000;0.0000;0.0033 
108.83728459999838;-0.2237;0.0000;-0.1377 
108.88528260000021;-0.2237;0.0000;0.0033 
108.94872749999922;-0.2237;0.0000;-0.1377 
108.99687859999904;0.6711;0.0000;-0.1377 
109.04494049999994;-0.2237;0.0000;0.0033 
109.09315869999773;0.0000;0.0000;0.1410 
109.14104109999971;-0.2237;0.0000;-0.2753 
109.18945749999693;-0.2237;0.0000;-0.1377 
109.25277909999932;-0.4474;0.0000;-0.1377 
109.30093699999998;-0.4474;0.0000;0.0000 
109.34890689999884;-0.2237;0.0000;0.0000 
109.39685309999913;0.4474;0.0000;-0.2753 
109.44506279999769;-0.2237;0.0000;-0.1377 
109.50870989999748;-0.2237;0.0000;-0.1377 
109.55696279999756;0.0000;0.0000;-0.2753 
109.60495979999905;0.2237;0.0000;-0.1377 
109.65298409999741;-0.4474;0.0000;-0.2753 
109.70089849999931;-0.4474;0.0000;-0.1377 
109.76536659999692;-0.2237;0.0000;0.0000 
109.81273019999935;-0.4474;0.0000;-0.1343 
109.86093830000027;-0.4474;0.0000;-0.1377 
109.90905319999729;-0.2237;0.0000;-0.1377 
109.97290229999999;-0.4474;0.0000;-0.1377 
110.02096159999928;-0.4474;0.0000;-0.2753 
110.06900060000044;-0.2237;0.0000;-0.2753 
110.11715939999704;-0.2237;0.0000;-0.1377 
110.1808189000003;-0.2237;0.0000;-0.1377 
110.22891249999884;-0.2237;0.0000;-0.2753 
110.2770047999984;-0.4474;0.0000;-0.1377 
110.32494779999979;0.0000;0.0000;-0.1377 
110.37307209999926;0.0000;0.0000;-0.1377 
110.43669669999872;0.2237;0.0000;0.0000 
110.48511349999899;-0.4474;0.0000;-0.4130 
110.53291469999749;-0.4474;0.0000;-0.1377 
110.58099589999983;-0.2237;0.0000;-0.2753 
110.62903480000023;-0.2237;0.0000;0.0000 
110.69269179999901;0.0000;0.0000;0.0033 
110.74084759999823;-0.2237;0.0000;-0.1377 
110.78888089999964;-0.4474;0.0000;-0.1377 
110.83712739999828;-0.2237;0.0000;-0.4097 
110.88498069999696;-0.2237;0.0000;0.0000 
110.94879009999931;0.0000;0.0000;-0.1377 
110.99681869999768;0.0000;0.0000;-0.2753 
111.04482209999696;0.0000;0.0000;-0.1377 
111.09300829999847;-0.2237;0.0000;-0.1377 
111.14081409999926;0.0000;0.0000;0.4163 
111.18905289999748;-0.2237;0.0000;-0.1377 
111.25267650000023;-0.2237;0.0000;-0.1343 
111.30086839999785;-0.2237;0.0000;-0.1377 
111.34875389999797;-0.2237;0.0000;-0.1377 
111.3970819999995;-0.2237;0.0000;0.0000 
111.44487819999995;0.0000;0.0000;-0.2753 
111.50965539999743;-0.4474;0.0000;-0.1377 
111.55673059999754;0.2237;0.0000;-0.1377 
111.60490059999938;0.0000;0.0000;0.0000 
111.6535765999979;-0.2237;0.0000;-0.2753 
111.70153049999863;-0.4474;0.0000;0.0033 
111.75039139999717;0.0000;0.0000;0.0033 
111.79705339999782;-0.2237;0.0000;0.1410 
111.86124609999752;-0.2237;0.0000;-0.2753 
111.90936789999978;0.0000;0.0000;-0.1377 
111.95687859999816;0.2237;0.0000;-0.1343 
112.00492469999881;0.0000;0.0000;-0.1377 
112.0528919999997;-0.2237;0.0000;0.1377 
112.10106109999833;-0.2237;0.0000;-0.2753 
112.16481909999857;0.0000;0.0000;-0.2753 
112.21283559999938;0.2237;0.0000;-0.2720 
112.26085979999698;-0.4474;0.0000;0.0000 
112.30883099999846;-0.2237;0.0000;-0.1343 
112.35834020000038;-0.4474;0.0000;-0.2753 
112.42072829999961;-0.2237;0.0000;-0.1377 
112.46875999999975;-0.2237;0.0000;0.0000 
112.5167354999976;-0.2237;0.0000;-0.2753 
112.56528719999915;0.0000;0.0000;-0.2753 
112.61335229999895;-0.4474;0.0000;0.0000 
112.66096639999887;0.2237;0.0000;-0.2753 
112.71041649999825;-0.2237;0.0000;0.1377 
112.7730621999981;-0.2237;0.0000;-0.4130 
112.82171279999966;-0.2237;0.0000;-0.1377 
112.86945849999756;0.0000;0.0000;0.1410 
112.91694590000043;-0.2237;0.0000;0.0033 
112.96493849999752;-0.2237;0.0000;0.1410 
113.0132812999982;-0.4474;0.0000;0.0000 
113.07677870000043;-0.4474;0.0000;0.0000 
113.1248538999971;-0.2237;0.0000;0.0000 
113.17292449999877;-0.4474;0.0000;-0.1377 
113.22083600000042;0.0000;0.0000;-0.1377 
113.26901029999863;-0.2237;0.0000;-0.1377 
113.33277459999954;0.0000;0.0000;-0.1377 
113.38075620000018;-0.2237;0.0000;0.0033 
113.42892690000008;0.0000;0.0000;0.1410 
113.47679470000003;-0.6711;0.0000;0.0000 
113.5250758000002;-0.4474;0.0000;-0.1343 
113.57296169999972;-0.2237;0.0000;-0.1377 
113.6366909999997;0.0000;0.0000;-0.1377 
113.68483249999917;0.0000;0.0000;-0.1377 
113.73293289999856;-0.2237;0.0000;-0.1377 
113.78074819999892;-0.4474;0.0000;0.0033 
113.82877430000008;0.0000;0.0000;0.1377 
113.87703839999813;-0.2237;0.0000;-0.1377 
113.94083239999964;-0.2237;0.0000;-0.2753 
113.98969999999827;-0.4474;0.0000;0.0000 
114.03689609999856;-0.2237;0.0000;-0.2753 
114.08503519999795;-0.2237;0.0000;-0.1377 
114.13297309999689;0.0000;0.0000;0.0000 
114.1810587;-0.6711;0.0000;0.0000 
114.24469309999768;-0.2237;0.0000;0.0000 
114.29280239999935;0.0000;0.0000;-0.1343 
114.34104529999968;0.0000;0.0000;-0.2753 
114.38962419999734;-0.2237;0.0000;-0.1377 
114.43708239999978;0.0000;0.0000;0.0033 
114.48495379999804;0.2237;0.0000;0.0000 
114.53324499999871;-0.2237;0.0000;-0.1377 
114.58109519999925;0.0000;0.0000;0.1377 
114.64476179999838;-0.4474;0.0000;-0.1377 
114.69291220000014;-0.4474;0.0000;-0.1377 
114.74104069999885;0.0000;0.0000;-0.2753 
114.78919889999815;-0.2237;0.0000;0.0000 
114.83682889999909;-0.2237;0.0000;0.0000 
114.90073819999816;-0.2237;0.0000;-0.2753 
114.94883589999881;0.0000;0.0000;-0.1377 
114.99690929999997;0.0000;0.0000;0.0000 
115.0447671999973;-0.6711;0.0000;-0.1377 
115.09284839999964;0.0000;0.0000;-0.2753 
115.14172539999709;-0.4474;0.0000;-0.1377 
115.20479290000003;-0.4474;0.0000;0.0000 
115.25294529999883;0.0000;0.0000;-0.1377 
115.30078339999818;-0.2237;0.0000;0.0000 
115.34884899999815;-0.2237;0.0000;-0.2753 
115.39757389999795;-0.2237;0.0000;-0.1377 
115.46079329999702;0.0000;0.0000;-0.4130 
115.5090171999982;-0.4474;0.0000;-0.2753 
115.5570095999974;0.0000;0.0000;-0.2753 
115.60484749999887;0.0000;0.0000;-0.1377 
115.65346379999755;0.0000;0.0000;0.1410 
115.7009896999989;-0.2237;0.0000;0.0033 
115.74899699999878;0.0000;0.0000;0.0000 
115.8127480999974;-0.2237;0.0000;-0.2753 
115.8609097999979;-0.4474;0.0000;-0.1377 
115.90890409999702;-0.4474;0.0000;0.0000 
115.95709259999785;-0.2237;0.0000;-0.1377 
116.00524939999741;-0.4474;0.0000;-0.1377 
116.06881539999813;-0.2237;0.0000;-0.1377 
116.11692699999912;0.0000;0.0000;-0.1377 
116.16481779999958;0.0000;0.0000;-0.1377 
116.21301429999949;-0.4474;0.0000;0.0000 
116.26086439999926;-0.2237;0.0000;0.0000 
116.3091620999985;0.0000;0.0000;-0.1343 
116.37276639999982;0.0000;0.0000;-0.1377 
116.42084499999692;-0.2237;0.0000;-0.1377 
116.46897890000037;-0.2237;0.0000;-0.1377 
116.51683819999744;-0.4474;0.0000;0.0000 
116.56542669999908;-0.2237;0.0000;-0.5506 
116.62872509999943;-0.2237;0.0000;0.0000 
116.67684879999797;-0.4474;0.0000;-0.1377 
116.72500930000024;-0.4474;0.0000;-0.2753 
116.77315669999734;0.6711;0.0000;-0.1377 
116.82099659999949;-0.2237;0.0000;-0.2753 
116.88498839999738;-0.2237;0.0000;-0.2753 
116.93273749999935;-0.2237;0.0000;0.2786 
116.98097169999892;0.0000;0.0000;-0.2753 
117.02924469999925;0.0000;0.0000;-0.1377 
117.07732559999931;-0.2237;0.0000;-0.2753 
117.14080869999816;-0.6711;0.0000;0.0000 
117.18894559999899;0.0000;0.0000;-0.2753 
117.23673389999749;-0.2237;0.0000;-0.1377 
117.28485949999958;0.0000;0.0000;-0.1377 
117.33288600000014;-0.2237;0.0000;0.1377 
117.39668209999945;-0.6711;0.0000;-0.1377 
117.4450582999998;0.2237;0.0000;-0.1343 
117.49270279999837;-0.2237;0.0000;0.1410 
117.54094229999828;0.0000;0.0000;-0.2753 
117.58893799999714;0.0000;0.0000;0.0000 
117.63714189999882;-0.2237;0.0000;-0.1377 
117.70064110000021;-0.4474;0.0000;-0.1377 
117.74880669999766;-0.4474;0.0000;-0.1377 
117.79701879999993;0.2237;0.0000;0.1410 
117.84490430000005;-0.2237;0.0000;-0.2753 
117.89280249999865;0.0000;0.0000;-0.1377 
117.94083820000014;-0.2237;0.0000;-0.1377 
118.00464179999835;0.2237;0.0000;0.0000 
118.05272899999909;-0.4474;0.0000;-0.1377 
118.10106369999994;-0.4474;0.0000;0.0000 
118.14899739999964;-0.2237;0.0000;-0.1377 
118.19705549999708;-0.4474;0.0000;0.0033 
118.26071339999908;0.0000;0.0000;-0.1377 
118.30868279999777;-0.4474;0.0000;0.1410 
118.35715279999931;-0.2237;0.0000;0.1377 
118.40537549999863;-0.2237;0.0000;-0.1377 
118.45358080000005;0.0000;0.0000;0.0000 
118.50147419999848;-0.4474;0.0000;-0.1343 
118.5494366999992;0.0000;0.0000;-0.1377 
118.6128022999983;-0.6711;0.0000;-0.2753 
118.66092079999726;-0.4474;0.0000;0.0033 
118.70913499999733;-0.4474;0.0000;-0.1377 
118.75689319999947;-0.4474;0.0000;0.0000 
118.80543620000026;0.0000;0.0000;-0.2753 
118.86937059999764;-0.4474;0.0000;0.0000 
118.91679469999872;-0.4474;0.0000;-0.1377 
118.96475250000003;-0.2237;0.0000;-0.2753 
119.01329659999828;-0.2237;0.0000;-0.1377 
119.07721289999972;-0.2237;0.0000;-0.2753 
119.12483059999795;-0.2237;0.0000;0.1410 
119.17290669999784;0.0000;0.0000;0.1377 
119.22082659999796;-0.2237;0.0000;-0.1377 
119.26899699999922;-0.2237;0.0000;-0.1377 
119.31687450000027;-0.2237;0.0000;0.0000 
119.36510110000017;0.0000;0.0000;0.0000 
119.42868559999988;-0.2237;0.0000;0.1410 
119.47728609999831;-0.2237;0.0000;0.0000 
119.52477439999711;-0.2237;0.0000;-0.2753 
119.57300799999939;0.0000;0.0000;-0.4130 
119.62099579999995;-0.2237;0.0000;-0.1343 
119.66885449999972;0.0000;0.0000;0.1410 
119.73265269999683;0.0000;0.0000;-0.1377 
119.78072880000036;-0.4474;0.0000;-0.1377 
119.82890609999959;-0.2237;0.0000;0.0000 
119.87694209999972;0.0000;0.0000;-0.1377 
119.92574709999826;0.0000;0.0000;-0.2753 
119.9737200999989;-0.4474;0.0000;-0.2753 
120.03664639999988;-0.2237;0.0000;-0.2753 
120.08469709999918;-0.2237;0.0000;0.0000 
120.13326709999819;-0.2237;0.0000;0.0033 
120.18100779999804;-0.2237;0.0000;-0.1377 
120.22896919999766;-0.2237;0.0000;0.0000 
120.29272379999747;-0.6711;0.0000;0.0000 
120.34107149999909;-0.4474;0.0000;-0.1377 
120.3888713999986;-0.2237;0.0000;-0.1377 
120.43740129999787;-0.4474;0.0000;0.0000 
120.48497169999973;-0.4474;0.0000;-0.2753 
120.54884729999685;-0.2237;0.0000;0.0033 
120.59679459999825;-0.4474;0.0000;-0.1377 
120.6448891;-0.2237;0.0000;-0.4130 
120.6934091999974;-0.2237;0.0000;-0.1377 
120.7566697000002;-0.2237;0.0000;0.0000 
120.80500019999818;0.0000;0.0000;-0.2753 
120.85310639999807;-0.2237;0.0000;-0.2753 
120.90088589999868;-0.4474;0.0000;0.0033 
120.9498378999997;-0.2237;0.0000;-0.2753 
121.01300029999766;-0.2237;0.0000;-0.1377 
121.06119899999976;-0.2237;0.0000;-0.1377 
121.10902290000013;-0.2237;0.0000;-0.1377 
121.15729439999996;-0.2237;0.0000;0.0000 
121.22090359999856;0.2237;0.0000;-0.1377 
121.26884179999979;-0.2237;0.0000;-0.2753 
121.31692599999951;-0.2237;0.0000;-0.1377 
121.3648452999987;-0.2237;0.0000;-0.1377 
121.41295329999775;0.0000;0.0000;-0.2753 
121.47665829999823;-0.4474;0.0000;-0.1377 
121.52504729999782;0.0000;0.0000;0.1410 
121.57289329999912;0.0000;0.0000;-0.1377 
121.62088329999824;-0.6711;0.0000;-0.1377 
121.66897789999712;0.0000;0.0000;-0.1377 
121.71713879999879;-0.4474;0.0000;0.0000 
121.78080469999986;-0.4474;0.0000;-0.2753 
121.82874749999974;-0.4474;0.0000;-0.1377 
121.87693789999685;-0.2237;0.0000;-0.1377 
121.92490509999698;-0.4474;0.0000;-0.1377 
121.98871479999798;0.0000;0.0000;-0.1377 
122.03674119999778;-0.2237;0.0000;-0.1343 
122.08502429999862;-0.4474;0.0000;-0.1377 
122.13292509999883;-0.4474;0.0000;-0.1377 
122.18079079999734;-0.6711;0.0000;0.1377 
122.24489039999753;-0.4474;0.0000;-0.1377 
122.29307219999828;-0.2237;0.0000;-0.2753 
122.34095189999789;-0.2237;0.0000;-0.1377 
122.40464179999981;0.4474;0.0000;-0.1377 
122.45323399999688;-0.2237;0.0000;0.0000 
122.50109659999725;-0.2237;0.0000;-0.1377 
122.54977239999789;-0.2237;0.0000;-0.1377 
122.59695399999691;-0.6711;0.0000;0.0033 
122.66068639999867;-0.2237;0.0000;-0.2753 
122.70891739999934;0.0000;0.0000;0.0033 
122.75684229999752;-0.4474;0.0000;-0.1377 
122.80489139999918;0.0000;0.0000;-0.1377 
122.85285929999736;0.0000;0.0000;0.1377 
122.90100959999836;-0.2237;0.0000;-0.1377 
122.96531340000001;-0.2237;0.0000;-0.2753 
123.01285069999722;-0.2237;0.0000;-0.1377 
123.06098689999999;0.0000;0.0000;-0.2753 
123.10890139999901;-0.4474;0.0000;-0.1377 
123.15701590000026;-0.2237;0.0000;0.0033 
123.22078589999728;0.2237;0.0000;-0.4130 
123.26882239999759;-0.2237;0.0000;-0.2753 
123.31687909999891;0.0000;0.0000;-0.1377 
123.36503289999746;-0.4474;0.0000;-0.1377 
123.41358369999944;-0.2237;0.0000;-0.4130 
123.47664649999933;-0.4474;0.0000;-0.2753 
123.52486249999856;-0.2237;0.0000;-0.1377 
123.57282639999903;-0.2237;0.0000;-0.1377 
123.62109760000021;-0.2237;0.0000;0.0000 
123.68495669999902;-0.4474;0.0000;0.0000 
123.73276439999972;-0.2237;0.0000;-0.2753 
123.7810333999987;-0.2237;0.0000;0.1410 
123.8288595999984;-0.2237;0.0000;0.0000 
123.8771949999973;-0.4474;0.0000;0.0033 
123.94061969999893;-0.2237;0.0000;-0.1377 
123.98915560000023;-0.2237;0.0000;-0.1377 
124.03684349999821;-0.2237;0.0000;-0.1377 
124.08522079999966;0.0000;0.0000;0.0000 
124.13311099999919;-0.4474;0.0000;0.1410 
124.18126859999757;-0.4474;0.0000;-0.1377 
124.24483779999719;-0.4474;0.0000;-0.1377 
124.29304689999844;-0.2237;0.0000;-0.1377 
124.3418494999969;-0.4474;0.0000;-0.1377 
124.40471350000007;-0.4474;0.0000;-0.2753 
124.45279300000038;0.0000;0.0000;-0.1377 
124.50094969999918;-0.4474;0.0000;0.0000 
124.54891320000024;-0.4474;0.0000;-0.1377 
124.59691009999733;0.0000;0.0000;0.0000 
124.64484299999822;-0.2237;0.0000;0.1377 
124.69291949999752;-0.2237;0.0000;0.1410 
124.75679329999912;-0.4474;0.0000;-0.1377 
124.80476179999823;-0.4474;0.0000;-0.1377 
124.85312209999756;-0.4474;0.0000;-0.2753 
124.90086689999953;-0.2237;0.0000;0.0000 
124.9651574999989;-0.2237;0.0000;0.0033 
125.01270199999999;-0.2237;0.0000;-0.2753 
125.0608046999987;0.0000;0.0000;0.0000 
125.10887779999757;0.0000;0.0000;-0.1377 
125.15677389999837;0.0000;0.0000;-0.2753 
125.20477019999817;-0.2237;0.0000;-0.1377 
125.25294959999883;-0.2237;0.0000;0.0000 
125.31697839999833;0.2237;0.0000;-0.2753 
125.36472969999886;0.0000;0.0000;-0.1377 
125.41270109999823;0.0000;0.0000;0.0033 
125.4609578999989;-0.2237;0.0000;-0.1343 
125.50888639999903;0.0000;0.0000;-0.1377 
125.55702109999766;-0.2237;0.0000;0.0000 
125.60546809999869;0.0000;0.0000;0.1377 
125.66873239999768;-0.4474;0.0000;-0.1377 
125.71724389999872;-0.4474;0.0000;0.0000 
125.76487389999966;-0.2237;0.0000;-0.1377 
125.8132388999984;-0.2237;0.0000;-0.1377 
125.87675939999826;0.0000;0.0000;-0.1377 
125.9247938999979;-0.2237;0.0000;-0.1377 
125.97288560000015;-0.2237;0.0000;-0.2753 
126.02204439999696;0.0000;0.0000;0.0000 
126.06887549999738;-0.2237;0.0000;-0.1377 
126.1168863999992;0.0000;0.0000;-0.2753 
126.18063729999994;-0.2237;0.0000;-0.1377 
126.2307570999983;-0.2237;0.0000;-0.2753 
126.27707219999866;-0.2237;0.0000;-0.2753 
126.32539689999976;-0.6711;0.0000;-0.2753 
126.38883449999776;-0.4474;0.0000;-0.2753 
126.43693849999909;-0.4474;0.0000;-0.2753 
126.48494589999973;-0.4474;0.0000;0.0000 
126.53341469999941;0.0000;0.0000;0.0000 
126.58091179999974;-0.2237;0.0000;-0.1377 
126.62880550000045;0.2237;0.0000;0.0000 
126.67723249999835;0.0000;0.0000;0.0000 
126.74135099999694;0.0000;0.0000;-0.4130 
126.78872509999928;-0.4474;0.0000;-0.1377 
126.83691120000003;-0.2237;0.0000;-0.1377 
126.88529189999826;-0.2237;0.0000;-0.1377 
126.9486997999993;-0.2237;0.0000;0.1410 
126.99755629999709;-0.4474;0.0000;-0.2753 
127.0457306999997;-0.2237;0.0000;0.0033 
127.0928129999993;-0.2237;0.0000;-0.1377 
127.14159649999783;0.0000;0.0000;-0.2753 
127.20501719999811;-0.2237;0.0000;-0.1377 
127.25291730000026;-0.4474;0.0000;0.0033 
127.30153209999844;-0.4474;0.0000;-0.1377 
127.35042379999868;0.0000;0.0000;-0.1377 
127.39698049999788;0.0000;0.0000;0.0000 
127.4462590999974;-0.2237;0.0000;-0.2753 
127.50882049999927;-0.6711;0.0000;-0.1377 
127.55685520000043;-0.2237;0.0000;-0.1377 
127.60517210000035;-0.2237;0.0000;0.0000 
127.65295949999927;0.0000;0.0000;-0.1377 
127.70099610000034;-0.2237;0.0000;0.0033 
127.76541259999794;-0.2237;0.0000;-0.1377 
127.8135074999991;-0.6711;0.0000;0.0000 
127.86097659999723;-0.2237;0.0000;0.0000 
127.90899509999872;-0.2237;0.0000;-0.1377 
127.97270749999734;-0.2237;0.0000;-0.2753 
128.02066909999849;-0.2237;0.0000;0.1410 
128.06895259999874;-0.4474;0.0000;-0.1377 
128.11687769999844;-0.4474;0.0000;0.0033 
128.16501159999825;0.0000;0.0000;-0.1377 
128.2132180999979;-0.2237;0.0000;0.0000 
128.27674289999777;0.0000;0.0000;-0.1377 
128.32479749999766;-0.2237;0.0000;-0.2753 
128.37292510000043;-0.4474;0.0000;-0.1377 
128.4210753999978;-0.4474;0.0000;0.1377 
128.4690610999969;-0.2237;0.0000;-0.1377 
128.53319429999829;-0.6711;0.0000;-0.1377 
128.58084859999872;-0.2237;0.0000;-0.2720 
128.62888739999835;0.0000;0.0000;0.0000 
128.6768755999983;0.2237;0.0000;-0.2753 
128.72505719999754;-0.2237;0.0000;0.0000 
128.788571699999;-0.2237;0.0000;-0.1377 
128.8369700000003;0.0000;0.0000;-0.2753 
128.88480779999736;0.0000;0.0000;0.0000 
128.93269759999748;-0.4474;0.0000;-0.2753 
128.98184760000004;0.0000;0.0000;0.0000 
129.02904729999864;-0.2237;0.0000;-0.2753 
129.0773307999989;-0.2237;0.0000;-0.1343 
129.14081219999935;-0.6711;0.0000;-0.2753 
129.18890109999847;-0.4474;0.0000;-0.2753 
129.2373305000001;-0.2237;0.0000;0.1377 
129.28543649999847;-0.2237;0.0000;-0.2720 
129.34886669999833;0.0000;0.0000;-0.1343 
129.39673599999878;-0.2237;0.0000;0.1410 
129.44508029999997;-0.2237;0.0000;-0.1377 
129.49295659999916;0.0000;0.0000;-0.1377 
129.54113919999872;-0.2237;0.0000;-0.1377 
129.6047383999976;-0.4474;0.0000;0.0033 
129.65275079999992;-0.4474;0.0000;0.0000 
129.70081089999803;-0.4474;0.0000;0.1377 
129.7488553000003;0.0000;0.0000;-0.1377 
129.79692069999874;-0.2237;0.0000;-0.2753 
129.84503089999998;0.0000;0.0000;0.0000 
129.90863650000028;-0.4474;0.0000;-0.2753 
129.95679419999942;0.0000;0.0000;-0.2753 
130.00482790000024;-0.2237;0.0000;-0.1377 
130.05312199999753;-0.2237;0.0000;-0.1377 
130.1009008000001;-0.4474;0.0000;-0.1377 
130.16476939999848;-0.8948;0.0000;-0.1377 
130.21285910000006;-0.2237;0.0000;-0.2753 
130.26086479999867;-0.4474;0.0000;-0.1377 
130.3095532999978;-0.4474;0.0000;-0.2753 
130.37274379999872;0.0000;0.0000;-0.5506 
130.42073329999766;-0.4474;0.0000;-0.1377 
130.4694172999989;-0.2237;0.0000;0.0000 
130.51705799999763;-0.4474;0.0000;-0.1377 
130.56528959999923;0.0000;0.0000;0.0033 
130.62860679999721;0.0000;0.0000;-0.1377 
130.6767108999993;-0.2237;0.0000;-0.1377 
130.72473979999995;0.0000;0.0000;0.0000 
130.77282289999857;-0.2237;0.0000;0.0000 
130.8208917999982;0.0000;0.0000;-0.2753 
130.86918089999745;-0.4474;0.0000;-0.1377 
130.9169355999984;0.0000;0.0000;0.0000 
130.96516989999873;-0.4474;0.0000;0.0000 
131.02876469999683;-0.2237;0.0000;0.0000 
131.077695699998;-0.2237;0.0000;-0.5506 
131.12486939999872;-0.2237;0.0000;-0.2753 
131.1729677000003;-0.2237;0.0000;-0.1377 
131.23664289999942;-0.4474;0.0000;0.0000 
131.2847296;-0.4474;0.0000;0.1377 
131.33286759999828;-0.2237;0.0000;-0.1377 
131.38107390000005;-0.2237;0.0000;-0.1377 
131.43007209999996;0.0000;0.0000;0.0000 
131.4779024999989;-0.2237;0.0000;0.0033 
131.5409041999992;-0.4474;0.0000;0.0033 
131.58937989999686;0.0000;0.0000;-0.1377 
131.63680329999988;-0.4474;0.0000;-0.1377 
131.6850147999976;0.0000;0.0000;-0.1377 
131.7332303000003;-0.2237;0.0000;-0.1377 
131.7973235999998;0.0000;0.0000;-0.1377 
131.84471899999699;0.0000;0.0000;-0.5506 
131.89279159999933;-0.4474;0.0000;0.0000 
131.94078609999997;0.0000;0.0000;0.0033 
131.98875249999764;-0.2237;0.0000;0.0000 
132.03679489999922;-0.2237;0.0000;-0.1377 
132.08490369999708;-0.4474;0.0000;0.0000 
132.14870189999783;0.6711;0.0000;-0.1343 
132.1969089999984;-0.2237;0.0000;-0.4130 
132.24479049999718;0.0000;0.0000;-0.1377 
132.29282930000045;0.0000;0.0000;-0.1377 
132.34094509999704;-0.2237;0.0000;-0.2753 
132.40470709999863;-0.2237;0.0000;-0.1377 
132.4529877999994;0.2237;0.0000;-0.1377 
132.5009030000001;-0.4474;0.0000;-0.1377 
132.5488536999983;-0.2237;0.0000;-0.2720 
132.5968224999997;-0.6711;0.0000;0.0000 
132.66056249999747;-0.4474;0.0000;0.0000 
132.70886999999857;-0.2237;0.0000;-0.1377 
132.75696289999905;-0.2237;0.0000;-0.1377 
132.80494049999834;-0.4474;0.0000;-0.1377 
132.86874239999815;0.0000;0.0000;-0.1377 
132.91683229999762;0.0000;0.0000;-0.1377 
132.96489419999853;-0.2237;0.0000;-0.1377 
133.01293309999892;-0.4474;0.0000;-0.2753 
133.0608648999987;0.0000;0.0000;0.0000 
133.10938279999755;-0.2237;0.0000;-0.1377 
133.17283010000028;-0.4474;0.0000;-0.1377 
133.22086180000042;0.0000;0.0000;0.0000 
133.26903909999965;-0.4474;0.0000;-0.2753 
133.31689959999858;-0.2237;0.0000;0.0000 
133.3647951999992;-0.4474;0.0000;-0.2753 
133.42890169999737;-0.4474;0.0000;-0.2753 
133.47676149999825;-0.2237;0.0000;-0.1377 
133.5248838999978;-0.2237;0.0000;-0.2753 
133.57299209999837;-0.2237;0.0000;0.1410 
133.63662230000045;0.0000;0.0000;-0.1377 
133.6847748;-0.2237;0.0000;-0.4130 
133.73283269999956;0.0000;0.0000;-0.1377 
133.78086239999902;-0.2237;0.0000;-0.2753 
133.82880899999873;0.0000;0.0000;-0.1377 
133.87722949999807;-0.2237;0.0000;0.0000 
133.94099899999856;-0.2237;0.0000;-0.1377 
133.9890274999998;-0.2237;0.0000;-0.1343 
134.0375000999993;-0.6711;0.0000;-0.2753 
134.08531789999688;0.0000;0.0000;-0.1377 
134.14878699999826;-0.8948;0.0000;-0.4130 
134.1968562999973;-0.2237;0.0000;-0.1377 
134.24491409999973;-0.4474;0.0000;-0.1377 
134.2929168999981;-0.4474;0.0000;-0.1377 
134.34110579999833;-0.4474;0.0000;0.0000 
134.40480919999754;-0.4474;0.0000;-0.1377 
134.45296229999803;-0.4474;0.0000;-0.2753 
134.5011999999988;-0.2237;0.0000;-0.1377 
134.56465409999873;-0.2237;0.0000;-0.1377 
134.61326719999852;-0.2237;0.0000;-0.1377 
134.66086469999937;0.0000;0.0000;-0.1377 
134.70898429999943;-0.2237;0.0000;-0.1377 
134.7568441000003;-0.2237;0.0000;-0.1377 
134.8207027999997;-0.2237;0.0000;-0.2753 
134.86942970000018;0.0000;0.0000;-0.1377 
134.91681119999703;0.0000;0.0000;0.0033 
134.96502489999693;-0.2237;0.0000;0.0033 
135.01287669999874;0.0000;0.0000;-0.2753 
135.06109839999772;-0.2237;0.0000;-0.2720 
135.12465829999928;-0.2237;0.0000;0.1410 
135.17284949999885;-0.8948;0.0000;0.1410 
135.22087679999822;0.0000;0.0000;0.1410 
135.26872779999758;-0.2237;0.0000;-0.1343 
135.31697879999774;-0.2237;0.0000;0.0000 
135.3653661999997;-0.2237;0.0000;0.0033 
135.42964599999686;-0.2237;0.0000;-0.1377 
135.47676219999994;0.0000;0.0000;-0.1377 
135.52478119999796;-0.4474;0.0000;-0.1377 
135.5727513999991;-0.4474;0.0000;0.0000 
135.62081129999933;-0.2237;0.0000;0.0000 
135.66920599999867;-0.2237;0.0000;-0.2753 
135.73274209999727;-0.4474;0.0000;0.0033 
135.78086519999852;-0.2237;0.0000;-0.4130 
135.82875299999796;-0.8948;0.0000;0.0000 
135.8767724999998;0.2237;0.0000;-0.4130 
135.92496539999775;-0.6711;0.0000;0.0000 
135.98860819999754;0.0000;0.0000;-0.4130 
136.03710149999824;-0.6711;0.0000;-0.2753 
136.08536129999993;0.0000;0.0000;-0.2753 
136.13296189999892;0.0000;0.0000;-0.4130 
136.18116769999688;0.0000;0.0000;0.0000 
136.2289211999996;-0.4474;0.0000;-0.1343 
136.27695680000033;-0.2237;0.0000;0.0000 
136.3416615999995;-0.4474;0.0000;-0.4130 
136.38874229999783;-0.4474;0.0000;0.0000 
136.43685939999705;-0.6711;0.0000;-0.2753 
136.48540109999885;-0.2237;0.0000;0.0000 
136.54869979999785;-0.2237;0.0000;-0.2753 
136.59663699999874;-0.2237;0.0000;0.1377 
136.64462999999887;-0.4474;0.0000;-0.4130 
136.6928337999998;-0.2237;0.0000;0.0000 
136.74099099999876;-0.2237;0.0000;-0.2753 
136.7889417999977;-0.2237;0.0000;0.0000 
136.85279919999812;-0.2237;0.0000;-0.4130 
136.90086229999724;-0.4474;0.0000;-0.1377 
136.94887559999916;-0.2237;0.0000;-0.1377 
136.9969652999971;-0.2237;0.0000;0.1410 
137.06062739999834;-0.8948;0.0000;-0.1377 
137.10875939999823;-0.6711;0.0000;-0.1377 
137.15700490000017;-0.4474;0.0000;-0.2753 
137.20495109999683;-0.4474;0.0000;-0.1377 
137.25279299999966;-0.2237;0.0000;0.0000 
137.31682299999738;-0.4474;0.0000;0.0000 
137.36531189999732;-0.4474;0.0000;-0.1377 
137.41293049999877;-0.2237;0.0000;-0.2720 
137.46093299999848;-0.2237;0.0000;0.0000 
137.52461909999693;0.6711;0.0000;-0.1377 
137.57278839999708;0.0000;0.0000;-0.1377 
137.62076129999696;0.0000;0.0000;-0.2720 
137.6688269999977;-0.6711;0.0000;-0.1377 
137.7168791999975;0.0000;0.0000;0.1410 
137.76480059999813;-0.4474;0.0000;0.0000 
137.81308179999905;-0.2237;0.0000;-0.1377 
137.8776684000004;-0.4474;0.0000;-0.2753 
137.92476869999882;-0.2237;0.0000;-0.1377 
137.97369009999966;-0.2237;0.0000;-0.1377 
138.02095719999852;-0.2237;0.0000;-0.2753 
138.08475439999893;0.0000;0.0000;-0.1377 
138.1326853999999;0.0000;0.0000;-0.1377 
138.18080120000013;-0.2237;0.0000;-0.2753 
138.2289982000002;-0.4474;0.0000;0.0000 
138.27691069999855;0.0000;0.0000;-0.1377 
138.34082019999914;-0.2237;0.0000;-0.4130 
138.38866229999985;0.0000;0.0000;-0.1377 
138.436828599999;-0.2237;0.0000;-0.2753 
138.4850512999983;-0.2237;0.0000;0.0000 
138.53303049999886;-0.2237;0.0000;-0.1377 
138.59668129999773;-0.4474;0.0000;-0.1377 
138.6446888999999;-0.4474;0.0000;-0.1377 
138.69330909999917;-0.2237;0.0000;-0.2753 
138.74118699999963;0.0000;0.0000;0.0000 
138.7894815999971;-0.2237;0.0000;-0.2753 
138.85259189999852;-0.4474;0.0000;0.1410 
138.90072039999723;0.0000;0.0000;0.2786 
138.9486489999981;-0.2237;0.0000;-0.1377 
138.99672069999724;0.0000;0.0000;-0.1377 
139.04481069999747;0.0000;0.0000;0.0000 
139.0927859000003;-0.4474;0.0000;-0.1377 
139.14170249999734;-0.4474;0.0000;-0.1377 
139.20474529999774;-0.2237;0.0000;-0.1377 
139.25284589999865;-0.4474;0.0000;-0.2753 
139.30091979999997;-0.2237;0.0000;-0.2753 
139.34894580000037;0.0000;0.0000;-0.1377 
139.41268659999696;0.0000;0.0000;-0.1377 
139.46088609999788;-0.2237;0.0000;-0.2753 
139.5088352999992;-0.2237;0.0000;0.0000 
139.55690440000035;0.2237;0.0000;-0.1343 
139.6049525999988;-0.4474;0.0000;-0.1377 
139.66873879999912;-0.2237;0.0000;-0.2753 
139.71678939999765;-0.2237;0.0000;-0.1377 
139.76490399999966;-0.4474;0.0000;-0.1377 
139.81297959999938;-0.2237;0.0000;0.0033 
139.87676269999793;-0.6711;0.0000;-0.1377 
139.9247351999984;0.0000;0.0000;-0.1377 
139.9727858999977;0.0000;0.0000;-0.1377 
140.0208840999985;-0.2237;0.0000;-0.2753 
140.06914949999918;-0.6711;0.0000;-0.2753 
140.13357939999696;-0.2237;0.0000;-0.2753 
140.18076139999903;-0.2237;0.0000;-0.1377 
140.22889089999808;-0.2237;0.0000;0.1377 
140.27704489999815;-0.2237;0.0000;-0.1377 
140.32498779999878;0.0000;0.0000;-0.1377 
140.3891831999972;-0.2237;0.0000;-0.2753 
140.43674359999932;-0.2237;0.0000;0.0000 
140.48527239999748;-0.4474;0.0000;-0.1377 
140.53314559999853;-0.2237;0.0000;-0.1377 
140.5967176999984;-0.2237;0.0000;-0.2753 
140.64499699999942;-0.4474;0.0000;0.1377 
140.69284049999987;0.2237;0.0000;-0.1377 
140.74099600000045;-0.2237;0.0000;0.0000 
140.78899649999948;0.0000;0.0000;-0.2753 
140.83690849999766;-0.2237;0.0000;0.1410 
140.90057349999915;0.0000;0.0000;-0.1377 
140.94875839999804;-0.2237;0.0000;0.0000 
140.9969080999981;-0.6711;0.0000;-0.4130 
141.04477069999848;0.2237;0.0000;-0.1377 
141.0929213999989;-0.4474;0.0000;-0.2753 
141.14179739999963;0.0000;0.0000;-0.2753 
141.2046268999984;-0.2237;0.0000;0.0033 
141.25263799999811;-0.2237;0.0000;0.0000 
141.30095099999744;-0.2237;0.0000;-0.1377 
141.34887510000044;-0.6711;0.0000;-0.5506 
141.39691689999745;-0.4474;0.0000;0.5539 
141.4605890999992;0.2237;0.0000;0.0033 
141.50896069999726;-0.4474;0.0000;-0.2753 
141.5567400999971;0.0000;0.0000;-0.1377 
141.60483569999997;-0.2237;0.0000;-0.2753 
141.65305159999843;0.0000;0.0000;0.0033 
141.70105899999908;-0.4474;0.0000;-0.1377 
141.7647266999993;0.0000;0.0000;-0.1377 
141.812742099999;0.2237;0.0000;-0.2753 
141.86073199999737;-0.4474;0.0000;0.0000 
141.90899189999982;-0.4474;0.0000;-0.2753 
141.957042799997;-0.4474;0.0000;-0.1377 
142.0207163999985;-0.4474;0.0000;-0.1377 
142.0688440999984;-0.4474;0.0000;-0.2753 
142.11690259999887;-0.4474;0.0000;0.0033 
142.16498370000045;0.0000;0.0000;0.0000 
142.21287879999727;-0.2237;0.0000;-0.4130 
142.2768604999983;-0.2237;0.0000;-0.1377 
142.32465349999984;0.0000;0.0000;0.1410 
142.37278650000007;0.0000;0.0000;-0.2753 
142.42083909999928;-0.4474;0.0000;0.0000 
142.46884139999747;-0.2237;0.0000;0.0000 
142.5167908000003;-0.4474;0.0000;-0.1377 
142.58068509999794;-0.2237;0.0000;-0.2753 
142.62868569999773;-0.2237;0.0000;0.0000 
142.6768067999983;0.0000;0.0000;-0.1377 
142.7248980000004;-0.2237;0.0000;-0.1377 
142.7729713999979;-0.2237;0.0000;-0.4097 
142.83655290000024;-0.4474;0.0000;0.1410 
142.8846956999987;-0.4474;0.0000;-0.1377 
142.93277959999978;0.0000;0.0000;0.0000 
142.98089119999713;-0.2237;0.0000;-0.1377 
143.0288492999971;-0.2237;0.0000;0.1410 
143.07700169999953;0.0000;0.0000;0.0033 
143.12496479999754;0.0000;0.0000;0.0000 
143.17304119999972;0.2237;0.0000;0.0033 
143.23671660000036;0.0000;0.0000;-0.1377 
143.28491439999925;-0.4474;0.0000;0.0033 
143.33273749999717;-0.2237;0.0000;-0.2720 
143.38070359999983;-0.2237;0.0000;0.1410 
143.42913659999977;-0.2237;0.0000;-0.1343 
143.49270640000032;-0.4474;0.0000;-0.2753 
143.54080049999902;0.0000;0.0000;-0.1377 
143.58886949999942;0.0000;0.0000;-0.1377 
143.6368603999981;-0.4474;0.0000;0.0000 
143.6847670999996;0.2237;0.0000;0.0000 
143.73304019999705;0.0000;0.0000;-0.1377 
143.78110099999685;-0.4474;0.0000;-0.2753 
143.84477989999868;-0.2237;0.0000;-0.1377 
143.89337869999872;0.2237;0.0000;-0.1377 
143.94080419999955;0.0000;0.0000;-0.2753 
143.98897789999683;-0.4474;0.0000;-0.1377 
144.03719780000029;-0.2237;0.0000;0.0000 
144.10080109999762;-0.2237;0.0000;0.0033 
144.14867049999884;-0.2237;0.0000;-0.1377 
144.1969074999979;0.0000;0.0000;-0.2753 
144.24474149999878;-0.2237;0.0000;0.1377 
144.29294879999725;-0.2237;0.0000;-0.1377 
144.3566412;0.0000;0.0000;-0.1377 
144.40534750000006;0.0000;0.0000;-0.1377 
144.45283980000022;-0.4474;0.0000;-0.1377 
144.50143649999882;0.0000;0.0000;-0.2753 
144.54886889999761;-0.2237;0.0000;-0.2753 
144.6128338999988;-0.4474;0.0000;0.0033 
144.66072759999952;-0.2237;0.0000;0.0000 
144.7094520999999;-0.2237;0.0000;-0.1377 
144.7568653999988;-0.2237;0.0000;0.1377 
144.80484029999934;-0.4474;0.0000;0.0000 
144.8529082999994;-0.4474;0.0000;0.0000 
144.91669439999896;-0.2237;0.0000;-0.1377 
144.96481080000012;-0.4474;0.0000;-0.2753 
145.01278040000034;-0.2237;0.0000;0.0033 
145.0608644999993;0.0000;0.0000;0.0000 
145.10893269999724;-0.4474;0.0000;0.0033 
145.15736539999853;-0.2237;0.0000;0.0000 
145.22061549999853;-0.4474;0.0000;0.1410 
145.26873200000045;-0.2237;0.0000;0.0000 
145.3167661999978;0.0000;0.0000;-0.2753 
145.36477999999988;0.0000;0.0000;0.0000 
145.41278450000027;-0.2237;0.0000;0.0000 
145.46103999999832;-0.2237;0.0000;-0.1377 
145.5088524999992;-0.4474;0.0000;-0.2753 
145.57293749999735;0.0000;0.0000;-0.2753 
145.620754399999;-0.2237;0.0000;-0.1377 
145.66897039999822;-0.2237;0.0000;-0.1377 
145.71701689999827;-0.2237;0.0000;-0.2753 
145.7806853999973;-0.2237;0.0000;-0.1377 
145.82877519999965;-0.4474;0.0000;-0.1377 
145.8766797999997;-0.2237;0.0000;0.0000 
145.92475099999865;-0.4474;0.0000;-0.1377 
145.98865979999755;-0.4474;0.0000;-0.1377 
146.03674519999913;-0.2237;0.0000;-0.1377 
146.08516189999864;-0.2237;0.0000;-0.1377 
146.13283899999806;0.2237;0.0000;-0.2753 
146.1810254999982;0.0000;0.0000;-0.1377 
146.24464069999885;-0.2237;0.0000;0.0000 
146.29271739999967;-0.2237;0.0000;0.0000 
146.3408903999989;-0.4474;0.0000;0.0033 
146.38884770000004;-0.4474;0.0000;0.0000 
146.4368883999996;-0.2237;0.0000;-0.1377 
146.50132779999694;-0.6711;0.0000;-0.2720 
146.5487983999992;-0.2237;0.0000;-0.1377 
146.596820499999;-0.4474;0.0000;-0.1377 
146.64488249999704;0.0000;0.0000;-0.1377 
146.6930031999982;-0.2237;0.0000;0.0033 
146.75654759999816;0.0000;0.0000;0.0000 
146.80460010000024;-0.2237;0.0000;0.0000 
146.85269770000014;0.0000;0.0000;-0.2753 
146.90072099999816;0.0000;0.0000;-0.1377 
146.94888389999687;-0.2237;0.0000;0.1410 
146.9968663999971;0.0000;0.0000;0.0000 
147.04486489999908;0.0000;0.0000;-0.1377 
147.0932451999979;0.0000;0.0000;0.0000 
147.14103649999743;-0.4474;0.0000;-0.1377 
147.20474159999867;-0.2237;0.0000;-0.2753 
147.25291149999975;-0.6711;0.0000;-0.1377 
147.30097430000023;-0.2237;0.0000;-0.1377 
147.3645966999975;-0.2237;0.0000;-0.1377 
147.41324529999838;-0.2237;0.0000;-0.1377 
147.46079779999855;-0.2237;0.0000;-0.1377 
147.50869199999943;-0.2237;0.0000;0.1410 
147.55690159999722;-0.2237;0.0000;-0.1377 
147.62073039999814;-0.2237;0.0000;-0.1343 
147.6686998999976;0.0000;0.0000;0.1377 
147.71675329999925;0.0000;0.0000;0.0000 
147.7648679999984;0.2237;0.0000;-0.4130 
147.8129188999992;-0.4474;0.0000;-0.2753 
147.86098180000045;-0.6711;0.0000;-0.1377 
147.92475120000017;0.0000;0.0000;-0.1377 
147.97275269999955;-0.2237;0.0000;-0.2753 
148.0210049999987;-0.4474;0.0000;-0.1343 
148.06890949999797;0.0000;0.0000;-0.1377 
148.13260499999888;-0.2237;0.0000;-0.1377 
148.1811033999984;0.0000;0.0000;-0.1377 
148.22868829999788;-0.4474;0.0000;0.0000 
148.27670619999844;-0.4474;0.0000;-0.2753 
148.3251710000004;0.0000;0.0000;-0.1377 
148.38853769999696;-0.4474;0.0000;-0.2753 
148.43657419999727;0.0000;0.0000;-0.2753 
148.48475189999954;0.0000;0.0000;-0.1377 
148.53304669999852;-0.2237;0.0000;0.1410 
148.58090679999805;-0.2237;0.0000;-0.1377 
148.62902719999693;0.0000;0.0000;0.0033 
148.6925838999996;-0.2237;0.0000;-0.2753 
148.74072650000016;-0.2237;0.0000;-0.1377 
148.78882639999938;-0.2237;0.0000;-0.1377 
148.83679039999697;0.0000;0.0000;0.1377 
148.88495429999966;-0.4474;0.0000;-0.1377 
148.93281029999707;-0.2237;0.0000;0.0000 
148.99656609999874;0.0000;0.0000;-0.1377 
149.04469249999966;-0.2237;0.0000;0.0000 
149.09278939999786;0.0000;0.0000;-0.2753 
149.14081889999943;0.0000;0.0000;0.0000 
149.18878159999804;-0.2237;0.0000;-0.1377 
149.23694929999692;-0.4474;0.0000;-0.2753 
149.28493379999782;0.0000;0.0000;-0.1377 
149.34853719999956;-0.4474;0.0000;0.0000 
149.39681409999685;-0.2237;0.0000;-0.1377 
149.44477299999926;-0.2237;0.0000;-0.1377 
149.49291359999916;-0.2237;0.0000;0.0000 
149.54092319999836;-0.4474;0.0000;0.0000 
149.6046510999986;0.0000;0.0000;-0.1377 
149.65276599999925;0.0000;0.0000;-0.2753 
149.70070289999785;-0.2237;0.0000;0.0033 
149.7487635999969;-0.2237;0.0000;-0.1377 
149.79730279999785;0.0000;0.0000;-0.1343 
149.86066519999804;-0.2237;0.0000;-0.1377 
149.90875329999835;-0.2237;0.0000;-0.2753 
149.95688589999918;-0.2237;0.0000;-0.1343 
150.0048465999971;-0.4474;0.0000;-0.2753 
150.06857949999903;-0.4474;0.0000;-0.2753 
150.1166306999985;-0.2237;0.0000;0.1377 
150.1647716999978;0.0000;0.0000;-0.1377 
150.21360449999702;0.0000;0.0000;-0.1377 
150.26094379999995;-0.6711;0.0000;0.1410 
150.3087873000004;-0.2237;0.0000;0.0000 
150.35714389999703;-0.2237;0.0000;0.0000 
150.42066469999918;-0.4474;0.0000;-0.2753 
150.46867419999762;-0.2237;0.0000;0.1410 
150.51671849999912;0.4474;0.0000;0.0000 
150.56489669999792;-0.2237;0.0000;0.0000 
150.6128723999973;-0.2237;0.0000;-0.2753 
150.66093239999827;-0.4474;0.0000;-0.2753 
150.71018339999864;-0.4474;0.0000;0.0000 
150.77297609999732;-0.2237;0.0000;-0.1343 
150.82096900000033;-0.2237;0.0000;-0.2753 
150.8689149999991;0.0000;0.0000;-0.2753 
150.9168995;-0.2237;0.0000;0.1410 
150.98057499999777;0.0000;0.0000;-0.2753 
151.02870599999733;-0.2237;0.0000;-0.2753 
151.0768328999984;-0.2237;0.0000;-0.2753 
151.12481039999693;0.0000;0.0000;-0.1343 
151.17334019999907;-0.4474;0.0000;-0.2753 
151.23686969999835;-0.4474;0.0000;-0.1377 
151.2847699999984;-0.4474;0.0000;0.0000 
151.3331756999978;0.0000;0.0000;-0.1377 
151.38082070000019;0.0000;0.0000;-0.1377 
151.42961309999737;0.0000;0.0000;-0.1377 
151.47689639999953;-0.6711;0.0000;-0.1343 
151.54058019999866;-0.4474;0.0000;0.0000 
151.58872580000025;-0.4474;0.0000;0.0000 
151.6366324999981;-0.4474;0.0000;-0.4130 
151.6853822999983;0.0000;0.0000;-0.1377 
151.73290929999712;-0.2237;0.0000;-0.2753 
151.7965611999971;-0.4474;0.0000;0.0000 
151.84460109999782;-0.4474;0.0000;-0.1377 
151.8928691000001;-0.4474;0.0000;-0.1343 
151.9408936999971;-0.4474;0.0000;0.0000 
151.988998599998;-0.6711;0.0000;-0.1377 
152.05273999999918;-0.2237;0.0000;-0.2753 
152.10071529999914;-0.2237;0.0000;-0.1377 
152.1488707999997;-0.4474;0.0000;-0.1377 
152.21317499999714;-0.4474;0.0000;-0.2753 
152.26065799999924;-0.2237;0.0000;0.0000 
152.3088037999987;-0.2237;0.0000;-0.1377 
152.35693199999878;0.0000;0.0000;-0.1377 
152.40490249999857;-0.4474;0.0000;-0.2753 
152.46914249999827;-0.2237;0.0000;-0.1377 
152.5166747000003;-0.2237;0.0000;0.0000 
152.56479649999892;-0.2237;0.0000;-0.2753 
152.61287520000042;-0.4474;0.0000;0.1410 
152.66089049999937;-0.2237;0.0000;0.0033 
152.72511739999754;-0.4474;0.0000;-0.1377 
152.77260409999872;-0.4474;0.0000;0.0000 
152.82088369999838;-0.2237;0.0000;-0.2753 
152.86901179999768;-0.2237;0.0000;-0.1377 
152.91699679999874;-0.4474;0.0000;0.1410 
152.9811888999975;-0.4474;0.0000;-0.1377 
153.02887759999794;-0.4474;0.0000;-0.1343 
153.07685599999968;-0.4474;0.0000;-0.1377 
153.14067189999696;-0.2237;0.0000;-0.4130 
153.1887300999988;0.0000;0.0000;-0.1343 
153.236686799999;-0.6711;0.0000;-0.2753 
153.28476729999966;-0.6711;0.0000;-0.1377 
153.3330922999994;-0.4474;0.0000;0.0000 
153.39653120000003;-0.4474;0.0000;0.0033 
153.4446532999973;-0.4474;0.0000;0.0000 
153.49335900000005;-0.2237;0.0000;0.0000 
153.54091999999946;-0.4474;0.0000;0.0000 
153.58921319999718;0.0000;0.0000;-0.1377 
153.63682340000014;-0.2237;0.0000;0.0000 
153.68493269999817;0.0000;0.0000;-0.1377 
153.7487364999979;-0.2237;0.0000;-0.2753 
153.79673550000007;-0.4474;0.0000;-0.1377 
153.84547689999818;-0.2237;0.0000;-0.1377 
153.89348849999806;-0.4474;0.0000;-0.1377 
153.95667749999848;-0.2237;0.0000;-0.1377 
154.00456119999944;-0.2237;0.0000;-0.1377 
154.05266769999798;-0.4474;0.0000;0.0000 
154.1007716999993;-0.2237;0.0000;0.0000 
154.14901339999778;-0.2237;0.0000;-0.2720 
154.21278249999887;0.0000;0.0000;-0.1377 
154.2606691999972;-0.4474;0.0000;0.0000 
154.30871149999803;0.0000;0.0000;0.0000 
154.35674010000002;0.0000;0.0000;-0.2753 
154.4047208999982;0.0000;0.0000;-0.1377 
154.4529799999982;-0.2237;0.0000;-0.1377 
154.50073809999958;0.0000;0.0000;-0.1377 
154.56470099999933;-0.2237;0.0000;-0.1377 
154.6126981999987;0.0000;0.0000;0.0000 
154.66072599999825;-0.4474;0.0000;-0.1377 
154.7088178999984;-0.2237;0.0000;-0.2753 
154.75694409999778;-0.2237;0.0000;-0.1377 
154.82072759999937;0.0000;0.0000;-0.4130 
154.8687265999979;0.0000;0.0000;0.0000 
154.9169011999984;-0.2237;0.0000;0.0000 
154.96474129999842;-0.2237;0.0000;0.1377 
155.01314759999877;-0.2237;0.0000;0.0000 
155.06085719999828;-0.2237;0.0000;0.0000 
155.108858399999;-0.4474;0.0000;0.0033 
155.17372439999963;-0.2237;0.0000;-0.4130 
155.22063999999955;-0.4474;0.0000;0.1410 
155.26872879999792;-0.2237;0.0000;0.1410 
155.31684509999832;-0.2237;0.0000;0.0033 
155.3648465999977;0.0000;0.0000;0.0000 
155.41286219999893;0.0000;0.0000;-0.1377 
155.46089149999898;0.0000;0.0000;-0.2753 
155.52473689999897;-0.2237;0.0000;-0.2753 
155.57270029999927;0.0000;0.0000;-0.2753 
155.62076940000043;-0.4474;0.0000;-0.1377 
155.66888729999846;-0.2237;0.0000;0.0000 
155.71684399999867;0.0000;0.0000;-0.1377 
155.78053929999805;-0.2237;0.0000;-0.1377 
155.82873409999956;-0.2237;0.0000;-0.2753 
155.87675469999886;-0.2237;0.0000;-0.1343 
155.92487229999824;0.0000;0.0000;-0.1377 
155.97278689999803;0.0000;0.0000;0.1377 
156.03660949999903;-0.2237;0.0000;-0.1343 
156.08475469999757;0.0000;0.0000;-0.1377 
156.1327111999999;-0.2237;0.0000;-0.1377 
156.18093719999888;0.0000;0.0000;0.0000 
156.22914079999828;-0.2237;0.0000;-0.1377 
156.2767963999977;-0.4474;0.0000;0.0033 
156.34088279999924;0.2237;0.0000;-0.2753 
156.3886053999995;0.0000;0.0000;0.0000 
156.43654169999718;-0.4474;0.0000;-0.1377 
156.48492179999812;-0.2237;0.0000;-0.1377 
156.53280019999875;-0.2237;0.0000;-0.2720 
156.58090129999982;0.2237;0.0000;-0.1377 
156.64463359999718;-0.4474;0.0000;-0.1377 
156.69284439999683;-0.2237;0.0000;0.0000 
156.74073139999746;-0.2237;0.0000;-0.1377 
156.7890884999979;-0.2237;0.0000;-0.1377 
156.8530482999995;-0.2237;0.0000;-0.1377 
156.90071469999748;-0.2237;0.0000;-0.1377 
156.94889079999848;0.0000;0.0000;-0.1377 
156.99681339999734;0.0000;0.0000;0.0033 
157.0448445999973;-0.4474;0.0000;0.0000 
157.09275960000014;-0.4474;0.0000;0.0000 
157.15658279999843;-0.2237;0.0000;-0.2753 
157.20464169999832;-0.2237;0.0000;-0.1377 
157.25376379999943;0.0000;0.0000;-0.1377 
157.30074369999784;0.0000;0.0000;0.0033 
157.34869459999754;0.0000;0.0000;0.0000 
157.39700619999712;-0.2237;0.0000;-0.1377 
157.46064990000013;-0.2237;0.0000;-0.1377 
157.50856089999797;-0.2237;0.0000;-0.1377 
157.55688009999722;-0.4474;0.0000;0.0033 
157.6047452999992;-0.2237;0.0000;-0.4130 
157.66854199999943;-0.4474;0.0000;-0.1377 
157.71668619999764;-0.4474;0.0000;0.0033 
157.76487780000025;0.0000;0.0000;-0.1377 
157.8128644999997;0.0000;0.0000;0.0000 
157.86081469999772;-0.2237;0.0000;-0.2753 
157.90901490000033;0.0000;0.0000;0.1377 
157.95698569999877;-0.2237;0.0000;0.1410 
158.02062809999916;-0.2237;0.0000;-0.2753 
158.06860659999802;-0.2237;0.0000;-0.4130 
158.1167523999975;-0.4474;0.0000;0.0000 
158.16469179999694;-0.2237;0.0000;-0.1377 
158.21273779999683;0.0000;0.0000;0.0000 
158.26072349999959;-0.4474;0.0000;-0.1377 
158.32453489999898;0.0000;0.0000;0.0000 
158.37263489999896;0.0000;0.0000;0.0033 
158.42059030000019;0.0000;0.0000;0.0000 
158.46887760000027;-0.2237;0.0000;-0.1377 
158.5167554999971;0.0000;0.0000;-0.1377 
158.564833299999;0.0000;0.0000;-0.1377 
158.61282469999787;-0.2237;0.0000;-0.2753 
158.6608501999981;-0.2237;0.0000;0.0000 
158.72462520000045;-0.2237;0.0000;0.0000 
158.77260789999855;0.0000;0.0000;0.0033 
158.82071759999963;-0.2237;0.0000;0.0000 
158.8686885999996;0.0000;0.0000;-0.1377 
158.9168570999973;-0.2237;0.0000;0.0000 
158.9649019999997;-0.4474;0.0000;-0.1377 
159.0128079999995;-0.2237;0.0000;0.0000 
159.07669779999924;-0.2237;0.0000;0.0000 
159.12468029999945;0.0000;0.0000;0.0000 
159.17277699999977;0.0000;0.0000;-0.1377 
159.22070419999727;0.0000;0.0000;-0.1377 
159.2686526999969;-0.2237;0.0000;0.0000 
159.3168033999973;-0.4474;0.0000;0.0000 
159.36479309999777;-0.4474;0.0000;-0.1377 
159.42866799999683;-0.2237;0.0000;-0.1377 
159.47664839999925;-0.4474;0.0000;0.1410 
159.52479129999847;-0.4474;0.0000;-0.1377 
159.57284099999742;-0.2237;0.0000;0.0000 
159.63645809999798;-0.2237;0.0000;-0.1377 
159.6848973999986;0.0000;0.0000;-0.1377 
159.73268559999997;-0.2237;0.0000;0.0000 
159.78083799999877;0.0000;0.0000;0.0033 
159.8291775999969;-0.2237;0.0000;0.0033 
159.87688290000006;0.0000;0.0000;-0.1377 
159.92483619999985;-0.2237;0.0000;0.0000 
159.9886007999994;-0.2237;0.0000;-0.2753 
160.03676449999693;0.0000;0.0000;-0.1377 
160.08474329999808;-0.2237;0.0000;0.0033 
160.13311059999978;-0.2237;0.0000;-0.1377 
160.1808624999976;-0.2237;0.0000;-0.2753 
160.24476069999946;-0.4474;0.0000;-0.2753 
160.29281469999842;-0.2237;0.0000;-0.1377 
160.34105999999883;0.0000;0.0000;-0.1377 
160.3888569999981;-0.2237;0.0000;0.0033 
160.437080599997;-0.4474;0.0000;0.1410 
160.50080789999993;-0.2237;0.0000;-0.1377 
160.54884169999787;0.0000;0.0000;-0.1377 
160.59666749999815;0.0000;0.0000;-0.1377 
160.6447816999971;-0.4474;0.0000;0.1377 
160.69294869999794;-0.4474;0.0000;-0.2753 
160.7572638999991;-0.2237;0.0000;-0.1377 
160.80486109999765;-0.4474;0.0000;-0.1343 
160.85284519999914;-0.8948;0.0000;-0.1377 
160.90090520000012;-0.2237;0.0000;-0.1377 
160.9646501999996;-0.4474;0.0000;0.0000 
161.0136356999974;0.0000;0.0000;-0.1377 
161.06074090000038;-0.4474;0.0000;0.0000 
161.10881909999807;-0.2237;0.0000;-0.1377 
161.15696039999966;-0.2237;0.0000;0.0000 
161.22057119999954;-0.2237;0.0000;-0.1377 
161.2687991999992;0.0000;0.0000;-0.1377 
161.31681259999823;0.0000;0.0000;-0.1377 
161.3647600999975;-0.2237;0.0000;-0.1377 
161.4128227000001;-0.2237;0.0000;-0.1377 
161.47683759999927;-0.2237;0.0000;-0.1377 
161.524612899997;0.0000;0.0000;0.0000 
161.57277669999894;-0.4474;0.0000;-0.1343 
161.6206619000004;0.2237;0.0000;-0.2753 
161.669120999999;0.0000;0.0000;-0.1377 
161.71679329999824;-0.2237;0.0000;-0.1377 
161.7806819999969;-0.4474;0.0000;-0.1377 
161.82865250000032;-0.4474;0.0000;-0.1377 
161.87691449999693;-0.2237;0.0000;0.0000 
161.92518439999913;-0.6711;0.0000;-0.1343 
161.98857959999805;-0.4474;0.0000;0.2753 
162.0366686999987;-0.4474;0.0000;0.0000 
162.08485389999987;-0.4474;0.0000;-0.1377 
162.13271949999762;-0.4474;0.0000;0.0000 
162.1810422999988;-0.2237;0.0000;0.0033 
162.24453989999893;-0.6711;0.0000;-0.1377 
162.2925656999978;-0.4474;0.0000;-0.1377 
162.34091400000034;0.0000;0.0000;-0.1343 
162.38885359999767;-0.2237;0.0000;-0.2753 
162.43706969999766;-0.2237;0.0000;0.0000 
162.50085119999858;0.0000;0.0000;-0.1377 
162.548644399998;0.0000;0.0000;0.0000 
162.59690439999758;-0.2237;0.0000;-0.4130 
162.6445868999981;-0.2237;0.0000;0.0000 
162.69291189999785;-0.2237;0.0000;-0.4130 
162.74096780000036;-0.4474;0.0000;-0.1377 
162.80478539999967;0.0000;0.0000;-0.1377 
162.85274089999803;-0.4474;0.0000;0.0000 
162.90078079999876;0.0000;0.0000;-0.1377 
162.94889599999806;0.0000;0.0000;-0.1377 
162.99711289999686;0.0000;0.0000;-0.2753 
163.04487159999917;-0.8948;0.0000;-0.1377 
163.10865219999687;0.0000;0.0000;0.0033 
163.15690899999754;-0.4474;0.0000;-0.1377 
163.2047341999969;0.0000;0.0000;-0.1377 
163.25294829999984;-0.2237;0.0000;0.0000 
163.3005955999979;0.0000;0.0000;-0.1377 
163.34899869999936;-0.2237;0.0000;-0.2753 
163.41263299999991;-0.2237;0.0000;-0.2753 
163.46066479999718;-0.2237;0.0000;0.0000 
163.50874589999876;-0.2237;0.0000;0.0000 
163.5567224999977;-0.2237;0.0000;0.0000 
163.60632350000014;-0.4474;0.0000;-0.2753 
163.6544092999975;-0.2237;0.0000;-0.2753 
163.71662339999966;-0.2237;0.0000;-0.1377 
163.76464399999895;0.0000;0.0000;0.0033 
163.81296739999743;-0.6711;0.0000;-0.1377 
163.86067469999762;-0.2237;0.0000;-0.1377 
163.92484960000002;-0.2237;0.0000;-0.2753 
163.97432459999982;-0.2237;0.0000;-0.1377 
164.020679199999;0.0000;0.0000;-0.1377 
164.0687689999977;0.0000;0.0000;-0.1377 
164.11685450000004;0.0000;0.0000;-0.1377 
164.16468339999847;-0.2237;0.0000;0.0000 
164.21264249999876;0.2237;0.0000;0.0000 
164.2769404999999;-0.2237;0.0000;-0.1377 
164.32472389999748;-0.2237;0.0000;-0.1377 
164.37273529999948;-0.4474;0.0000;-0.2753 
164.42167109999718;-0.2237;0.0000;-0.1377 
164.4847665999987;-0.4474;0.0000;-0.1377 
164.53270599999814;-0.2237;0.0000;0.1410 
164.58181630000036;0.0000;0.0000;-0.1377 
164.62867969999934;0.0000;0.0000;0.0000 
164.67678339999838;-0.2237;0.0000;0.0000 
164.72479539999767;-0.2237;0.0000;-0.1377 
164.7886252999997;-0.2237;0.0000;-0.1377 
164.8366735999989;-0.2237;0.0000;-0.1377 
164.88467759999912;-0.4474;0.0000;0.0033 
164.9328097999969;-0.2237;0.0000;-0.1377 
164.98100909999994;-0.2237;0.0000;0.0000 
165.0445265999988;0.0000;0.0000;-0.1377 
165.09261340000012;0.0000;0.0000;-0.2753 
165.14136309999958;0.0000;0.0000;-0.1377 
165.1886072999987;-0.2237;0.0000;-0.1377 
165.23698129999684;-0.4474;0.0000;0.0000 
165.28467439999804;-0.2237;0.0000;0.0000 
165.34864519999974;-0.4474;0.0000;-0.4097 
165.3969950999999;-0.6711;0.0000;-0.2753 
165.44486609999876;-0.4474;0.0000;0.0033 
165.49309359999825;-0.4474;0.0000;-0.2753 
165.55661229999896;-0.2237;0.0000;-0.1377 
165.60458669999935;-0.2237;0.0000;-0.1377 
165.65282309999748;-0.4474;0.0000;-0.1377 
165.70085909999761;-0.2237;0.0000;-0.2753 
165.76468679999743;-0.4474;0.0000;-0.2753 
165.81292659999963;-0.4474;0.0000;0.0000 
165.86078590000034;0.0000;0.0000;-0.1377 
165.90932419999808;-0.2237;0.0000;-0.4130 
165.9569166000001;-0.4474;0.0000;0.0033 
166.0206733999985;-0.2237;0.0000;-0.1377 
166.06864289999794;0.0000;0.0000;-0.1377 
166.1169372000004;0.6711;0.0000;0.0000 
166.16510809999818;-0.2237;0.0000;0.1410 
166.2131421999984;0.0000;0.0000;-0.2753 
166.26077779999832;-0.2237;0.0000;0.0000 
166.30861549999827;-0.2237;0.0000;0.0033 
166.37258259999726;-0.2237;0.0000;-0.1377 
166.42061759999706;-0.4474;0.0000;0.0033 
166.46942649999983;-0.2237;0.0000;0.0000 
166.51757129999896;-0.2237;0.0000;-0.1377 
166.5654923000002;-0.4474;0.0000;0.1377 
166.62854519999746;-0.2237;0.0000;-0.1377 
166.6765579999992;0.0000;0.0000;0.0000 
166.72479109999767;0.0000;0.0000;-0.1377 
166.77311819999886;-0.8948;0.0000;-0.2753 
166.82084389999727;-0.4474;0.0000;0.0033 
166.86892109999826;-0.2237;0.0000;0.0000 
166.9326693999974;-0.4474;0.0000;0.0000 
166.9806936999994;-0.4474;0.0000;-0.1377 
167.02899799999796;-0.2237;0.0000;-0.4130 
167.07711409999683;-0.2237;0.0000;-0.1377 
167.12481879999905;-0.4474;0.0000;0.1377 
167.18872310000006;0.0000;0.0000;-0.2753 
167.23665729999993;0.0000;0.0000;0.4130 
167.28538069999922;-0.2237;0.0000;0.0000 
167.33269199999995;0.0000;0.0000;-0.2720 
167.38086239999757;-0.4474;0.0000;-0.1377 
167.42916519999926;-0.2237;0.0000;0.0000 
167.49265419999938;0.0000;0.0000;-0.1377 
167.54108540000016;-0.2237;0.0000;-0.2753 
167.5888132;-0.2237;0.0000;-0.1377 
167.63674299999911;-0.4474;0.0000;-0.1377 
167.70053949999783;-0.2237;0.0000;-0.2753 
167.74861039999814;0.0000;0.0000;-0.2753 
167.79668599999786;-0.2237;0.0000;-0.1377 
167.84487739999895;0.0000;0.0000;-0.1377 
167.89282339999772;0.0000;0.0000;-0.2753 
167.94076859999768;-0.2237;0.0000;0.1410 
168.0045527000002;-0.2237;0.0000;0.0000 
168.05275059999985;-0.4474;0.0000;-0.1343 
168.10074939999686;-0.2237;0.0000;0.0000 
168.1487399999969;0.0000;0.0000;0.0000 
168.19677669999874;0.0000;0.0000;0.0000 
168.2447351999981;-0.2237;0.0000;0.2786 
168.29325379999864;-0.2237;0.0000;-0.1377 
168.35653289999755;-0.4474;0.0000;-0.1377 
168.40466860000015;-0.2237;0.0000;-0.1377 
168.4530053999988;0.0000;0.0000;-0.2753 
168.50090659999842;0.0000;0.0000;-0.2753 
168.54911659999925;-0.2237;0.0000;0.1377 
168.59688299999834;-0.4474;0.0000;0.0000 
168.6609514999982;-0.2237;0.0000;-0.2753 
168.70887319999747;-0.2237;0.0000;-0.1377 
168.75666329999876;0.0000;0.0000;0.0000 
168.804795;0.0000;0.0000;0.1377 
168.8528628999993;-0.4474;0.0000;0.0000 
168.9008888999997;-0.2237;0.0000;-0.1377 
168.96458169999823;-0.4474;0.0000;0.0000 
169.0126375999971;-0.4474;0.0000;-0.1377 
169.06076179999945;0.0000;0.0000;0.0033 
169.108962899998;-0.2237;0.0000;-0.1377 
169.15677959999812;-0.2237;0.0000;-0.2753 
169.22056129999692;0.0000;0.0000;0.0000 
169.2687647999992;-0.2237;0.0000;-0.2753 
169.31671399999686;-0.2237;0.0000;-0.1377 
169.3648269999976;-0.2237;0.0000;-0.1377 
169.41280059999917;0.0000;0.0000;0.0000 
169.4610350999974;0.0000;0.0000;-0.2753 
169.50860040000043;0.0000;0.0000;0.1410 
169.57249299999967;-0.4474;0.0000;0.1410 
169.62066449999838;-0.2237;0.0000;-0.1343 
169.6687318000004;0.0000;0.0000;0.0033 
169.71673449999798;0.2237;0.0000;0.1377 
169.7646683999992;0.0000;0.0000;0.1377 
169.81277439999758;-0.2237;0.0000;0.1410 
169.86078160000034;-0.2237;0.0000;0.0033 
169.92452179999964;-0.2237;0.0000;-0.1377 
169.9725354000002;-0.6711;0.0000;0.1410 
170.02073839999866;0.0000;0.0000;-0.1377 
170.06868309999845;-0.2237;0.0000;0.0000 
170.11682709999877;-0.2237;0.0000;-0.4130 
170.16484969999874;0.0000;0.0000;-0.1343 
170.2285824999999;-0.2237;0.0000;-0.1377 
170.27673700000014;-0.4474;0.0000;-0.2753 
170.32490959999996;-0.4474;0.0000;-0.1377 
170.3730230000001;-0.4474;0.0000;-0.1377 
170.43646239999725;0.0000;0.0000;0.0000 
170.4852307000001;0.0000;0.0000;-0.2753 
170.53269229999933;-0.2237;0.0000;0.0000 
170.5807464999998;0.0000;0.0000;0.0000 
170.6287212999996;-0.4474;0.0000;-0.1377 
170.67787639999733;0.0000;0.0000;0.1410 
170.72469629999978;-0.2237;0.0000;0.0000 
170.77308269999776;-0.2237;0.0000;0.2786 
170.82082829999854;0.0000;0.0000;0.0000 
170.88451639999766;0.0000;0.0000;-0.1377 
170.93320200000016;-0.2237;0.0000;0.1410 
170.9806271999987;-0.2237;0.0000;-0.1377 
171.0287028999992;0.0000;0.0000;0.1377 
171.07674599999882;-0.2237;0.0000;0.0033 
171.12488549999762;-0.4474;0.0000;-0.1377 
171.18856400000004;-0.6711;0.0000;-0.1377 
171.23664970000027;0.2237;0.0000;0.0000 
171.2847656999984;-0.2237;0.0000;-0.1377 
171.33304419999695;-0.4474;0.0000;0.0033 
171.38085560000036;0.0000;0.0000;-0.2753 
171.44451899999694;-0.4474;0.0000;-0.2753 
171.49264299999777;0.0000;0.0000;-0.1377 
171.540668499998;-0.4474;0.0000;0.0000 
171.58882249999806;-0.4474;0.0000;0.1377 
171.63694939999914;-0.4474;0.0000;-0.1377 
171.6848248999995;-0.2237;0.0000;-0.1377 
171.7486891999979;-0.2237;0.0000;-0.1377 
171.797108499999;-0.2237;0.0000;0.0000 
171.84480699999767;-0.2237;0.0000;-0.1343 
171.89301319999868;-0.4474;0.0000;-0.2753 
171.9565913999977;-0.4474;0.0000;-0.1377 
172.00476079999862;-0.4474;0.0000;-0.1377 
172.05289079999784;0.0000;0.0000;-0.1377 
172.1007800999978;0.0000;0.0000;-0.2753 
172.1488661000003;-0.2237;0.0000;-0.1377 
172.21260059999986;-0.2237;0.0000;-0.2753 
172.26085799999782;-0.2237;0.0000;0.0000 
172.30881500000032;-0.2237;0.0000;-0.1377 
172.35690160000013;0.0000;0.0000;-0.2753 
172.40479140000025;0.0000;0.0000;-0.1343 
172.45299919999889;-0.2237;0.0000;0.0000 
172.51663299999927;-0.2237;0.0000;-0.2753 
172.5658438999999;-0.2237;0.0000;-0.2720 
172.61286420000033;-0.2237;0.0000;-0.1377 
172.67651679999835;-0.2237;0.0000;-0.1377 
172.72461180000028;-0.2237;0.0000;-0.2753 
172.77273069999865;-0.2237;0.0000;-0.1377 
172.82080889999997;-0.2237;0.0000;-0.2753 
172.86894459999894;0.0000;0.0000;0.1377 
172.9170901999969;0.0000;0.0000;0.0000 
172.98065700000006;-0.4474;0.0000;-0.2753 
173.02862359999926;0.0000;0.0000;0.0000 
173.07725949999804;-0.4474;0.0000;0.0000 
173.12471449999794;-0.2237;0.0000;-0.2753 
173.17283649999808;-0.2237;0.0000;-0.2753 
173.221096199999;-0.4474;0.0000;0.1410 
173.2846333999987;-0.4474;0.0000;-0.1377 
173.3326335999991;-0.2237;0.0000;-0.1377 
173.38072909999755;-0.2237;0.0000;0.0000 
173.42872859999989;0.2237;0.0000;-0.1377 
173.47781810000015;-0.2237;0.0000;0.2786 
173.5405013999989;0.0000;0.0000;-0.2753 
173.58873949999906;0.0000;0.0000;-0.1377 
173.636678699997;-0.4474;0.0000;-0.4130 
173.6847463999984;0.0000;0.0000;-0.1377 
173.73271209999803;-0.2237;0.0000;0.1410 
173.78081179999936;-0.4474;0.0000;-0.2753 
173.82978039999944;0.0000;0.0000;0.0000 
173.8768514000003;-0.2237;0.0000;0.0000 
173.94070129999818;0.0000;0.0000;-0.1377 
173.98869019999984;-0.6711;0.0000;0.0033 
174.03672229999938;0.0000;0.0000;-0.1377 
174.08543250000002;-0.2237;0.0000;-0.2753 
174.13290659999984;-0.2237;0.0000;0.1377 
174.19655029999922;-0.2237;0.0000;0.0000 
174.2445708999985;-0.2237;0.0000;0.0033 
174.29263539999738;-0.4474;0.0000;0.0000 
174.34144039999956;-0.4474;0.0000;-0.1343 
174.38877709999724;-0.4474;0.0000;0.0033 
174.452582599999;-0.4474;0.0000;-0.2753 
174.50077999999849;-0.2237;0.0000;-0.1377 
174.54880459999913;-0.4474;0.0000;-0.1377 
174.59668599999713;-0.4474;0.0000;0.0000 
174.6448010999993;-0.4474;0.0000;0.1377 
174.70906800000012;0.0000;0.0000;-0.2753 
174.75664649999817;-0.2237;0.0000;-0.2753 
174.80471869999747;-0.6711;0.0000;0.0000 
174.85301719999916;0.0000;0.0000;-0.2753 
174.90106229999947;-0.2237;0.0000;-0.2753 
174.9488292999995;-0.2237;0.0000;0.1410 
175.01261069999964;-0.2237;0.0000;-0.1377 
175.06088949999685;-0.2237;0.0000;-0.2753 
175.10879600000044;-0.4474;0.0000;0.0033 
175.1566574999997;-0.2237;0.0000;0.1377 
175.20484469999792;0.0000;0.0000;0.0000 
175.26861819999976;-0.2237;0.0000;-0.2720 
175.31673279999814;-0.2237;0.0000;-0.1377 
175.36469419999776;-0.6711;0.0000;-0.2753 
175.41283829999884;0.0000;0.0000;-0.2753 
175.47642839999753;-0.4474;0.0000;0.0033 
175.52457819999836;-0.4474;0.0000;-0.1377 
175.57258379999985;0.0000;0.0000;-0.1343 
175.62077469999713;-0.2237;0.0000;-0.2753 
175.66891570000007;-0.2237;0.0000;0.1410 
175.71684409999943;0.0000;0.0000;0.0000 
175.78051520000008;-0.2237;0.0000;-0.1377 
175.82861279999997;0.0000;0.0000;-0.2753 
175.87687579999692;-0.4474;0.0000;-0.2753 
175.92488219999723;-0.2237;0.0000;-0.1377 
175.98858589999872;-0.2237;0.0000;-0.1377 
176.03667479999785;0.0000;0.0000;-0.1377 
176.08561819999886;-0.4474;0.0000;-0.1377 
176.13313859999835;-0.2237;0.0000;-0.1377 
176.18106559999796;-0.4474;0.0000;0.0000 
176.24444310000035;0.0000;0.0000;-0.1377 
176.2926770999984;-0.2237;0.0000;-0.1377 
176.34096259999933;-0.4474;0.0000;0.0000 
176.38863149999816;-0.2237;0.0000;0.2753 
176.43719489999785;-0.4474;0.0000;-0.1377 
176.48518609999883;0.0000;0.0000;-0.1377 
176.5334570999985;-0.2237;0.0000;0.1410 
176.59725669999898;-0.4474;0.0000;0.0000 
176.64447749999817;0.0000;0.0000;0.0000 
176.692657399999;-0.4474;0.0000;-0.2753 
176.74073299999873;0.0000;0.0000;-0.1377 
176.78865880000012;0.0000;0.0000;-0.1377 
176.83712989999913;0.2237;0.0000;0.0000 
176.88534549999895;0.6711;0.0000;-0.2753 
176.9485199999981;-0.2237;0.0000;-0.1377 
176.99658929999714;0.2237;0.0000;-0.1377 
177.04486890000044;-0.4474;0.0000;0.0033 
177.0928813999999;0.0000;0.0000;-0.1377 
177.14072769999984;-0.4474;0.0000;-0.2753 
177.20457749999696;-0.2237;0.0000;-0.2753 
177.25271869999779;-0.2237;0.0000;0.0000 
177.30066779999834;-0.2237;0.0000;-0.2753 
177.34878649999882;-0.2237;0.0000;0.0033 
177.39663289999953;-0.2237;0.0000;0.0000 
177.46065769999768;-0.2237;0.0000;-0.1377 
177.50886659999742;-0.2237;0.0000;-0.2753 
177.5566558999999;-0.2237;0.0000;-0.2753 
177.60581289999755;-0.2237;0.0000;0.1410 
177.66318639999736;-0.2237;0.0000;-0.1377 
177.71666819999882;0.0000;0.0000;-0.2753 
177.76467339999726;-0.2237;0.0000;0.0000 
177.81271930000003;-0.4474;0.0000;-0.1377 
177.86118799999895;-0.2237;0.0000;-0.2753 
177.90909289999763;-0.4474;0.0000;0.0000 
177.97256519999792;-0.4474;0.0000;0.1410 
178.0213365999989;0.0000;0.0000;-0.2753 
178.0684799999981;-0.2237;0.0000;0.0000 
178.11660819999815;-0.2237;0.0000;-0.1343 
178.16481949999798;-0.6711;0.0000;-0.1377 
178.2290667999987;0.0000;0.0000;-0.1343 
178.277190599998;-0.2237;0.0000;-0.2753 
178.32489050000004;-0.4474;0.0000;-0.1377 
178.37281439999788;-0.4474;0.0000;-0.1377 
178.42085260000022;0.0000;0.0000;0.0033 
178.48447309999756;-0.4474;0.0000;-0.1377 
178.53262139999788;-0.2237;0.0000;0.0000 
178.58070769999904;-0.2237;0.0000;-0.1377 
178.720463499998;-0.2237;0.0000;0.0000 
178.72436789999847;0.0000;0.0000;-0.1377 
178.7440678999992;0.0000;0.0000;-0.1377 
